Year, NodeId, Gender, IsCircumcised, HasHIV, On_Art_Dim, Age, Population, Infected, Newly Infected, On_ART, Died, Died_from_HIV, Tested Past Year or On_ART, Tested Ever, Diagnosed, Newly Tested Positive, Newly Tested Negative,Transmitters, HasIntervention(Traditional_MC),Program_VMMC,Non_Program_MMC
1980.5,1,0,0,0,0,0,3151,0,0,0,44,0,0,0,0,0,0,0,0,0,0
1980.5,1,0,0,0,0,5,2804,0,0,0,1,0,0,0,0,0,0,0,0,0,1
1980.5,1,0,0,0,0,10,2614,0,0,0,1,0,0,0,0,0,0,0,0,0,0
1980.5,1,0,0,0,0,15,2198,0,0,0,3,0,0,0,0,0,0,0,0,0,3
1980.5,1,0,0,0,0,20,963,0,0,0,3,0,0,0,0,0,0,0,0,0,0
1980.5,1,0,0,0,0,25,870,0,0,0,0,0,0,0,0,0,0,0,0,0,0
1980.5,1,0,0,0,0,30,818,0,0,0,2,0,0,0,0,0,0,0,0,0,0
1980.5,1,0,0,0,0,35,782,0,0,0,5,0,0,0,0,0,0,0,0,0,0
1980.5,1,0,0,0,0,40,772,0,0,0,6,0,0,0,0,0,0,0,0,0,0
1980.5,1,0,0,0,0,45,624,0,0,0,6,0,0,0,0,0,0,0,0,0,0
1980.5,1,0,0,0,0,50,437,0,0,0,7,0,0,0,0,0,0,0,0,0,0
1980.5,1,0,0,0,0,55,272,0,0,0,6,0,0,0,0,0,0,0,0,0,0
1980.5,1,0,0,0,0,60,433,0,0,0,27,0,0,0,0,0,0,0,0,0,0
1980.5,1,0,0,0,0,100,0,0,0,0,1,0,0,0,0,0,0,0,0,0,0
1980.5,1,0,0,0,1,0,0,0,0,0,0,0,0,0,0,0,0,0,0,0,0
1980.5,1,0,0,0,1,5,0,0,0,0,0,0,0,0,0,0,0,0,0,0,0
1980.5,1,0,0,0,1,10,0,0,0,0,0,0,0,0,0,0,0,0,0,0,0
1980.5,1,0,0,0,1,15,0,0,0,0,0,0,0,0,0,0,0,0,0,0,0
1980.5,1,0,0,0,1,20,0,0,0,0,0,0,0,0,0,0,0,0,0,0,0
1980.5,1,0,0,0,1,25,0,0,0,0,0,0,0,0,0,0,0,0,0,0,0
1980.5,1,0,0,0,1,30,0,0,0,0,0,0,0,0,0,0,0,0,0,0,0
1980.5,1,0,0,0,1,35,0,0,0,0,0,0,0,0,0,0,0,0,0,0,0
1980.5,1,0,0,0,1,40,0,0,0,0,0,0,0,0,0,0,0,0,0,0,0
1980.5,1,0,0,0,1,45,0,0,0,0,0,0,0,0,0,0,0,0,0,0,0
1980.5,1,0,0,0,1,50,0,0,0,0,0,0,0,0,0,0,0,0,0,0,0
1980.5,1,0,0,0,1,55,0,0,0,0,0,0,0,0,0,0,0,0,0,0,0
1980.5,1,0,0,0,1,60,0,0,0,0,0,0,0,0,0,0,0,0,0,0,0
1980.5,1,0,0,0,1,100,0,0,0,0,0,0,0,0,0,0,0,0,0,0,0
1980.5,1,0,0,1,0,0,0,0,0,0,0,0,0,0,0,0,0,0,0,0,0
1980.5,1,0,0,1,0,5,0,0,0,0,0,0,0,0,0,0,0,0,0,0,0
1980.5,1,0,0,1,0,10,0,0,0,0,0,0,0,0,0,0,0,0,0,0,0
1980.5,1,0,0,1,0,15,0,0,0,0,0,0,0,0,0,0,0,0,0,0,0
1980.5,1,0,0,1,0,20,0,0,0,0,0,0,0,0,0,0,0,0,0,0,0
1980.5,1,0,0,1,0,25,0,0,0,0,0,0,0,0,0,0,0,0,0,0,0
1980.5,1,0,0,1,0,30,0,0,0,0,0,0,0,0,0,0,0,0,0,0,0
1980.5,1,0,0,1,0,35,0,0,0,0,0,0,0,0,0,0,0,0,0,0,0
1980.5,1,0,0,1,0,40,0,0,0,0,0,0,0,0,0,0,0,0,0,0,0
1980.5,1,0,0,1,0,45,0,0,0,0,0,0,0,0,0,0,0,0,0,0,0
1980.5,1,0,0,1,0,50,0,0,0,0,0,0,0,0,0,0,0,0,0,0,0
1980.5,1,0,0,1,0,55,0,0,0,0,0,0,0,0,0,0,0,0,0,0,0
1980.5,1,0,0,1,0,60,0,0,0,0,0,0,0,0,0,0,0,0,0,0,0
1980.5,1,0,0,1,0,100,0,0,0,0,0,0,0,0,0,0,0,0,0,0,0
1980.5,1,0,0,1,1,0,0,0,0,0,0,0,0,0,0,0,0,0,0,0,0
1980.5,1,0,0,1,1,5,0,0,0,0,0,0,0,0,0,0,0,0,0,0,0
1980.5,1,0,0,1,1,10,0,0,0,0,0,0,0,0,0,0,0,0,0,0,0
1980.5,1,0,0,1,1,15,0,0,0,0,0,0,0,0,0,0,0,0,0,0,0
1980.5,1,0,0,1,1,20,0,0,0,0,0,0,0,0,0,0,0,0,0,0,0
1980.5,1,0,0,1,1,25,0,0,0,0,0,0,0,0,0,0,0,0,0,0,0
1980.5,1,0,0,1,1,30,0,0,0,0,0,0,0,0,0,0,0,0,0,0,0
1980.5,1,0,0,1,1,35,0,0,0,0,0,0,0,0,0,0,0,0,0,0,0
1980.5,1,0,0,1,1,40,0,0,0,0,0,0,0,0,0,0,0,0,0,0,0
1980.5,1,0,0,1,1,45,0,0,0,0,0,0,0,0,0,0,0,0,0,0,0
1980.5,1,0,0,1,1,50,0,0,0,0,0,0,0,0,0,0,0,0,0,0,0
1980.5,1,0,0,1,1,55,0,0,0,0,0,0,0,0,0,0,0,0,0,0,0
1980.5,1,0,0,1,1,60,0,0,0,0,0,0,0,0,0,0,0,0,0,0,0
1980.5,1,0,0,1,1,100,0,0,0,0,0,0,0,0,0,0,0,0,0,0,0
1980.5,1,0,1,0,0,0,0,0,0,0,0,0,0,0,0,0,0,0,0,0,0
1980.5,1,0,1,0,0,5,1,0,0,0,0,0,0,0,0,0,0,0,0,0,0
1980.5,1,0,1,0,0,10,8,0,0,0,0,0,0,0,0,0,0,0,0,0,0
1980.5,1,0,1,0,0,15,43,0,0,0,0,0,0,0,0,0,0,0,0,0,0
1980.5,1,0,1,0,0,20,89,0,0,0,0,0,0,0,0,0,0,0,0,0,0
1980.5,1,0,1,0,0,25,67,0,0,0,0,0,0,0,0,0,0,0,0,0,0
1980.5,1,0,1,0,0,30,68,0,0,0,0,0,0,0,0,0,0,0,0,0,0
1980.5,1,0,1,0,0,35,74,0,0,0,0,0,0,0,0,0,0,0,0,0,0
1980.5,1,0,1,0,0,40,75,0,0,0,0,0,0,0,0,0,0,0,0,0,0
1980.5,1,0,1,0,0,45,60,0,0,0,0,0,0,0,0,0,0,0,0,0,0
1980.5,1,0,1,0,0,50,42,0,0,0,0,0,0,0,0,0,0,0,0,0,0
1980.5,1,0,1,0,0,55,14,0,0,0,0,0,0,0,0,0,0,0,0,0,0
1980.5,1,0,1,0,0,60,36,0,0,0,3,0,0,0,0,0,0,0,0,0,0
1980.5,1,0,1,0,0,100,0,0,0,0,0,0,0,0,0,0,0,0,0,0,0
1980.5,1,0,1,0,1,0,0,0,0,0,0,0,0,0,0,0,0,0,0,0,0
1980.5,1,0,1,0,1,5,0,0,0,0,0,0,0,0,0,0,0,0,0,0,0
1980.5,1,0,1,0,1,10,0,0,0,0,0,0,0,0,0,0,0,0,0,0,0
1980.5,1,0,1,0,1,15,0,0,0,0,0,0,0,0,0,0,0,0,0,0,0
1980.5,1,0,1,0,1,20,0,0,0,0,0,0,0,0,0,0,0,0,0,0,0
1980.5,1,0,1,0,1,25,0,0,0,0,0,0,0,0,0,0,0,0,0,0,0
1980.5,1,0,1,0,1,30,0,0,0,0,0,0,0,0,0,0,0,0,0,0,0
1980.5,1,0,1,0,1,35,0,0,0,0,0,0,0,0,0,0,0,0,0,0,0
1980.5,1,0,1,0,1,40,0,0,0,0,0,0,0,0,0,0,0,0,0,0,0
1980.5,1,0,1,0,1,45,0,0,0,0,0,0,0,0,0,0,0,0,0,0,0
1980.5,1,0,1,0,1,50,0,0,0,0,0,0,0,0,0,0,0,0,0,0,0
1980.5,1,0,1,0,1,55,0,0,0,0,0,0,0,0,0,0,0,0,0,0,0
1980.5,1,0,1,0,1,60,0,0,0,0,0,0,0,0,0,0,0,0,0,0,0
1980.5,1,0,1,0,1,100,0,0,0,0,0,0,0,0,0,0,0,0,0,0,0
1980.5,1,0,1,1,0,0,0,0,0,0,0,0,0,0,0,0,0,0,0,0,0
1980.5,1,0,1,1,0,5,0,0,0,0,0,0,0,0,0,0,0,0,0,0,0
1980.5,1,0,1,1,0,10,0,0,0,0,0,0,0,0,0,0,0,0,0,0,0
1980.5,1,0,1,1,0,15,0,0,0,0,0,0,0,0,0,0,0,0,0,0,0
1980.5,1,0,1,1,0,20,0,0,0,0,0,0,0,0,0,0,0,0,0,0,0
1980.5,1,0,1,1,0,25,0,0,0,0,0,0,0,0,0,0,0,0,0,0,0
1980.5,1,0,1,1,0,30,0,0,0,0,0,0,0,0,0,0,0,0,0,0,0
1980.5,1,0,1,1,0,35,0,0,0,0,0,0,0,0,0,0,0,0,0,0,0
1980.5,1,0,1,1,0,40,0,0,0,0,0,0,0,0,0,0,0,0,0,0,0
1980.5,1,0,1,1,0,45,0,0,0,0,0,0,0,0,0,0,0,0,0,0,0
1980.5,1,0,1,1,0,50,0,0,0,0,0,0,0,0,0,0,0,0,0,0,0
1980.5,1,0,1,1,0,55,0,0,0,0,0,0,0,0,0,0,0,0,0,0,0
1980.5,1,0,1,1,0,60,0,0,0,0,0,0,0,0,0,0,0,0,0,0,0
1980.5,1,0,1,1,0,100,0,0,0,0,0,0,0,0,0,0,0,0,0,0,0
1980.5,1,0,1,1,1,0,0,0,0,0,0,0,0,0,0,0,0,0,0,0,0
1980.5,1,0,1,1,1,5,0,0,0,0,0,0,0,0,0,0,0,0,0,0,0
1980.5,1,0,1,1,1,10,0,0,0,0,0,0,0,0,0,0,0,0,0,0,0
1980.5,1,0,1,1,1,15,0,0,0,0,0,0,0,0,0,0,0,0,0,0,0
1980.5,1,0,1,1,1,20,0,0,0,0,0,0,0,0,0,0,0,0,0,0,0
1980.5,1,0,1,1,1,25,0,0,0,0,0,0,0,0,0,0,0,0,0,0,0
1980.5,1,0,1,1,1,30,0,0,0,0,0,0,0,0,0,0,0,0,0,0,0
1980.5,1,0,1,1,1,35,0,0,0,0,0,0,0,0,0,0,0,0,0,0,0
1980.5,1,0,1,1,1,40,0,0,0,0,0,0,0,0,0,0,0,0,0,0,0
1980.5,1,0,1,1,1,45,0,0,0,0,0,0,0,0,0,0,0,0,0,0,0
1980.5,1,0,1,1,1,50,0,0,0,0,0,0,0,0,0,0,0,0,0,0,0
1980.5,1,0,1,1,1,55,0,0,0,0,0,0,0,0,0,0,0,0,0,0,0
1980.5,1,0,1,1,1,60,0,0,0,0,0,0,0,0,0,0,0,0,0,0,0
1980.5,1,0,1,1,1,100,0,0,0,0,0,0,0,0,0,0,0,0,0,0,0
1980.5,1,1,0,0,0,0,3224,0,0,0,35,0,0,0,0,0,0,0,0,0,0
1980.5,1,1,0,0,0,5,2814,0,0,0,4,0,0,0,0,0,0,0,0,0,0
1980.5,1,1,0,0,0,10,2738,0,0,0,0,0,0,0,0,0,0,0,0,0,0
1980.5,1,1,0,0,0,15,2298,0,0,0,4,0,0,0,0,0,0,0,0,0,0
1980.5,1,1,0,0,0,20,1017,0,0,0,4,0,0,0,0,0,0,0,0,0,0
1980.5,1,1,0,0,0,25,977,0,0,0,1,0,0,0,0,0,0,0,0,0,0
1980.5,1,1,0,0,0,30,936,0,0,0,1,0,0,0,0,0,0,0,0,0,0
1980.5,1,1,0,0,0,35,941,0,0,0,5,0,0,0,0,0,0,0,0,0,0
1980.5,1,1,0,0,0,40,941,0,0,0,3,0,0,0,0,0,0,0,0,0,0
1980.5,1,1,0,0,0,45,768,0,0,0,6,0,0,0,0,0,0,0,0,0,0
1980.5,1,1,0,0,0,50,568,0,0,0,11,0,0,0,0,0,0,0,0,0,0
1980.5,1,1,0,0,0,55,333,0,0,0,4,0,0,0,0,0,0,0,0,0,0
1980.5,1,1,0,0,0,60,745,0,0,0,20,0,0,0,0,0,0,0,0,0,0
1980.5,1,1,0,0,0,100,1,0,0,0,0,0,0,0,0,0,0,0,0,0,0
1980.5,1,1,0,0,1,0,0,0,0,0,0,0,0,0,0,0,0,0,0,0,0
1980.5,1,1,0,0,1,5,0,0,0,0,0,0,0,0,0,0,0,0,0,0,0
1980.5,1,1,0,0,1,10,0,0,0,0,0,0,0,0,0,0,0,0,0,0,0
1980.5,1,1,0,0,1,15,0,0,0,0,0,0,0,0,0,0,0,0,0,0,0
1980.5,1,1,0,0,1,20,0,0,0,0,0,0,0,0,0,0,0,0,0,0,0
1980.5,1,1,0,0,1,25,0,0,0,0,0,0,0,0,0,0,0,0,0,0,0
1980.5,1,1,0,0,1,30,0,0,0,0,0,0,0,0,0,0,0,0,0,0,0
1980.5,1,1,0,0,1,35,0,0,0,0,0,0,0,0,0,0,0,0,0,0,0
1980.5,1,1,0,0,1,40,0,0,0,0,0,0,0,0,0,0,0,0,0,0,0
1980.5,1,1,0,0,1,45,0,0,0,0,0,0,0,0,0,0,0,0,0,0,0
1980.5,1,1,0,0,1,50,0,0,0,0,0,0,0,0,0,0,0,0,0,0,0
1980.5,1,1,0,0,1,55,0,0,0,0,0,0,0,0,0,0,0,0,0,0,0
1980.5,1,1,0,0,1,60,0,0,0,0,0,0,0,0,0,0,0,0,0,0,0
1980.5,1,1,0,0,1,100,0,0,0,0,0,0,0,0,0,0,0,0,0,0,0
1980.5,1,1,0,1,0,0,0,0,0,0,0,0,0,0,0,0,0,0,0,0,0
1980.5,1,1,0,1,0,5,0,0,0,0,0,0,0,0,0,0,0,0,0,0,0
1980.5,1,1,0,1,0,10,0,0,0,0,0,0,0,0,0,0,0,0,0,0,0
1980.5,1,1,0,1,0,15,0,0,0,0,0,0,0,0,0,0,0,0,0,0,0
1980.5,1,1,0,1,0,20,0,0,0,0,0,0,0,0,0,0,0,0,0,0,0
1980.5,1,1,0,1,0,25,0,0,0,0,0,0,0,0,0,0,0,0,0,0,0
1980.5,1,1,0,1,0,30,0,0,0,0,0,0,0,0,0,0,0,0,0,0,0
1980.5,1,1,0,1,0,35,0,0,0,0,0,0,0,0,0,0,0,0,0,0,0
1980.5,1,1,0,1,0,40,0,0,0,0,0,0,0,0,0,0,0,0,0,0,0
1980.5,1,1,0,1,0,45,0,0,0,0,0,0,0,0,0,0,0,0,0,0,0
1980.5,1,1,0,1,0,50,0,0,0,0,0,0,0,0,0,0,0,0,0,0,0
1980.5,1,1,0,1,0,55,0,0,0,0,0,0,0,0,0,0,0,0,0,0,0
1980.5,1,1,0,1,0,60,0,0,0,0,0,0,0,0,0,0,0,0,0,0,0
1980.5,1,1,0,1,0,100,0,0,0,0,0,0,0,0,0,0,0,0,0,0,0
1980.5,1,1,0,1,1,0,0,0,0,0,0,0,0,0,0,0,0,0,0,0,0
1980.5,1,1,0,1,1,5,0,0,0,0,0,0,0,0,0,0,0,0,0,0,0
1980.5,1,1,0,1,1,10,0,0,0,0,0,0,0,0,0,0,0,0,0,0,0
1980.5,1,1,0,1,1,15,0,0,0,0,0,0,0,0,0,0,0,0,0,0,0
1980.5,1,1,0,1,1,20,0,0,0,0,0,0,0,0,0,0,0,0,0,0,0
1980.5,1,1,0,1,1,25,0,0,0,0,0,0,0,0,0,0,0,0,0,0,0
1980.5,1,1,0,1,1,30,0,0,0,0,0,0,0,0,0,0,0,0,0,0,0
1980.5,1,1,0,1,1,35,0,0,0,0,0,0,0,0,0,0,0,0,0,0,0
1980.5,1,1,0,1,1,40,0,0,0,0,0,0,0,0,0,0,0,0,0,0,0
1980.5,1,1,0,1,1,45,0,0,0,0,0,0,0,0,0,0,0,0,0,0,0
1980.5,1,1,0,1,1,50,0,0,0,0,0,0,0,0,0,0,0,0,0,0,0
1980.5,1,1,0,1,1,55,0,0,0,0,0,0,0,0,0,0,0,0,0,0,0
1980.5,1,1,0,1,1,60,0,0,0,0,0,0,0,0,0,0,0,0,0,0,0
1980.5,1,1,0,1,1,100,0,0,0,0,0,0,0,0,0,0,0,0,0,0,0
1981,1,0,0,0,0,0,3187,0,0,0,36,0,0,0,0,0,0,0,0,0,0
1981,1,0,0,0,0,5,2801,0,0,0,4,0,0,0,0,0,0,0,0,0,0
1981,1,0,0,0,0,10,2646,0,0,0,4,0,0,0,0,0,0,0,0,0,3
1981,1,0,0,0,0,15,2229,0,0,0,0,0,0,0,0,0,0,0,0,0,12
1981,1,0,0,0,0,20,1065,0,0,0,3,0,0,0,0,0,0,0,0,0,0
1981,1,0,0,0,0,25,897,0,0,0,4,0,0,0,0,0,0,0,0,0,0
1981,1,0,0,0,0,30,799,0,0,0,1,0,0,0,0,0,0,0,0,0,0
1981,1,0,0,0,0,35,771,0,0,0,5,0,0,0,0,0,0,0,0,0,0
1981,1,0,0,0,0,40,768,0,0,0,3,0,0,0,0,0,0,0,0,0,0
1981,1,0,0,0,0,45,641,0,0,0,5,0,0,0,0,0,0,0,0,0,0
1981,1,0,0,0,0,50,439,0,0,0,8,0,0,0,0,0,0,0,0,0,0
1981,1,0,0,0,0,55,300,0,0,0,4,0,0,0,0,0,0,0,0,0,0
1981,1,0,0,0,0,60,437,0,0,0,16,0,0,0,0,0,0,0,0,0,0
1981,1,0,0,0,0,100,0,0,0,0,0,0,0,0,0,0,0,0,0,0,0
1981,1,0,0,0,1,0,0,0,0,0,0,0,0,0,0,0,0,0,0,0,0
1981,1,0,0,0,1,5,0,0,0,0,0,0,0,0,0,0,0,0,0,0,0
1981,1,0,0,0,1,10,0,0,0,0,0,0,0,0,0,0,0,0,0,0,0
1981,1,0,0,0,1,15,0,0,0,0,0,0,0,0,0,0,0,0,0,0,0
1981,1,0,0,0,1,20,0,0,0,0,0,0,0,0,0,0,0,0,0,0,0
1981,1,0,0,0,1,25,0,0,0,0,0,0,0,0,0,0,0,0,0,0,0
1981,1,0,0,0,1,30,0,0,0,0,0,0,0,0,0,0,0,0,0,0,0
1981,1,0,0,0,1,35,0,0,0,0,0,0,0,0,0,0,0,0,0,0,0
1981,1,0,0,0,1,40,0,0,0,0,0,0,0,0,0,0,0,0,0,0,0
1981,1,0,0,0,1,45,0,0,0,0,0,0,0,0,0,0,0,0,0,0,0
1981,1,0,0,0,1,50,0,0,0,0,0,0,0,0,0,0,0,0,0,0,0
1981,1,0,0,0,1,55,0,0,0,0,0,0,0,0,0,0,0,0,0,0,0
1981,1,0,0,0,1,60,0,0,0,0,0,0,0,0,0,0,0,0,0,0,0
1981,1,0,0,0,1,100,0,0,0,0,0,0,0,0,0,0,0,0,0,0,0
1981,1,0,0,1,0,0,0,0,0,0,0,0,0,0,0,0,0,0,0,0,0
1981,1,0,0,1,0,5,0,0,0,0,0,0,0,0,0,0,0,0,0,0,0
1981,1,0,0,1,0,10,0,0,0,0,0,0,0,0,0,0,0,0,0,0,0
1981,1,0,0,1,0,15,0,0,0,0,0,0,0,0,0,0,0,0,0,0,0
1981,1,0,0,1,0,20,0,0,0,0,0,0,0,0,0,0,0,0,0,0,0
1981,1,0,0,1,0,25,0,0,0,0,0,0,0,0,0,0,0,0,0,0,0
1981,1,0,0,1,0,30,0,0,0,0,0,0,0,0,0,0,0,0,0,0,0
1981,1,0,0,1,0,35,0,0,0,0,0,0,0,0,0,0,0,0,0,0,0
1981,1,0,0,1,0,40,0,0,0,0,0,0,0,0,0,0,0,0,0,0,0
1981,1,0,0,1,0,45,0,0,0,0,0,0,0,0,0,0,0,0,0,0,0
1981,1,0,0,1,0,50,0,0,0,0,0,0,0,0,0,0,0,0,0,0,0
1981,1,0,0,1,0,55,0,0,0,0,0,0,0,0,0,0,0,0,0,0,0
1981,1,0,0,1,0,60,0,0,0,0,0,0,0,0,0,0,0,0,0,0,0
1981,1,0,0,1,0,100,0,0,0,0,0,0,0,0,0,0,0,0,0,0,0
1981,1,0,0,1,1,0,0,0,0,0,0,0,0,0,0,0,0,0,0,0,0
1981,1,0,0,1,1,5,0,0,0,0,0,0,0,0,0,0,0,0,0,0,0
1981,1,0,0,1,1,10,0,0,0,0,0,0,0,0,0,0,0,0,0,0,0
1981,1,0,0,1,1,15,0,0,0,0,0,0,0,0,0,0,0,0,0,0,0
1981,1,0,0,1,1,20,0,0,0,0,0,0,0,0,0,0,0,0,0,0,0
1981,1,0,0,1,1,25,0,0,0,0,0,0,0,0,0,0,0,0,0,0,0
1981,1,0,0,1,1,30,0,0,0,0,0,0,0,0,0,0,0,0,0,0,0
1981,1,0,0,1,1,35,0,0,0,0,0,0,0,0,0,0,0,0,0,0,0
1981,1,0,0,1,1,40,0,0,0,0,0,0,0,0,0,0,0,0,0,0,0
1981,1,0,0,1,1,45,0,0,0,0,0,0,0,0,0,0,0,0,0,0,0
1981,1,0,0,1,1,50,0,0,0,0,0,0,0,0,0,0,0,0,0,0,0
1981,1,0,0,1,1,55,0,0,0,0,0,0,0,0,0,0,0,0,0,0,0
1981,1,0,0,1,1,60,0,0,0,0,0,0,0,0,0,0,0,0,0,0,0
1981,1,0,0,1,1,100,0,0,0,0,0,0,0,0,0,0,0,0,0,0,0
1981,1,0,1,0,0,0,0,0,0,0,0,0,0,0,0,0,0,0,0,0,0
1981,1,0,1,0,0,5,1,0,0,0,0,0,0,0,0,0,0,0,0,0,0
1981,1,0,1,0,0,10,8,0,0,0,0,0,0,0,0,0,0,0,0,0,0
1981,1,0,1,0,0,15,48,0,0,0,0,0,0,0,0,0,0,0,0,0,0
1981,1,0,1,0,0,20,90,0,0,0,0,0,0,0,0,0,0,0,0,0,0
1981,1,0,1,0,0,25,66,0,0,0,0,0,0,0,0,0,0,0,0,0,0
1981,1,0,1,0,0,30,74,0,0,0,0,0,0,0,0,0,0,0,0,0,0
1981,1,0,1,0,0,35,72,0,0,0,0,0,0,0,0,0,0,0,0,0,0
1981,1,0,1,0,0,40,74,0,0,0,0,0,0,0,0,0,0,0,0,0,0
1981,1,0,1,0,0,45,60,0,0,0,0,0,0,0,0,0,0,0,0,0,0
1981,1,0,1,0,0,50,46,0,0,0,1,0,0,0,0,0,0,0,0,0,0
1981,1,0,1,0,0,55,14,0,0,0,1,0,0,0,0,0,0,0,0,0,0
1981,1,0,1,0,0,60,38,0,0,0,0,0,0,0,0,0,0,0,0,0,0
1981,1,0,1,0,0,100,0,0,0,0,0,0,0,0,0,0,0,0,0,0,0
1981,1,0,1,0,1,0,0,0,0,0,0,0,0,0,0,0,0,0,0,0,0
1981,1,0,1,0,1,5,0,0,0,0,0,0,0,0,0,0,0,0,0,0,0
1981,1,0,1,0,1,10,0,0,0,0,0,0,0,0,0,0,0,0,0,0,0
1981,1,0,1,0,1,15,0,0,0,0,0,0,0,0,0,0,0,0,0,0,0
1981,1,0,1,0,1,20,0,0,0,0,0,0,0,0,0,0,0,0,0,0,0
1981,1,0,1,0,1,25,0,0,0,0,0,0,0,0,0,0,0,0,0,0,0
1981,1,0,1,0,1,30,0,0,0,0,0,0,0,0,0,0,0,0,0,0,0
1981,1,0,1,0,1,35,0,0,0,0,0,0,0,0,0,0,0,0,0,0,0
1981,1,0,1,0,1,40,0,0,0,0,0,0,0,0,0,0,0,0,0,0,0
1981,1,0,1,0,1,45,0,0,0,0,0,0,0,0,0,0,0,0,0,0,0
1981,1,0,1,0,1,50,0,0,0,0,0,0,0,0,0,0,0,0,0,0,0
1981,1,0,1,0,1,55,0,0,0,0,0,0,0,0,0,0,0,0,0,0,0
1981,1,0,1,0,1,60,0,0,0,0,0,0,0,0,0,0,0,0,0,0,0
1981,1,0,1,0,1,100,0,0,0,0,0,0,0,0,0,0,0,0,0,0,0
1981,1,0,1,1,0,0,0,0,0,0,0,0,0,0,0,0,0,0,0,0,0
1981,1,0,1,1,0,5,0,0,0,0,0,0,0,0,0,0,0,0,0,0,0
1981,1,0,1,1,0,10,0,0,0,0,0,0,0,0,0,0,0,0,0,0,0
1981,1,0,1,1,0,15,0,0,0,0,0,0,0,0,0,0,0,0,0,0,0
1981,1,0,1,1,0,20,0,0,0,0,0,0,0,0,0,0,0,0,0,0,0
1981,1,0,1,1,0,25,0,0,0,0,0,0,0,0,0,0,0,0,0,0,0
1981,1,0,1,1,0,30,0,0,0,0,0,0,0,0,0,0,0,0,0,0,0
1981,1,0,1,1,0,35,0,0,0,0,0,0,0,0,0,0,0,0,0,0,0
1981,1,0,1,1,0,40,0,0,0,0,0,0,0,0,0,0,0,0,0,0,0
1981,1,0,1,1,0,45,0,0,0,0,0,0,0,0,0,0,0,0,0,0,0
1981,1,0,1,1,0,50,0,0,0,0,0,0,0,0,0,0,0,0,0,0,0
1981,1,0,1,1,0,55,0,0,0,0,0,0,0,0,0,0,0,0,0,0,0
1981,1,0,1,1,0,60,0,0,0,0,0,0,0,0,0,0,0,0,0,0,0
1981,1,0,1,1,0,100,0,0,0,0,0,0,0,0,0,0,0,0,0,0,0
1981,1,0,1,1,1,0,0,0,0,0,0,0,0,0,0,0,0,0,0,0,0
1981,1,0,1,1,1,5,0,0,0,0,0,0,0,0,0,0,0,0,0,0,0
1981,1,0,1,1,1,10,0,0,0,0,0,0,0,0,0,0,0,0,0,0,0
1981,1,0,1,1,1,15,0,0,0,0,0,0,0,0,0,0,0,0,0,0,0
1981,1,0,1,1,1,20,0,0,0,0,0,0,0,0,0,0,0,0,0,0,0
1981,1,0,1,1,1,25,0,0,0,0,0,0,0,0,0,0,0,0,0,0,0
1981,1,0,1,1,1,30,0,0,0,0,0,0,0,0,0,0,0,0,0,0,0
1981,1,0,1,1,1,35,0,0,0,0,0,0,0,0,0,0,0,0,0,0,0
1981,1,0,1,1,1,40,0,0,0,0,0,0,0,0,0,0,0,0,0,0,0
1981,1,0,1,1,1,45,0,0,0,0,0,0,0,0,0,0,0,0,0,0,0
1981,1,0,1,1,1,50,0,0,0,0,0,0,0,0,0,0,0,0,0,0,0
1981,1,0,1,1,1,55,0,0,0,0,0,0,0,0,0,0,0,0,0,0,0
1981,1,0,1,1,1,60,0,0,0,0,0,0,0,0,0,0,0,0,0,0,0
1981,1,0,1,1,1,100,0,0,0,0,0,0,0,0,0,0,0,0,0,0,0
1981,1,1,0,0,0,0,3316,0,0,0,30,0,0,0,0,0,0,0,0,0,0
1981,1,1,0,0,0,5,2826,0,0,0,1,0,0,0,0,0,0,0,0,0,0
1981,1,1,0,0,0,10,2760,0,0,0,1,0,0,0,0,0,0,0,0,0,0
1981,1,1,0,0,0,15,2327,0,0,0,3,0,0,0,0,0,0,0,0,0,0
1981,1,1,0,0,0,20,1139,0,0,0,1,0,0,0,0,0,0,0,0,0,0
1981,1,1,0,0,0,25,981,0,0,0,2,0,0,0,0,0,0,0,0,0,0
1981,1,1,0,0,0,30,928,0,0,0,1,0,0,0,0,0,0,0,0,0,0
1981,1,1,0,0,0,35,944,0,0,0,2,0,0,0,0,0,0,0,0,0,0
1981,1,1,0,0,0,40,958,0,0,0,5,0,0,0,0,0,0,0,0,0,0
1981,1,1,0,0,0,45,755,0,0,0,6,0,0,0,0,0,0,0,0,0,0
1981,1,1,0,0,0,50,588,0,0,0,5,0,0,0,0,0,0,0,0,0,0
1981,1,1,0,0,0,55,356,0,0,0,1,0,0,0,0,0,0,0,0,0,0
1981,1,1,0,0,0,60,760,0,0,0,28,0,0,0,0,0,0,0,0,0,0
1981,1,1,0,0,0,100,1,0,0,0,0,0,0,0,0,0,0,0,0,0,0
1981,1,1,0,0,1,0,0,0,0,0,0,0,0,0,0,0,0,0,0,0,0
1981,1,1,0,0,1,5,0,0,0,0,0,0,0,0,0,0,0,0,0,0,0
1981,1,1,0,0,1,10,0,0,0,0,0,0,0,0,0,0,0,0,0,0,0
1981,1,1,0,0,1,15,0,0,0,0,0,0,0,0,0,0,0,0,0,0,0
1981,1,1,0,0,1,20,0,0,0,0,0,0,0,0,0,0,0,0,0,0,0
1981,1,1,0,0,1,25,0,0,0,0,0,0,0,0,0,0,0,0,0,0,0
1981,1,1,0,0,1,30,0,0,0,0,0,0,0,0,0,0,0,0,0,0,0
1981,1,1,0,0,1,35,0,0,0,0,0,0,0,0,0,0,0,0,0,0,0
1981,1,1,0,0,1,40,0,0,0,0,0,0,0,0,0,0,0,0,0,0,0
1981,1,1,0,0,1,45,0,0,0,0,0,0,0,0,0,0,0,0,0,0,0
1981,1,1,0,0,1,50,0,0,0,0,0,0,0,0,0,0,0,0,0,0,0
1981,1,1,0,0,1,55,0,0,0,0,0,0,0,0,0,0,0,0,0,0,0
1981,1,1,0,0,1,60,0,0,0,0,0,0,0,0,0,0,0,0,0,0,0
1981,1,1,0,0,1,100,0,0,0,0,0,0,0,0,0,0,0,0,0,0,0
1981,1,1,0,1,0,0,0,0,0,0,0,0,0,0,0,0,0,0,0,0,0
1981,1,1,0,1,0,5,0,0,0,0,0,0,0,0,0,0,0,0,0,0,0
1981,1,1,0,1,0,10,0,0,0,0,0,0,0,0,0,0,0,0,0,0,0
1981,1,1,0,1,0,15,0,0,0,0,0,0,0,0,0,0,0,0,0,0,0
1981,1,1,0,1,0,20,0,0,0,0,0,0,0,0,0,0,0,0,0,0,0
1981,1,1,0,1,0,25,0,0,0,0,0,0,0,0,0,0,0,0,0,0,0
1981,1,1,0,1,0,30,0,0,0,0,0,0,0,0,0,0,0,0,0,0,0
1981,1,1,0,1,0,35,0,0,0,0,0,0,0,0,0,0,0,0,0,0,0
1981,1,1,0,1,0,40,0,0,0,0,0,0,0,0,0,0,0,0,0,0,0
1981,1,1,0,1,0,45,0,0,0,0,0,0,0,0,0,0,0,0,0,0,0
1981,1,1,0,1,0,50,0,0,0,0,0,0,0,0,0,0,0,0,0,0,0
1981,1,1,0,1,0,55,0,0,0,0,0,0,0,0,0,0,0,0,0,0,0
1981,1,1,0,1,0,60,0,0,0,0,0,0,0,0,0,0,0,0,0,0,0
1981,1,1,0,1,0,100,0,0,0,0,0,0,0,0,0,0,0,0,0,0,0
1981,1,1,0,1,1,0,0,0,0,0,0,0,0,0,0,0,0,0,0,0,0
1981,1,1,0,1,1,5,0,0,0,0,0,0,0,0,0,0,0,0,0,0,0
1981,1,1,0,1,1,10,0,0,0,0,0,0,0,0,0,0,0,0,0,0,0
1981,1,1,0,1,1,15,0,0,0,0,0,0,0,0,0,0,0,0,0,0,0
1981,1,1,0,1,1,20,0,0,0,0,0,0,0,0,0,0,0,0,0,0,0
1981,1,1,0,1,1,25,0,0,0,0,0,0,0,0,0,0,0,0,0,0,0
1981,1,1,0,1,1,30,0,0,0,0,0,0,0,0,0,0,0,0,0,0,0
1981,1,1,0,1,1,35,0,0,0,0,0,0,0,0,0,0,0,0,0,0,0
1981,1,1,0,1,1,40,0,0,0,0,0,0,0,0,0,0,0,0,0,0,0
1981,1,1,0,1,1,45,0,0,0,0,0,0,0,0,0,0,0,0,0,0,0
1981,1,1,0,1,1,50,0,0,0,0,0,0,0,0,0,0,0,0,0,0,0
1981,1,1,0,1,1,55,0,0,0,0,0,0,0,0,0,0,0,0,0,0,0
1981,1,1,0,1,1,60,0,0,0,0,0,0,0,0,0,0,0,0,0,0,0
1981,1,1,0,1,1,100,0,0,0,0,0,0,0,0,0,0,0,0,0,0,0
1981.5,1,0,0,0,0,0,3207,0,0,0,30,0,0,0,0,0,0,0,0,0,0
1981.5,1,0,0,0,0,5,2807,0,0,0,2,0,0,0,0,0,0,0,0,0,0
1981.5,1,0,0,0,0,10,2662,0,0,0,4,0,0,0,0,0,0,0,0,0,3
1981.5,1,0,0,0,0,15,2265,0,0,0,1,0,0,0,0,0,0,0,0,0,5
1981.5,1,0,0,0,0,20,1177,0,0,0,3,0,0,0,0,0,0,0,0,0,2
1981.5,1,0,0,0,0,25,916,0,0,0,2,0,0,0,0,0,0,0,0,0,0
1981.5,1,0,0,0,0,30,793,0,0,0,0,0,0,0,0,0,0,0,0,0,0
1981.5,1,0,0,0,0,35,784,0,0,0,3,0,0,0,0,0,0,0,0,0,0
1981.5,1,0,0,0,0,40,759,0,0,0,6,0,0,0,0,0,0,0,0,0,0
1981.5,1,0,0,0,0,45,638,0,0,0,6,0,0,0,0,0,0,0,0,0,0
1981.5,1,0,0,0,0,50,460,0,0,0,6,0,0,0,0,0,0,0,0,0,0
1981.5,1,0,0,0,0,55,309,0,0,0,6,0,0,0,0,0,0,0,0,0,0
1981.5,1,0,0,0,0,60,447,0,0,0,17,0,0,0,0,0,0,0,0,0,0
1981.5,1,0,0,0,0,100,0,0,0,0,0,0,0,0,0,0,0,0,0,0,0
1981.5,1,0,0,0,1,0,0,0,0,0,0,0,0,0,0,0,0,0,0,0,0
1981.5,1,0,0,0,1,5,0,0,0,0,0,0,0,0,0,0,0,0,0,0,0
1981.5,1,0,0,0,1,10,0,0,0,0,0,0,0,0,0,0,0,0,0,0,0
1981.5,1,0,0,0,1,15,0,0,0,0,0,0,0,0,0,0,0,0,0,0,0
1981.5,1,0,0,0,1,20,0,0,0,0,0,0,0,0,0,0,0,0,0,0,0
1981.5,1,0,0,0,1,25,0,0,0,0,0,0,0,0,0,0,0,0,0,0,0
1981.5,1,0,0,0,1,30,0,0,0,0,0,0,0,0,0,0,0,0,0,0,0
1981.5,1,0,0,0,1,35,0,0,0,0,0,0,0,0,0,0,0,0,0,0,0
1981.5,1,0,0,0,1,40,0,0,0,0,0,0,0,0,0,0,0,0,0,0,0
1981.5,1,0,0,0,1,45,0,0,0,0,0,0,0,0,0,0,0,0,0,0,0
1981.5,1,0,0,0,1,50,0,0,0,0,0,0,0,0,0,0,0,0,0,0,0
1981.5,1,0,0,0,1,55,0,0,0,0,0,0,0,0,0,0,0,0,0,0,0
1981.5,1,0,0,0,1,60,0,0,0,0,0,0,0,0,0,0,0,0,0,0,0
1981.5,1,0,0,0,1,100,0,0,0,0,0,0,0,0,0,0,0,0,0,0,0
1981.5,1,0,0,1,0,0,0,0,0,0,0,0,0,0,0,0,0,0,0,0,0
1981.5,1,0,0,1,0,5,0,0,0,0,0,0,0,0,0,0,0,0,0,0,0
1981.5,1,0,0,1,0,10,0,0,0,0,0,0,0,0,0,0,0,0,0,0,0
1981.5,1,0,0,1,0,15,0,0,0,0,0,0,0,0,0,0,0,0,0,0,0
1981.5,1,0,0,1,0,20,0,0,0,0,0,0,0,0,0,0,0,0,0,0,0
1981.5,1,0,0,1,0,25,0,0,0,0,0,0,0,0,0,0,0,0,0,0,0
1981.5,1,0,0,1,0,30,0,0,0,0,0,0,0,0,0,0,0,0,0,0,0
1981.5,1,0,0,1,0,35,0,0,0,0,0,0,0,0,0,0,0,0,0,0,0
1981.5,1,0,0,1,0,40,0,0,0,0,0,0,0,0,0,0,0,0,0,0,0
1981.5,1,0,0,1,0,45,0,0,0,0,0,0,0,0,0,0,0,0,0,0,0
1981.5,1,0,0,1,0,50,0,0,0,0,0,0,0,0,0,0,0,0,0,0,0
1981.5,1,0,0,1,0,55,0,0,0,0,0,0,0,0,0,0,0,0,0,0,0
1981.5,1,0,0,1,0,60,0,0,0,0,0,0,0,0,0,0,0,0,0,0,0
1981.5,1,0,0,1,0,100,0,0,0,0,0,0,0,0,0,0,0,0,0,0,0
1981.5,1,0,0,1,1,0,0,0,0,0,0,0,0,0,0,0,0,0,0,0,0
1981.5,1,0,0,1,1,5,0,0,0,0,0,0,0,0,0,0,0,0,0,0,0
1981.5,1,0,0,1,1,10,0,0,0,0,0,0,0,0,0,0,0,0,0,0,0
1981.5,1,0,0,1,1,15,0,0,0,0,0,0,0,0,0,0,0,0,0,0,0
1981.5,1,0,0,1,1,20,0,0,0,0,0,0,0,0,0,0,0,0,0,0,0
1981.5,1,0,0,1,1,25,0,0,0,0,0,0,0,0,0,0,0,0,0,0,0
1981.5,1,0,0,1,1,30,0,0,0,0,0,0,0,0,0,0,0,0,0,0,0
1981.5,1,0,0,1,1,35,0,0,0,0,0,0,0,0,0,0,0,0,0,0,0
1981.5,1,0,0,1,1,40,0,0,0,0,0,0,0,0,0,0,0,0,0,0,0
1981.5,1,0,0,1,1,45,0,0,0,0,0,0,0,0,0,0,0,0,0,0,0
1981.5,1,0,0,1,1,50,0,0,0,0,0,0,0,0,0,0,0,0,0,0,0
1981.5,1,0,0,1,1,55,0,0,0,0,0,0,0,0,0,0,0,0,0,0,0
1981.5,1,0,0,1,1,60,0,0,0,0,0,0,0,0,0,0,0,0,0,0,0
1981.5,1,0,0,1,1,100,0,0,0,0,0,0,0,0,0,0,0,0,0,0,0
1981.5,1,0,1,0,0,0,0,0,0,0,0,0,0,0,0,0,0,0,0,0,0
1981.5,1,0,1,0,0,5,1,0,0,0,0,0,0,0,0,0,0,0,0,0,0
1981.5,1,0,1,0,0,10,11,0,0,0,0,0,0,0,0,0,0,0,0,0,0
1981.5,1,0,1,0,0,15,46,0,0,0,0,0,0,0,0,0,0,0,0,0,0
1981.5,1,0,1,0,0,20,87,0,0,0,1,0,0,0,0,0,0,0,0,0,0
1981.5,1,0,1,0,0,25,68,0,0,0,1,0,0,0,0,0,0,0,0,0,0
1981.5,1,0,1,0,0,30,79,0,0,0,0,0,0,0,0,0,0,0,0,0,0
1981.5,1,0,1,0,0,35,69,0,0,0,0,0,0,0,0,0,0,0,0,0,0
1981.5,1,0,1,0,0,40,76,0,0,0,0,0,0,0,0,0,0,0,0,0,0
1981.5,1,0,1,0,0,45,57,0,0,0,1,0,0,0,0,0,0,0,0,0,0
1981.5,1,0,1,0,0,50,46,0,0,0,0,0,0,0,0,0,0,0,0,0,0
1981.5,1,0,1,0,0,55,18,0,0,0,0,0,0,0,0,0,0,0,0,0,0
1981.5,1,0,1,0,0,60,39,0,0,0,0,0,0,0,0,0,0,0,0,0,0
1981.5,1,0,1,0,0,100,0,0,0,0,0,0,0,0,0,0,0,0,0,0,0
1981.5,1,0,1,0,1,0,0,0,0,0,0,0,0,0,0,0,0,0,0,0,0
1981.5,1,0,1,0,1,5,0,0,0,0,0,0,0,0,0,0,0,0,0,0,0
1981.5,1,0,1,0,1,10,0,0,0,0,0,0,0,0,0,0,0,0,0,0,0
1981.5,1,0,1,0,1,15,0,0,0,0,0,0,0,0,0,0,0,0,0,0,0
1981.5,1,0,1,0,1,20,0,0,0,0,0,0,0,0,0,0,0,0,0,0,0
1981.5,1,0,1,0,1,25,0,0,0,0,0,0,0,0,0,0,0,0,0,0,0
1981.5,1,0,1,0,1,30,0,0,0,0,0,0,0,0,0,0,0,0,0,0,0
1981.5,1,0,1,0,1,35,0,0,0,0,0,0,0,0,0,0,0,0,0,0,0
1981.5,1,0,1,0,1,40,0,0,0,0,0,0,0,0,0,0,0,0,0,0,0
1981.5,1,0,1,0,1,45,0,0,0,0,0,0,0,0,0,0,0,0,0,0,0
1981.5,1,0,1,0,1,50,0,0,0,0,0,0,0,0,0,0,0,0,0,0,0
1981.5,1,0,1,0,1,55,0,0,0,0,0,0,0,0,0,0,0,0,0,0,0
1981.5,1,0,1,0,1,60,0,0,0,0,0,0,0,0,0,0,0,0,0,0,0
1981.5,1,0,1,0,1,100,0,0,0,0,0,0,0,0,0,0,0,0,0,0,0
1981.5,1,0,1,1,0,0,0,0,0,0,0,0,0,0,0,0,0,0,0,0,0
1981.5,1,0,1,1,0,5,0,0,0,0,0,0,0,0,0,0,0,0,0,0,0
1981.5,1,0,1,1,0,10,0,0,0,0,0,0,0,0,0,0,0,0,0,0,0
1981.5,1,0,1,1,0,15,0,0,0,0,0,0,0,0,0,0,0,0,0,0,0
1981.5,1,0,1,1,0,20,0,0,0,0,0,0,0,0,0,0,0,0,0,0,0
1981.5,1,0,1,1,0,25,0,0,0,0,0,0,0,0,0,0,0,0,0,0,0
1981.5,1,0,1,1,0,30,0,0,0,0,0,0,0,0,0,0,0,0,0,0,0
1981.5,1,0,1,1,0,35,0,0,0,0,0,0,0,0,0,0,0,0,0,0,0
1981.5,1,0,1,1,0,40,0,0,0,0,0,0,0,0,0,0,0,0,0,0,0
1981.5,1,0,1,1,0,45,0,0,0,0,0,0,0,0,0,0,0,0,0,0,0
1981.5,1,0,1,1,0,50,0,0,0,0,0,0,0,0,0,0,0,0,0,0,0
1981.5,1,0,1,1,0,55,0,0,0,0,0,0,0,0,0,0,0,0,0,0,0
1981.5,1,0,1,1,0,60,0,0,0,0,0,0,0,0,0,0,0,0,0,0,0
1981.5,1,0,1,1,0,100,0,0,0,0,0,0,0,0,0,0,0,0,0,0,0
1981.5,1,0,1,1,1,0,0,0,0,0,0,0,0,0,0,0,0,0,0,0,0
1981.5,1,0,1,1,1,5,0,0,0,0,0,0,0,0,0,0,0,0,0,0,0
1981.5,1,0,1,1,1,10,0,0,0,0,0,0,0,0,0,0,0,0,0,0,0
1981.5,1,0,1,1,1,15,0,0,0,0,0,0,0,0,0,0,0,0,0,0,0
1981.5,1,0,1,1,1,20,0,0,0,0,0,0,0,0,0,0,0,0,0,0,0
1981.5,1,0,1,1,1,25,0,0,0,0,0,0,0,0,0,0,0,0,0,0,0
1981.5,1,0,1,1,1,30,0,0,0,0,0,0,0,0,0,0,0,0,0,0,0
1981.5,1,0,1,1,1,35,0,0,0,0,0,0,0,0,0,0,0,0,0,0,0
1981.5,1,0,1,1,1,40,0,0,0,0,0,0,0,0,0,0,0,0,0,0,0
1981.5,1,0,1,1,1,45,0,0,0,0,0,0,0,0,0,0,0,0,0,0,0
1981.5,1,0,1,1,1,50,0,0,0,0,0,0,0,0,0,0,0,0,0,0,0
1981.5,1,0,1,1,1,55,0,0,0,0,0,0,0,0,0,0,0,0,0,0,0
1981.5,1,0,1,1,1,60,0,0,0,0,0,0,0,0,0,0,0,0,0,0,0
1981.5,1,0,1,1,1,100,0,0,0,0,0,0,0,0,0,0,0,0,0,0,0
1981.5,1,1,0,0,0,0,3400,0,0,0,28,0,0,0,0,0,0,0,0,0,0
1981.5,1,1,0,0,0,5,2829,0,0,0,4,0,0,0,0,0,0,0,0,0,0
1981.5,1,1,0,0,0,10,2755,0,0,0,0,0,0,0,0,0,0,0,0,0,0
1981.5,1,1,0,0,0,15,2403,0,0,0,3,0,0,0,0,0,0,0,0,0,0
1981.5,1,1,0,0,0,20,1245,0,0,0,1,0,0,0,0,0,0,0,0,0,0
1981.5,1,1,0,0,0,25,982,0,0,0,5,0,0,0,0,0,0,0,0,0,0
1981.5,1,1,0,0,0,30,944,0,0,0,0,0,0,0,0,0,0,0,0,0,0
1981.5,1,1,0,0,0,35,934,0,0,0,2,0,0,0,0,0,0,0,0,0,0
1981.5,1,1,0,0,0,40,937,0,0,0,1,0,0,0,0,0,0,0,0,0,0
1981.5,1,1,0,0,0,45,784,0,0,0,2,0,0,0,0,0,0,0,0,0,0
1981.5,1,1,0,0,0,50,605,0,0,0,5,0,0,0,0,0,0,0,0,0,0
1981.5,1,1,0,0,0,55,378,0,0,0,4,0,0,0,0,0,0,0,0,0,0
1981.5,1,1,0,0,0,60,773,0,0,0,15,0,0,0,0,0,0,0,0,0,0
1981.5,1,1,0,0,0,100,1,0,0,0,0,0,0,0,0,0,0,0,0,0,0
1981.5,1,1,0,0,1,0,0,0,0,0,0,0,0,0,0,0,0,0,0,0,0
1981.5,1,1,0,0,1,5,0,0,0,0,0,0,0,0,0,0,0,0,0,0,0
1981.5,1,1,0,0,1,10,0,0,0,0,0,0,0,0,0,0,0,0,0,0,0
1981.5,1,1,0,0,1,15,0,0,0,0,0,0,0,0,0,0,0,0,0,0,0
1981.5,1,1,0,0,1,20,0,0,0,0,0,0,0,0,0,0,0,0,0,0,0
1981.5,1,1,0,0,1,25,0,0,0,0,0,0,0,0,0,0,0,0,0,0,0
1981.5,1,1,0,0,1,30,0,0,0,0,0,0,0,0,0,0,0,0,0,0,0
1981.5,1,1,0,0,1,35,0,0,0,0,0,0,0,0,0,0,0,0,0,0,0
1981.5,1,1,0,0,1,40,0,0,0,0,0,0,0,0,0,0,0,0,0,0,0
1981.5,1,1,0,0,1,45,0,0,0,0,0,0,0,0,0,0,0,0,0,0,0
1981.5,1,1,0,0,1,50,0,0,0,0,0,0,0,0,0,0,0,0,0,0,0
1981.5,1,1,0,0,1,55,0,0,0,0,0,0,0,0,0,0,0,0,0,0,0
1981.5,1,1,0,0,1,60,0,0,0,0,0,0,0,0,0,0,0,0,0,0,0
1981.5,1,1,0,0,1,100,0,0,0,0,0,0,0,0,0,0,0,0,0,0,0
1981.5,1,1,0,1,0,0,0,0,0,0,0,0,0,0,0,0,0,0,0,0,0
1981.5,1,1,0,1,0,5,0,0,0,0,0,0,0,0,0,0,0,0,0,0,0
1981.5,1,1,0,1,0,10,0,0,0,0,0,0,0,0,0,0,0,0,0,0,0
1981.5,1,1,0,1,0,15,0,0,0,0,0,0,0,0,0,0,0,0,0,0,0
1981.5,1,1,0,1,0,20,0,0,0,0,0,0,0,0,0,0,0,0,0,0,0
1981.5,1,1,0,1,0,25,0,0,0,0,0,0,0,0,0,0,0,0,0,0,0
1981.5,1,1,0,1,0,30,0,0,0,0,0,0,0,0,0,0,0,0,0,0,0
1981.5,1,1,0,1,0,35,0,0,0,0,0,0,0,0,0,0,0,0,0,0,0
1981.5,1,1,0,1,0,40,0,0,0,0,0,0,0,0,0,0,0,0,0,0,0
1981.5,1,1,0,1,0,45,0,0,0,0,0,0,0,0,0,0,0,0,0,0,0
1981.5,1,1,0,1,0,50,0,0,0,0,0,0,0,0,0,0,0,0,0,0,0
1981.5,1,1,0,1,0,55,0,0,0,0,0,0,0,0,0,0,0,0,0,0,0
1981.5,1,1,0,1,0,60,0,0,0,0,0,0,0,0,0,0,0,0,0,0,0
1981.5,1,1,0,1,0,100,0,0,0,0,0,0,0,0,0,0,0,0,0,0,0
1981.5,1,1,0,1,1,0,0,0,0,0,0,0,0,0,0,0,0,0,0,0,0
1981.5,1,1,0,1,1,5,0,0,0,0,0,0,0,0,0,0,0,0,0,0,0
1981.5,1,1,0,1,1,10,0,0,0,0,0,0,0,0,0,0,0,0,0,0,0
1981.5,1,1,0,1,1,15,0,0,0,0,0,0,0,0,0,0,0,0,0,0,0
1981.5,1,1,0,1,1,20,0,0,0,0,0,0,0,0,0,0,0,0,0,0,0
1981.5,1,1,0,1,1,25,0,0,0,0,0,0,0,0,0,0,0,0,0,0,0
1981.5,1,1,0,1,1,30,0,0,0,0,0,0,0,0,0,0,0,0,0,0,0
1981.5,1,1,0,1,1,35,0,0,0,0,0,0,0,0,0,0,0,0,0,0,0
1981.5,1,1,0,1,1,40,0,0,0,0,0,0,0,0,0,0,0,0,0,0,0
1981.5,1,1,0,1,1,45,0,0,0,0,0,0,0,0,0,0,0,0,0,0,0
1981.5,1,1,0,1,1,50,0,0,0,0,0,0,0,0,0,0,0,0,0,0,0
1981.5,1,1,0,1,1,55,0,0,0,0,0,0,0,0,0,0,0,0,0,0,0
1981.5,1,1,0,1,1,60,0,0,0,0,0,0,0,0,0,0,0,0,0,0,0
1981.5,1,1,0,1,1,100,0,0,0,0,0,0,0,0,0,0,0,0,0,0,0
1982,1,0,0,0,0,0,3248,0,0,0,36,0,0,0,0,0,0,0,0,0,0
1982,1,0,0,0,0,5,2810,0,0,0,3,0,0,0,0,0,0,0,0,0,1
1982,1,0,0,0,0,10,2694,0,0,0,2,0,0,0,0,0,0,0,0,0,3
1982,1,0,0,0,0,15,2288,0,0,0,5,0,0,0,0,0,0,0,0,0,5
1982,1,0,0,0,0,20,1276,0,0,0,3,0,0,0,0,0,0,0,0,0,2
1982,1,0,0,0,0,25,931,0,0,0,2,0,0,0,0,0,0,0,0,0,0
1982,1,0,0,0,0,30,796,0,0,0,2,0,0,0,0,0,0,0,0,0,0
1982,1,0,0,0,0,35,798,0,0,0,4,0,0,0,0,0,0,0,0,0,0
1982,1,0,0,0,0,40,760,0,0,0,3,0,0,0,0,0,0,0,0,0,0
1982,1,0,0,0,0,45,639,0,0,0,6,0,0,0,0,0,0,0,0,0,0
1982,1,0,0,0,0,50,479,0,0,0,7,0,0,0,0,0,0,0,0,0,0
1982,1,0,0,0,0,55,311,0,0,0,6,0,0,0,0,0,0,0,0,0,0
1982,1,0,0,0,0,60,451,0,0,0,21,0,0,0,0,0,0,0,0,0,0
1982,1,0,0,0,0,100,0,0,0,0,0,0,0,0,0,0,0,0,0,0,0
1982,1,0,0,0,1,0,0,0,0,0,0,0,0,0,0,0,0,0,0,0,0
1982,1,0,0,0,1,5,0,0,0,0,0,0,0,0,0,0,0,0,0,0,0
1982,1,0,0,0,1,10,0,0,0,0,0,0,0,0,0,0,0,0,0,0,0
1982,1,0,0,0,1,15,0,0,0,0,0,0,0,0,0,0,0,0,0,0,0
1982,1,0,0,0,1,20,0,0,0,0,0,0,0,0,0,0,0,0,0,0,0
1982,1,0,0,0,1,25,0,0,0,0,0,0,0,0,0,0,0,0,0,0,0
1982,1,0,0,0,1,30,0,0,0,0,0,0,0,0,0,0,0,0,0,0,0
1982,1,0,0,0,1,35,0,0,0,0,0,0,0,0,0,0,0,0,0,0,0
1982,1,0,0,0,1,40,0,0,0,0,0,0,0,0,0,0,0,0,0,0,0
1982,1,0,0,0,1,45,0,0,0,0,0,0,0,0,0,0,0,0,0,0,0
1982,1,0,0,0,1,50,0,0,0,0,0,0,0,0,0,0,0,0,0,0,0
1982,1,0,0,0,1,55,0,0,0,0,0,0,0,0,0,0,0,0,0,0,0
1982,1,0,0,0,1,60,0,0,0,0,0,0,0,0,0,0,0,0,0,0,0
1982,1,0,0,0,1,100,0,0,0,0,0,0,0,0,0,0,0,0,0,0,0
1982,1,0,0,1,0,0,0,0,0,0,0,0,0,0,0,0,0,0,0,0,0
1982,1,0,0,1,0,5,0,0,0,0,0,0,0,0,0,0,0,0,0,0,0
1982,1,0,0,1,0,10,0,0,0,0,0,0,0,0,0,0,0,0,0,0,0
1982,1,0,0,1,0,15,0,0,0,0,0,0,0,0,0,0,0,0,0,0,0
1982,1,0,0,1,0,20,0,0,0,0,0,0,0,0,0,0,0,0,0,0,0
1982,1,0,0,1,0,25,0,0,0,0,0,0,0,0,0,0,0,0,0,0,0
1982,1,0,0,1,0,30,0,0,0,0,0,0,0,0,0,0,0,0,0,0,0
1982,1,0,0,1,0,35,0,0,0,0,0,0,0,0,0,0,0,0,0,0,0
1982,1,0,0,1,0,40,0,0,0,0,0,0,0,0,0,0,0,0,0,0,0
1982,1,0,0,1,0,45,0,0,0,0,0,0,0,0,0,0,0,0,0,0,0
1982,1,0,0,1,0,50,0,0,0,0,0,0,0,0,0,0,0,0,0,0,0
1982,1,0,0,1,0,55,0,0,0,0,0,0,0,0,0,0,0,0,0,0,0
1982,1,0,0,1,0,60,0,0,0,0,0,0,0,0,0,0,0,0,0,0,0
1982,1,0,0,1,0,100,0,0,0,0,0,0,0,0,0,0,0,0,0,0,0
1982,1,0,0,1,1,0,0,0,0,0,0,0,0,0,0,0,0,0,0,0,0
1982,1,0,0,1,1,5,0,0,0,0,0,0,0,0,0,0,0,0,0,0,0
1982,1,0,0,1,1,10,0,0,0,0,0,0,0,0,0,0,0,0,0,0,0
1982,1,0,0,1,1,15,0,0,0,0,0,0,0,0,0,0,0,0,0,0,0
1982,1,0,0,1,1,20,0,0,0,0,0,0,0,0,0,0,0,0,0,0,0
1982,1,0,0,1,1,25,0,0,0,0,0,0,0,0,0,0,0,0,0,0,0
1982,1,0,0,1,1,30,0,0,0,0,0,0,0,0,0,0,0,0,0,0,0
1982,1,0,0,1,1,35,0,0,0,0,0,0,0,0,0,0,0,0,0,0,0
1982,1,0,0,1,1,40,0,0,0,0,0,0,0,0,0,0,0,0,0,0,0
1982,1,0,0,1,1,45,0,0,0,0,0,0,0,0,0,0,0,0,0,0,0
1982,1,0,0,1,1,50,0,0,0,0,0,0,0,0,0,0,0,0,0,0,0
1982,1,0,0,1,1,55,0,0,0,0,0,0,0,0,0,0,0,0,0,0,0
1982,1,0,0,1,1,60,0,0,0,0,0,0,0,0,0,0,0,0,0,0,0
1982,1,0,0,1,1,100,0,0,0,0,0,0,0,0,0,0,0,0,0,0,0
1982,1,0,1,0,0,0,0,0,0,0,0,0,0,0,0,0,0,0,0,0,0
1982,1,0,1,0,0,5,2,0,0,0,0,0,0,0,0,0,0,0,0,0,0
1982,1,0,1,0,0,10,13,0,0,0,0,0,0,0,0,0,0,0,0,0,0
1982,1,0,1,0,0,15,49,0,0,0,0,0,0,0,0,0,0,0,0,0,0
1982,1,0,1,0,0,20,87,0,0,0,0,0,0,0,0,0,0,0,0,0,0
1982,1,0,1,0,0,25,71,0,0,0,1,0,0,0,0,0,0,0,0,0,0
1982,1,0,1,0,0,30,78,0,0,0,0,0,0,0,0,0,0,0,0,0,0
1982,1,0,1,0,0,35,63,0,0,0,0,0,0,0,0,0,0,0,0,0,0
1982,1,0,1,0,0,40,79,0,0,0,0,0,0,0,0,0,0,0,0,0,0
1982,1,0,1,0,0,45,55,0,0,0,0,0,0,0,0,0,0,0,0,0,0
1982,1,0,1,0,0,50,51,0,0,0,0,0,0,0,0,0,0,0,0,0,0
1982,1,0,1,0,0,55,19,0,0,0,1,0,0,0,0,0,0,0,0,0,0
1982,1,0,1,0,0,60,39,0,0,0,1,0,0,0,0,0,0,0,0,0,0
1982,1,0,1,0,0,100,0,0,0,0,0,0,0,0,0,0,0,0,0,0,0
1982,1,0,1,0,1,0,0,0,0,0,0,0,0,0,0,0,0,0,0,0,0
1982,1,0,1,0,1,5,0,0,0,0,0,0,0,0,0,0,0,0,0,0,0
1982,1,0,1,0,1,10,0,0,0,0,0,0,0,0,0,0,0,0,0,0,0
1982,1,0,1,0,1,15,0,0,0,0,0,0,0,0,0,0,0,0,0,0,0
1982,1,0,1,0,1,20,0,0,0,0,0,0,0,0,0,0,0,0,0,0,0
1982,1,0,1,0,1,25,0,0,0,0,0,0,0,0,0,0,0,0,0,0,0
1982,1,0,1,0,1,30,0,0,0,0,0,0,0,0,0,0,0,0,0,0,0
1982,1,0,1,0,1,35,0,0,0,0,0,0,0,0,0,0,0,0,0,0,0
1982,1,0,1,0,1,40,0,0,0,0,0,0,0,0,0,0,0,0,0,0,0
1982,1,0,1,0,1,45,0,0,0,0,0,0,0,0,0,0,0,0,0,0,0
1982,1,0,1,0,1,50,0,0,0,0,0,0,0,0,0,0,0,0,0,0,0
1982,1,0,1,0,1,55,0,0,0,0,0,0,0,0,0,0,0,0,0,0,0
1982,1,0,1,0,1,60,0,0,0,0,0,0,0,0,0,0,0,0,0,0,0
1982,1,0,1,0,1,100,0,0,0,0,0,0,0,0,0,0,0,0,0,0,0
1982,1,0,1,1,0,0,0,0,0,0,0,0,0,0,0,0,0,0,0,0,0
1982,1,0,1,1,0,5,0,0,0,0,0,0,0,0,0,0,0,0,0,0,0
1982,1,0,1,1,0,10,0,0,0,0,0,0,0,0,0,0,0,0,0,0,0
1982,1,0,1,1,0,15,0,0,0,0,0,0,0,0,0,0,0,0,0,0,0
1982,1,0,1,1,0,20,0,0,0,0,0,0,0,0,0,0,0,0,0,0,0
1982,1,0,1,1,0,25,0,0,0,0,0,0,0,0,0,0,0,0,0,0,0
1982,1,0,1,1,0,30,0,0,0,0,0,0,0,0,0,0,0,0,0,0,0
1982,1,0,1,1,0,35,0,0,0,0,0,0,0,0,0,0,0,0,0,0,0
1982,1,0,1,1,0,40,0,0,0,0,0,0,0,0,0,0,0,0,0,0,0
1982,1,0,1,1,0,45,0,0,0,0,0,0,0,0,0,0,0,0,0,0,0
1982,1,0,1,1,0,50,0,0,0,0,0,0,0,0,0,0,0,0,0,0,0
1982,1,0,1,1,0,55,0,0,0,0,0,0,0,0,0,0,0,0,0,0,0
1982,1,0,1,1,0,60,0,0,0,0,0,0,0,0,0,0,0,0,0,0,0
1982,1,0,1,1,0,100,0,0,0,0,0,0,0,0,0,0,0,0,0,0,0
1982,1,0,1,1,1,0,0,0,0,0,0,0,0,0,0,0,0,0,0,0,0
1982,1,0,1,1,1,5,0,0,0,0,0,0,0,0,0,0,0,0,0,0,0
1982,1,0,1,1,1,10,0,0,0,0,0,0,0,0,0,0,0,0,0,0,0
1982,1,0,1,1,1,15,0,0,0,0,0,0,0,0,0,0,0,0,0,0,0
1982,1,0,1,1,1,20,0,0,0,0,0,0,0,0,0,0,0,0,0,0,0
1982,1,0,1,1,1,25,0,0,0,0,0,0,0,0,0,0,0,0,0,0,0
1982,1,0,1,1,1,30,0,0,0,0,0,0,0,0,0,0,0,0,0,0,0
1982,1,0,1,1,1,35,0,0,0,0,0,0,0,0,0,0,0,0,0,0,0
1982,1,0,1,1,1,40,0,0,0,0,0,0,0,0,0,0,0,0,0,0,0
1982,1,0,1,1,1,45,0,0,0,0,0,0,0,0,0,0,0,0,0,0,0
1982,1,0,1,1,1,50,0,0,0,0,0,0,0,0,0,0,0,0,0,0,0
1982,1,0,1,1,1,55,0,0,0,0,0,0,0,0,0,0,0,0,0,0,0
1982,1,0,1,1,1,60,0,0,0,0,0,0,0,0,0,0,0,0,0,0,0
1982,1,0,1,1,1,100,0,0,0,0,0,0,0,0,0,0,0,0,0,0,0
1982,1,1,0,0,0,0,3475,0,0,0,34,0,0,0,0,0,0,0,0,0,0
1982,1,1,0,0,0,5,2827,0,0,0,3,0,0,0,0,0,0,0,0,0,0
1982,1,1,0,0,0,10,2804,0,0,0,1,0,0,0,0,0,0,0,0,0,0
1982,1,1,0,0,0,15,2456,0,0,0,0,0,0,0,0,0,0,0,0,0,0
1982,1,1,0,0,0,20,1336,0,0,0,0,0,0,0,0,0,0,0,0,0,0
1982,1,1,0,0,0,25,993,0,0,0,1,0,0,0,0,0,0,0,0,0,0
1982,1,1,0,0,0,30,951,0,0,0,1,0,0,0,0,0,0,0,0,0,0
1982,1,1,0,0,0,35,917,0,0,0,2,0,0,0,0,0,0,0,0,0,0
1982,1,1,0,0,0,40,932,0,0,0,2,0,0,0,0,0,0,0,0,0,0
1982,1,1,0,0,0,45,814,0,0,0,4,0,0,0,0,0,0,0,0,0,0
1982,1,1,0,0,0,50,625,0,0,0,7,0,0,0,0,0,0,0,0,0,0
1982,1,1,0,0,0,55,401,0,0,0,1,0,0,0,0,0,0,0,0,0,0
1982,1,1,0,0,0,60,774,0,0,0,19,0,0,0,0,0,0,0,0,0,0
1982,1,1,0,0,0,100,1,0,0,0,0,0,0,0,0,0,0,0,0,0,0
1982,1,1,0,0,1,0,0,0,0,0,0,0,0,0,0,0,0,0,0,0,0
1982,1,1,0,0,1,5,0,0,0,0,0,0,0,0,0,0,0,0,0,0,0
1982,1,1,0,0,1,10,0,0,0,0,0,0,0,0,0,0,0,0,0,0,0
1982,1,1,0,0,1,15,0,0,0,0,0,0,0,0,0,0,0,0,0,0,0
1982,1,1,0,0,1,20,0,0,0,0,0,0,0,0,0,0,0,0,0,0,0
1982,1,1,0,0,1,25,0,0,0,0,0,0,0,0,0,0,0,0,0,0,0
1982,1,1,0,0,1,30,0,0,0,0,0,0,0,0,0,0,0,0,0,0,0
1982,1,1,0,0,1,35,0,0,0,0,0,0,0,0,0,0,0,0,0,0,0
1982,1,1,0,0,1,40,0,0,0,0,0,0,0,0,0,0,0,0,0,0,0
1982,1,1,0,0,1,45,0,0,0,0,0,0,0,0,0,0,0,0,0,0,0
1982,1,1,0,0,1,50,0,0,0,0,0,0,0,0,0,0,0,0,0,0,0
1982,1,1,0,0,1,55,0,0,0,0,0,0,0,0,0,0,0,0,0,0,0
1982,1,1,0,0,1,60,0,0,0,0,0,0,0,0,0,0,0,0,0,0,0
1982,1,1,0,0,1,100,0,0,0,0,0,0,0,0,0,0,0,0,0,0,0
1982,1,1,0,1,0,0,0,0,0,0,0,0,0,0,0,0,0,0,0,0,0
1982,1,1,0,1,0,5,0,0,0,0,0,0,0,0,0,0,0,0,0,0,0
1982,1,1,0,1,0,10,0,0,0,0,0,0,0,0,0,0,0,0,0,0,0
1982,1,1,0,1,0,15,0,0,0,0,0,0,0,0,0,0,0,0,0,0,0
1982,1,1,0,1,0,20,0,0,0,0,0,0,0,0,0,0,0,0,0,0,0
1982,1,1,0,1,0,25,0,0,0,0,0,0,0,0,0,0,0,0,0,0,0
1982,1,1,0,1,0,30,0,0,0,0,0,0,0,0,0,0,0,0,0,0,0
1982,1,1,0,1,0,35,0,0,0,0,0,0,0,0,0,0,0,0,0,0,0
1982,1,1,0,1,0,40,0,0,0,0,0,0,0,0,0,0,0,0,0,0,0
1982,1,1,0,1,0,45,0,0,0,0,0,0,0,0,0,0,0,0,0,0,0
1982,1,1,0,1,0,50,0,0,0,0,0,0,0,0,0,0,0,0,0,0,0
1982,1,1,0,1,0,55,0,0,0,0,0,0,0,0,0,0,0,0,0,0,0
1982,1,1,0,1,0,60,0,0,0,0,0,0,0,0,0,0,0,0,0,0,0
1982,1,1,0,1,0,100,0,0,0,0,0,0,0,0,0,0,0,0,0,0,0
1982,1,1,0,1,1,0,0,0,0,0,0,0,0,0,0,0,0,0,0,0,0
1982,1,1,0,1,1,5,0,0,0,0,0,0,0,0,0,0,0,0,0,0,0
1982,1,1,0,1,1,10,0,0,0,0,0,0,0,0,0,0,0,0,0,0,0
1982,1,1,0,1,1,15,0,0,0,0,0,0,0,0,0,0,0,0,0,0,0
1982,1,1,0,1,1,20,0,0,0,0,0,0,0,0,0,0,0,0,0,0,0
1982,1,1,0,1,1,25,0,0,0,0,0,0,0,0,0,0,0,0,0,0,0
1982,1,1,0,1,1,30,0,0,0,0,0,0,0,0,0,0,0,0,0,0,0
1982,1,1,0,1,1,35,0,0,0,0,0,0,0,0,0,0,0,0,0,0,0
1982,1,1,0,1,1,40,0,0,0,0,0,0,0,0,0,0,0,0,0,0,0
1982,1,1,0,1,1,45,0,0,0,0,0,0,0,0,0,0,0,0,0,0,0
1982,1,1,0,1,1,50,0,0,0,0,0,0,0,0,0,0,0,0,0,0,0
1982,1,1,0,1,1,55,0,0,0,0,0,0,0,0,0,0,0,0,0,0,0
1982,1,1,0,1,1,60,0,0,0,0,0,0,0,0,0,0,0,0,0,0,0
1982,1,1,0,1,1,100,0,0,0,0,0,0,0,0,0,0,0,0,0,0,0
1982.5,1,0,0,0,0,0,3314,0,0,0,36,0,0,0,0,0,0,0,0,0,0
1982.5,1,0,0,0,0,5,2808,0,0,0,3,0,0,0,0,0,0,0,0,0,0
1982.5,1,0,0,0,0,10,2701,0,0,0,5,0,0,0,0,0,0,0,0,0,4
1982.5,1,0,0,0,0,15,2332,0,0,0,5,0,0,0,0,0,0,0,0,0,5
1982.5,1,0,0,0,0,20,1359,0,0,0,5,0,0,0,0,0,0,0,0,0,9
1982.5,1,0,0,0,0,25,918,0,0,0,3,0,0,0,0,0,0,0,0,0,0
1982.5,1,0,0,0,0,30,784,0,0,0,7,0,0,0,0,0,0,0,0,0,0
1982.5,1,0,0,0,0,35,778,0,0,0,2,0,0,0,0,0,0,0,0,0,0
1982.5,1,0,0,0,0,40,759,0,0,0,9,0,0,0,0,0,0,0,0,0,0
1982.5,1,0,0,0,0,45,631,0,0,0,7,0,0,0,0,0,0,0,0,0,0
1982.5,1,0,0,0,0,50,497,0,0,0,7,0,0,0,0,0,0,0,0,0,0
1982.5,1,0,0,0,0,55,329,0,0,0,3,0,0,0,0,0,0,0,0,0,0
1982.5,1,0,0,0,0,60,452,0,0,0,20,0,0,0,0,0,0,0,0,0,0
1982.5,1,0,0,0,0,100,0,0,0,0,0,0,0,0,0,0,0,0,0,0,0
1982.5,1,0,0,0,1,0,0,0,0,0,0,0,0,0,0,0,0,0,0,0,0
1982.5,1,0,0,0,1,5,0,0,0,0,0,0,0,0,0,0,0,0,0,0,0
1982.5,1,0,0,0,1,10,0,0,0,0,0,0,0,0,0,0,0,0,0,0,0
1982.5,1,0,0,0,1,15,0,0,0,0,0,0,0,0,0,0,0,0,0,0,0
1982.5,1,0,0,0,1,20,0,0,0,0,0,0,0,0,0,0,0,0,0,0,0
1982.5,1,0,0,0,1,25,0,0,0,0,0,0,0,0,0,0,0,0,0,0,0
1982.5,1,0,0,0,1,30,0,0,0,0,0,0,0,0,0,0,0,0,0,0,0
1982.5,1,0,0,0,1,35,0,0,0,0,0,0,0,0,0,0,0,0,0,0,0
1982.5,1,0,0,0,1,40,0,0,0,0,0,0,0,0,0,0,0,0,0,0,0
1982.5,1,0,0,0,1,45,0,0,0,0,0,0,0,0,0,0,0,0,0,0,0
1982.5,1,0,0,0,1,50,0,0,0,0,0,0,0,0,0,0,0,0,0,0,0
1982.5,1,0,0,0,1,55,0,0,0,0,0,0,0,0,0,0,0,0,0,0,0
1982.5,1,0,0,0,1,60,0,0,0,0,0,0,0,0,0,0,0,0,0,0,0
1982.5,1,0,0,0,1,100,0,0,0,0,0,0,0,0,0,0,0,0,0,0,0
1982.5,1,0,0,1,0,0,0,0,0,0,0,0,0,0,0,0,0,0,0,0,0
1982.5,1,0,0,1,0,5,0,0,0,0,0,0,0,0,0,0,0,0,0,0,0
1982.5,1,0,0,1,0,10,0,0,0,0,0,0,0,0,0,0,0,0,0,0,0
1982.5,1,0,0,1,0,15,3,3,4,0,0,0,0,0,0,0,0,2,0,0,0
1982.5,1,0,0,1,0,20,17,17,18,0,0,0,0,0,0,0,0,4,0,0,0
1982.5,1,0,0,1,0,25,23,23,22,0,1,1,0,0,0,0,0,16,0,0,0
1982.5,1,0,0,1,0,30,19,19,19,0,0,0,0,0,0,0,0,25,0,0,0
1982.5,1,0,0,1,0,35,12,12,12,0,0,0,0,0,0,0,0,8,0,0,0
1982.5,1,0,0,1,0,40,1,1,1,0,0,0,0,0,0,0,0,0,0,0,0
1982.5,1,0,0,1,0,45,1,1,1,0,0,0,0,0,0,0,0,0,0,0,0
1982.5,1,0,0,1,0,50,0,0,0,0,0,0,0,0,0,0,0,0,0,0,0
1982.5,1,0,0,1,0,55,0,0,0,0,0,0,0,0,0,0,0,0,0,0,0
1982.5,1,0,0,1,0,60,0,0,0,0,0,0,0,0,0,0,0,0,0,0,0
1982.5,1,0,0,1,0,100,0,0,0,0,0,0,0,0,0,0,0,0,0,0,0
1982.5,1,0,0,1,1,0,0,0,0,0,0,0,0,0,0,0,0,0,0,0,0
1982.5,1,0,0,1,1,5,0,0,0,0,0,0,0,0,0,0,0,0,0,0,0
1982.5,1,0,0,1,1,10,0,0,0,0,0,0,0,0,0,0,0,0,0,0,0
1982.5,1,0,0,1,1,15,0,0,0,0,0,0,0,0,0,0,0,0,0,0,0
1982.5,1,0,0,1,1,20,0,0,0,0,0,0,0,0,0,0,0,0,0,0,0
1982.5,1,0,0,1,1,25,0,0,0,0,0,0,0,0,0,0,0,0,0,0,0
1982.5,1,0,0,1,1,30,0,0,0,0,0,0,0,0,0,0,0,0,0,0,0
1982.5,1,0,0,1,1,35,0,0,0,0,0,0,0,0,0,0,0,0,0,0,0
1982.5,1,0,0,1,1,40,0,0,0,0,0,0,0,0,0,0,0,0,0,0,0
1982.5,1,0,0,1,1,45,0,0,0,0,0,0,0,0,0,0,0,0,0,0,0
1982.5,1,0,0,1,1,50,0,0,0,0,0,0,0,0,0,0,0,0,0,0,0
1982.5,1,0,0,1,1,55,0,0,0,0,0,0,0,0,0,0,0,0,0,0,0
1982.5,1,0,0,1,1,60,0,0,0,0,0,0,0,0,0,0,0,0,0,0,0
1982.5,1,0,0,1,1,100,0,0,0,0,0,0,0,0,0,0,0,0,0,0,0
1982.5,1,0,1,0,0,0,0,0,0,0,0,0,0,0,0,0,0,0,0,0,0
1982.5,1,0,1,0,0,5,2,0,0,0,0,0,0,0,0,0,0,0,0,0,0
1982.5,1,0,1,0,0,10,12,0,0,0,0,0,0,0,0,0,0,0,0,0,0
1982.5,1,0,1,0,0,15,48,0,0,0,0,0,0,0,0,0,0,0,0,0,0
1982.5,1,0,1,0,0,20,94,0,0,0,0,0,0,0,0,0,0,0,0,0,0
1982.5,1,0,1,0,0,25,75,0,0,0,0,0,0,0,0,0,0,0,0,0,0
1982.5,1,0,1,0,0,30,74,0,0,0,0,0,0,0,0,0,0,0,0,0,0
1982.5,1,0,1,0,0,35,64,0,0,0,0,0,0,0,0,0,0,0,0,0,0
1982.5,1,0,1,0,0,40,79,0,0,0,0,0,0,0,0,0,0,0,0,0,0
1982.5,1,0,1,0,0,45,57,0,0,0,0,0,0,0,0,0,0,0,0,0,0
1982.5,1,0,1,0,0,50,55,0,0,0,0,0,0,0,0,0,0,0,0,0,0
1982.5,1,0,1,0,0,55,21,0,0,0,0,0,0,0,0,0,0,0,0,0,0
1982.5,1,0,1,0,0,60,40,0,0,0,0,0,0,0,0,0,0,0,0,0,0
1982.5,1,0,1,0,0,100,0,0,0,0,0,0,0,0,0,0,0,0,0,0,0
1982.5,1,0,1,0,1,0,0,0,0,0,0,0,0,0,0,0,0,0,0,0,0
1982.5,1,0,1,0,1,5,0,0,0,0,0,0,0,0,0,0,0,0,0,0,0
1982.5,1,0,1,0,1,10,0,0,0,0,0,0,0,0,0,0,0,0,0,0,0
1982.5,1,0,1,0,1,15,0,0,0,0,0,0,0,0,0,0,0,0,0,0,0
1982.5,1,0,1,0,1,20,0,0,0,0,0,0,0,0,0,0,0,0,0,0,0
1982.5,1,0,1,0,1,25,0,0,0,0,0,0,0,0,0,0,0,0,0,0,0
1982.5,1,0,1,0,1,30,0,0,0,0,0,0,0,0,0,0,0,0,0,0,0
1982.5,1,0,1,0,1,35,0,0,0,0,0,0,0,0,0,0,0,0,0,0,0
1982.5,1,0,1,0,1,40,0,0,0,0,0,0,0,0,0,0,0,0,0,0,0
1982.5,1,0,1,0,1,45,0,0,0,0,0,0,0,0,0,0,0,0,0,0,0
1982.5,1,0,1,0,1,50,0,0,0,0,0,0,0,0,0,0,0,0,0,0,0
1982.5,1,0,1,0,1,55,0,0,0,0,0,0,0,0,0,0,0,0,0,0,0
1982.5,1,0,1,0,1,60,0,0,0,0,0,0,0,0,0,0,0,0,0,0,0
1982.5,1,0,1,0,1,100,0,0,0,0,0,0,0,0,0,0,0,0,0,0,0
1982.5,1,0,1,1,0,0,0,0,0,0,0,0,0,0,0,0,0,0,0,0,0
1982.5,1,0,1,1,0,5,0,0,0,0,0,0,0,0,0,0,0,0,0,0,0
1982.5,1,0,1,1,0,10,0,0,0,0,0,0,0,0,0,0,0,0,0,0,0
1982.5,1,0,1,1,0,15,0,0,0,0,0,0,0,0,0,0,0,0,0,0,0
1982.5,1,0,1,1,0,20,0,0,0,0,0,0,0,0,0,0,0,0,0,0,0
1982.5,1,0,1,1,0,25,0,0,0,0,0,0,0,0,0,0,0,0,0,0,0
1982.5,1,0,1,1,0,30,1,1,2,0,0,0,0,0,0,0,0,0,0,0,0
1982.5,1,0,1,1,0,35,1,1,0,0,0,0,0,0,0,0,0,0,0,0,0
1982.5,1,0,1,1,0,40,0,0,0,0,0,0,0,0,0,0,0,0,0,0,0
1982.5,1,0,1,1,0,45,0,0,0,0,0,0,0,0,0,0,0,0,0,0,0
1982.5,1,0,1,1,0,50,0,0,0,0,0,0,0,0,0,0,0,0,0,0,0
1982.5,1,0,1,1,0,55,0,0,0,0,0,0,0,0,0,0,0,0,0,0,0
1982.5,1,0,1,1,0,60,0,0,0,0,0,0,0,0,0,0,0,0,0,0,0
1982.5,1,0,1,1,0,100,0,0,0,0,0,0,0,0,0,0,0,0,0,0,0
1982.5,1,0,1,1,1,0,0,0,0,0,0,0,0,0,0,0,0,0,0,0,0
1982.5,1,0,1,1,1,5,0,0,0,0,0,0,0,0,0,0,0,0,0,0,0
1982.5,1,0,1,1,1,10,0,0,0,0,0,0,0,0,0,0,0,0,0,0,0
1982.5,1,0,1,1,1,15,0,0,0,0,0,0,0,0,0,0,0,0,0,0,0
1982.5,1,0,1,1,1,20,0,0,0,0,0,0,0,0,0,0,0,0,0,0,0
1982.5,1,0,1,1,1,25,0,0,0,0,0,0,0,0,0,0,0,0,0,0,0
1982.5,1,0,1,1,1,30,0,0,0,0,0,0,0,0,0,0,0,0,0,0,0
1982.5,1,0,1,1,1,35,0,0,0,0,0,0,0,0,0,0,0,0,0,0,0
1982.5,1,0,1,1,1,40,0,0,0,0,0,0,0,0,0,0,0,0,0,0,0
1982.5,1,0,1,1,1,45,0,0,0,0,0,0,0,0,0,0,0,0,0,0,0
1982.5,1,0,1,1,1,50,0,0,0,0,0,0,0,0,0,0,0,0,0,0,0
1982.5,1,0,1,1,1,55,0,0,0,0,0,0,0,0,0,0,0,0,0,0,0
1982.5,1,0,1,1,1,60,0,0,0,0,0,0,0,0,0,0,0,0,0,0,0
1982.5,1,0,1,1,1,100,0,0,0,0,0,0,0,0,0,0,0,0,0,0,0
1982.5,1,1,0,0,0,0,3531,0,0,0,31,0,0,0,0,0,0,0,0,0,0
1982.5,1,1,0,0,0,5,2861,0,0,0,0,0,0,0,0,0,0,0,0,0,0
1982.5,1,1,0,0,0,10,2805,0,0,0,2,0,0,0,0,0,0,0,0,0,0
1982.5,1,1,0,0,0,15,2491,0,0,0,3,0,0,0,0,0,0,0,0,0,0
1982.5,1,1,0,0,0,20,1424,0,0,0,0,0,0,0,0,0,0,0,0,0,0
1982.5,1,1,0,0,0,25,995,0,0,0,0,0,0,0,0,0,0,0,0,0,0
1982.5,1,1,0,0,0,30,950,0,0,0,3,0,0,0,0,0,0,0,0,0,0
1982.5,1,1,0,0,0,35,922,0,0,0,3,0,0,0,0,0,0,0,0,0,0
1982.5,1,1,0,0,0,40,902,0,0,0,2,0,0,0,0,0,0,0,0,0,0
1982.5,1,1,0,0,0,45,846,0,0,0,3,0,0,0,0,0,0,0,0,0,0
1982.5,1,1,0,0,0,50,615,0,0,0,6,0,0,0,0,0,0,0,0,0,0
1982.5,1,1,0,0,0,55,438,0,0,0,2,0,0,0,0,0,0,0,0,0,0
1982.5,1,1,0,0,0,60,780,0,0,0,27,0,0,0,0,0,0,0,0,0,0
1982.5,1,1,0,0,0,100,1,0,0,0,0,0,0,0,0,0,0,0,0,0,0
1982.5,1,1,0,0,1,0,0,0,0,0,0,0,0,0,0,0,0,0,0,0,0
1982.5,1,1,0,0,1,5,0,0,0,0,0,0,0,0,0,0,0,0,0,0,0
1982.5,1,1,0,0,1,10,0,0,0,0,0,0,0,0,0,0,0,0,0,0,0
1982.5,1,1,0,0,1,15,0,0,0,0,0,0,0,0,0,0,0,0,0,0,0
1982.5,1,1,0,0,1,20,0,0,0,0,0,0,0,0,0,0,0,0,0,0,0
1982.5,1,1,0,0,1,25,0,0,0,0,0,0,0,0,0,0,0,0,0,0,0
1982.5,1,1,0,0,1,30,0,0,0,0,0,0,0,0,0,0,0,0,0,0,0
1982.5,1,1,0,0,1,35,0,0,0,0,0,0,0,0,0,0,0,0,0,0,0
1982.5,1,1,0,0,1,40,0,0,0,0,0,0,0,0,0,0,0,0,0,0,0
1982.5,1,1,0,0,1,45,0,0,0,0,0,0,0,0,0,0,0,0,0,0,0
1982.5,1,1,0,0,1,50,0,0,0,0,0,0,0,0,0,0,0,0,0,0,0
1982.5,1,1,0,0,1,55,0,0,0,0,0,0,0,0,0,0,0,0,0,0,0
1982.5,1,1,0,0,1,60,0,0,0,0,0,0,0,0,0,0,0,0,0,0,0
1982.5,1,1,0,0,1,100,0,0,0,0,0,0,0,0,0,0,0,0,0,0,0
1982.5,1,1,0,1,0,0,0,0,2,0,1,1,0,0,0,0,0,0,0,0,0
1982.5,1,1,0,1,0,5,0,0,0,0,0,0,0,0,0,0,0,0,0,0,0
1982.5,1,1,0,1,0,10,0,0,0,0,0,0,0,0,0,0,0,0,0,0,0
1982.5,1,1,0,1,0,15,11,11,12,0,0,0,0,0,0,0,0,14,0,0,0
1982.5,1,1,0,1,0,20,26,26,26,0,0,0,0,0,0,0,0,25,0,0,0
1982.5,1,1,0,1,0,25,10,10,10,0,1,1,0,0,0,0,0,2,0,0,0
1982.5,1,1,0,1,0,30,6,6,6,0,0,0,0,0,0,0,0,1,0,0,0
1982.5,1,1,0,1,0,35,6,6,6,0,0,0,0,0,0,0,0,0,0,0,0
1982.5,1,1,0,1,0,40,2,2,2,0,0,0,0,0,0,0,0,4,0,0,0
1982.5,1,1,0,1,0,45,0,0,0,0,0,0,0,0,0,0,0,0,0,0,0
1982.5,1,1,0,1,0,50,0,0,0,0,0,0,0,0,0,0,0,0,0,0,0
1982.5,1,1,0,1,0,55,0,0,0,0,0,0,0,0,0,0,0,0,0,0,0
1982.5,1,1,0,1,0,60,0,0,0,0,0,0,0,0,0,0,0,0,0,0,0
1982.5,1,1,0,1,0,100,0,0,0,0,0,0,0,0,0,0,0,0,0,0,0
1982.5,1,1,0,1,1,0,0,0,0,0,0,0,0,0,0,0,0,0,0,0,0
1982.5,1,1,0,1,1,5,0,0,0,0,0,0,0,0,0,0,0,0,0,0,0
1982.5,1,1,0,1,1,10,0,0,0,0,0,0,0,0,0,0,0,0,0,0,0
1982.5,1,1,0,1,1,15,0,0,0,0,0,0,0,0,0,0,0,0,0,0,0
1982.5,1,1,0,1,1,20,0,0,0,0,0,0,0,0,0,0,0,0,0,0,0
1982.5,1,1,0,1,1,25,0,0,0,0,0,0,0,0,0,0,0,0,0,0,0
1982.5,1,1,0,1,1,30,0,0,0,0,0,0,0,0,0,0,0,0,0,0,0
1982.5,1,1,0,1,1,35,0,0,0,0,0,0,0,0,0,0,0,0,0,0,0
1982.5,1,1,0,1,1,40,0,0,0,0,0,0,0,0,0,0,0,0,0,0,0
1982.5,1,1,0,1,1,45,0,0,0,0,0,0,0,0,0,0,0,0,0,0,0
1982.5,1,1,0,1,1,50,0,0,0,0,0,0,0,0,0,0,0,0,0,0,0
1982.5,1,1,0,1,1,55,0,0,0,0,0,0,0,0,0,0,0,0,0,0,0
1982.5,1,1,0,1,1,60,0,0,0,0,0,0,0,0,0,0,0,0,0,0,0
1982.5,1,1,0,1,1,100,0,0,0,0,0,0,0,0,0,0,0,0,0,0,0
1983,1,0,0,0,0,0,3360,0,0,0,44,0,0,0,0,0,0,0,0,0,0
1983,1,0,0,0,0,5,2816,0,0,0,3,0,0,0,0,0,0,0,0,0,0
1983,1,0,0,0,0,10,2716,0,0,0,2,0,0,0,0,0,0,0,0,0,4
1983,1,0,0,0,0,15,2375,0,0,0,3,0,0,0,0,0,0,0,0,0,4
1983,1,0,0,0,0,20,1437,0,0,0,1,0,0,0,0,0,0,0,0,0,2
1983,1,0,0,0,0,25,872,0,0,0,3,0,0,0,0,0,0,0,0,0,0
1983,1,0,0,0,0,30,760,0,0,0,0,0,0,0,0,0,0,0,0,0,0
1983,1,0,0,0,0,35,739,0,0,0,1,0,0,0,0,0,0,0,0,0,0
1983,1,0,0,0,0,40,776,0,0,0,3,0,0,0,0,0,0,0,0,0,0
1983,1,0,0,0,0,45,638,0,0,0,5,0,0,0,0,0,0,0,0,0,0
1983,1,0,0,0,0,50,495,0,0,0,4,0,0,0,0,0,0,0,0,0,0
1983,1,0,0,0,0,55,348,0,0,0,8,0,0,0,0,0,0,0,0,0,0
1983,1,0,0,0,0,60,455,0,0,0,16,0,0,0,0,0,0,0,0,0,0
1983,1,0,0,0,0,100,0,0,0,0,0,0,0,0,0,0,0,0,0,0,0
1983,1,0,0,0,1,0,0,0,0,0,0,0,0,0,0,0,0,0,0,0,0
1983,1,0,0,0,1,5,0,0,0,0,0,0,0,0,0,0,0,0,0,0,0
1983,1,0,0,0,1,10,0,0,0,0,0,0,0,0,0,0,0,0,0,0,0
1983,1,0,0,0,1,15,0,0,0,0,0,0,0,0,0,0,0,0,0,0,0
1983,1,0,0,0,1,20,0,0,0,0,0,0,0,0,0,0,0,0,0,0,0
1983,1,0,0,0,1,25,0,0,0,0,0,0,0,0,0,0,0,0,0,0,0
1983,1,0,0,0,1,30,0,0,0,0,0,0,0,0,0,0,0,0,0,0,0
1983,1,0,0,0,1,35,0,0,0,0,0,0,0,0,0,0,0,0,0,0,0
1983,1,0,0,0,1,40,0,0,0,0,0,0,0,0,0,0,0,0,0,0,0
1983,1,0,0,0,1,45,0,0,0,0,0,0,0,0,0,0,0,0,0,0,0
1983,1,0,0,0,1,50,0,0,0,0,0,0,0,0,0,0,0,0,0,0,0
1983,1,0,0,0,1,55,0,0,0,0,0,0,0,0,0,0,0,0,0,0,0
1983,1,0,0,0,1,60,0,0,0,0,0,0,0,0,0,0,0,0,0,0,0
1983,1,0,0,0,1,100,0,0,0,0,0,0,0,0,0,0,0,0,0,0,0
1983,1,0,0,1,0,0,3,3,3,0,1,1,0,0,0,0,0,0,0,0,0
1983,1,0,0,1,0,5,0,0,0,0,0,0,0,0,0,0,0,0,0,0,0
1983,1,0,0,1,0,10,0,0,0,0,0,0,0,0,0,0,0,0,0,0,0
1983,1,0,0,1,0,15,18,18,17,0,0,0,0,0,0,0,0,11,0,0,0
1983,1,0,0,1,0,20,48,48,35,0,1,1,0,0,0,0,0,35,0,0,0
1983,1,0,0,1,0,25,76,76,52,0,1,1,0,0,0,0,0,71,0,0,0
1983,1,0,0,1,0,30,57,57,39,0,2,2,0,0,0,0,0,60,0,0,0
1983,1,0,0,1,0,35,28,28,15,0,1,1,0,0,0,0,0,37,0,0,0
1983,1,0,0,1,0,40,8,8,6,0,0,0,0,0,0,0,0,1,0,0,0
1983,1,0,0,1,0,45,1,1,0,0,0,0,0,0,0,0,0,0,0,0,0
1983,1,0,0,1,0,50,2,2,2,0,0,0,0,0,0,0,0,0,0,0,0
1983,1,0,0,1,0,55,0,0,0,0,0,0,0,0,0,0,0,0,0,0,0
1983,1,0,0,1,0,60,0,0,0,0,0,0,0,0,0,0,0,0,0,0,0
1983,1,0,0,1,0,100,0,0,0,0,0,0,0,0,0,0,0,0,0,0,0
1983,1,0,0,1,1,0,0,0,0,0,0,0,0,0,0,0,0,0,0,0,0
1983,1,0,0,1,1,5,0,0,0,0,0,0,0,0,0,0,0,0,0,0,0
1983,1,0,0,1,1,10,0,0,0,0,0,0,0,0,0,0,0,0,0,0,0
1983,1,0,0,1,1,15,0,0,0,0,0,0,0,0,0,0,0,0,0,0,0
1983,1,0,0,1,1,20,0,0,0,0,0,0,0,0,0,0,0,0,0,0,0
1983,1,0,0,1,1,25,0,0,0,0,0,0,0,0,0,0,0,0,0,0,0
1983,1,0,0,1,1,30,0,0,0,0,0,0,0,0,0,0,0,0,0,0,0
1983,1,0,0,1,1,35,0,0,0,0,0,0,0,0,0,0,0,0,0,0,0
1983,1,0,0,1,1,40,0,0,0,0,0,0,0,0,0,0,0,0,0,0,0
1983,1,0,0,1,1,45,0,0,0,0,0,0,0,0,0,0,0,0,0,0,0
1983,1,0,0,1,1,50,0,0,0,0,0,0,0,0,0,0,0,0,0,0,0
1983,1,0,0,1,1,55,0,0,0,0,0,0,0,0,0,0,0,0,0,0,0
1983,1,0,0,1,1,60,0,0,0,0,0,0,0,0,0,0,0,0,0,0,0
1983,1,0,0,1,1,100,0,0,0,0,0,0,0,0,0,0,0,0,0,0,0
1983,1,0,1,0,0,0,0,0,0,0,0,0,0,0,0,0,0,0,0,0,0
1983,1,0,1,0,0,5,1,0,0,0,0,0,0,0,0,0,0,0,0,0,0
1983,1,0,1,0,0,10,15,0,0,0,0,0,0,0,0,0,0,0,0,0,0
1983,1,0,1,0,0,15,46,0,0,0,0,0,0,0,0,0,0,0,0,0,0
1983,1,0,1,0,0,20,91,0,0,0,0,0,0,0,0,0,0,0,0,0,0
1983,1,0,1,0,0,25,78,0,0,0,0,0,0,0,0,0,0,0,0,0,0
1983,1,0,1,0,0,30,71,0,0,0,0,0,0,0,0,0,0,0,0,0,0
1983,1,0,1,0,0,35,64,0,0,0,0,0,0,0,0,0,0,0,0,0,0
1983,1,0,1,0,0,40,76,0,0,0,1,0,0,0,0,0,0,0,0,0,0
1983,1,0,1,0,0,45,63,0,0,0,0,0,0,0,0,0,0,0,0,0,0
1983,1,0,1,0,0,50,55,0,0,0,0,0,0,0,0,0,0,0,0,0,0
1983,1,0,1,0,0,55,21,0,0,0,2,0,0,0,0,0,0,0,0,0,0
1983,1,0,1,0,0,60,39,0,0,0,1,0,0,0,0,0,0,0,0,0,0
1983,1,0,1,0,0,100,0,0,0,0,0,0,0,0,0,0,0,0,0,0,0
1983,1,0,1,0,1,0,0,0,0,0,0,0,0,0,0,0,0,0,0,0,0
1983,1,0,1,0,1,5,0,0,0,0,0,0,0,0,0,0,0,0,0,0,0
1983,1,0,1,0,1,10,0,0,0,0,0,0,0,0,0,0,0,0,0,0,0
1983,1,0,1,0,1,15,0,0,0,0,0,0,0,0,0,0,0,0,0,0,0
1983,1,0,1,0,1,20,0,0,0,0,0,0,0,0,0,0,0,0,0,0,0
1983,1,0,1,0,1,25,0,0,0,0,0,0,0,0,0,0,0,0,0,0,0
1983,1,0,1,0,1,30,0,0,0,0,0,0,0,0,0,0,0,0,0,0,0
1983,1,0,1,0,1,35,0,0,0,0,0,0,0,0,0,0,0,0,0,0,0
1983,1,0,1,0,1,40,0,0,0,0,0,0,0,0,0,0,0,0,0,0,0
1983,1,0,1,0,1,45,0,0,0,0,0,0,0,0,0,0,0,0,0,0,0
1983,1,0,1,0,1,50,0,0,0,0,0,0,0,0,0,0,0,0,0,0,0
1983,1,0,1,0,1,55,0,0,0,0,0,0,0,0,0,0,0,0,0,0,0
1983,1,0,1,0,1,60,0,0,0,0,0,0,0,0,0,0,0,0,0,0,0
1983,1,0,1,0,1,100,0,0,0,0,0,0,0,0,0,0,0,0,0,0,0
1983,1,0,1,1,0,0,0,0,0,0,0,0,0,0,0,0,0,0,0,0,0
1983,1,0,1,1,0,5,0,0,0,0,0,0,0,0,0,0,0,0,0,0,0
1983,1,0,1,1,0,10,0,0,0,0,0,0,0,0,0,0,0,0,0,0,0
1983,1,0,1,1,0,15,1,1,1,0,0,0,0,0,0,0,0,1,0,0,0
1983,1,0,1,1,0,20,0,0,0,0,0,0,0,0,0,0,0,0,0,0,0
1983,1,0,1,1,0,25,2,2,2,0,0,0,0,0,0,0,0,1,0,0,0
1983,1,0,1,1,0,30,3,3,3,0,0,0,0,0,0,0,0,8,0,0,0
1983,1,0,1,1,0,35,3,3,1,0,0,0,0,0,0,0,0,2,0,0,0
1983,1,0,1,1,0,40,0,0,0,0,0,0,0,0,0,0,0,0,0,0,0
1983,1,0,1,1,0,45,0,0,0,0,0,0,0,0,0,0,0,0,0,0,0
1983,1,0,1,1,0,50,0,0,0,0,0,0,0,0,0,0,0,0,0,0,0
1983,1,0,1,1,0,55,0,0,0,0,0,0,0,0,0,0,0,0,0,0,0
1983,1,0,1,1,0,60,0,0,0,0,0,0,0,0,0,0,0,0,0,0,0
1983,1,0,1,1,0,100,0,0,0,0,0,0,0,0,0,0,0,0,0,0,0
1983,1,0,1,1,1,0,0,0,0,0,0,0,0,0,0,0,0,0,0,0,0
1983,1,0,1,1,1,5,0,0,0,0,0,0,0,0,0,0,0,0,0,0,0
1983,1,0,1,1,1,10,0,0,0,0,0,0,0,0,0,0,0,0,0,0,0
1983,1,0,1,1,1,15,0,0,0,0,0,0,0,0,0,0,0,0,0,0,0
1983,1,0,1,1,1,20,0,0,0,0,0,0,0,0,0,0,0,0,0,0,0
1983,1,0,1,1,1,25,0,0,0,0,0,0,0,0,0,0,0,0,0,0,0
1983,1,0,1,1,1,30,0,0,0,0,0,0,0,0,0,0,0,0,0,0,0
1983,1,0,1,1,1,35,0,0,0,0,0,0,0,0,0,0,0,0,0,0,0
1983,1,0,1,1,1,40,0,0,0,0,0,0,0,0,0,0,0,0,0,0,0
1983,1,0,1,1,1,45,0,0,0,0,0,0,0,0,0,0,0,0,0,0,0
1983,1,0,1,1,1,50,0,0,0,0,0,0,0,0,0,0,0,0,0,0,0
1983,1,0,1,1,1,55,0,0,0,0,0,0,0,0,0,0,0,0,0,0,0
1983,1,0,1,1,1,60,0,0,0,0,0,0,0,0,0,0,0,0,0,0,0
1983,1,0,1,1,1,100,0,0,0,0,0,0,0,0,0,0,0,0,0,0,0
1983,1,1,0,0,0,0,3589,0,0,0,22,0,0,0,0,0,0,0,0,0,0
1983,1,1,0,0,0,5,2880,0,0,0,1,0,0,0,0,0,0,0,0,0,0
1983,1,1,0,0,0,10,2826,0,0,0,2,0,0,0,0,0,0,0,0,0,0
1983,1,1,0,0,0,15,2489,0,0,0,5,0,0,0,0,0,0,0,0,0,0
1983,1,1,0,0,0,20,1465,0,0,0,0,0,0,0,0,0,0,0,0,0,0
1983,1,1,0,0,0,25,941,0,0,0,5,0,0,0,0,0,0,0,0,0,0
1983,1,1,0,0,0,30,917,0,0,0,2,0,0,0,0,0,0,0,0,0,0
1983,1,1,0,0,0,35,906,0,0,0,2,0,0,0,0,0,0,0,0,0,0
1983,1,1,0,0,0,40,895,0,0,0,5,0,0,0,0,0,0,0,0,0,0
1983,1,1,0,0,0,45,869,0,0,0,7,0,0,0,0,0,0,0,0,0,0
1983,1,1,0,0,0,50,618,0,0,0,8,0,0,0,0,0,0,0,0,0,0
1983,1,1,0,0,0,55,442,0,0,0,6,0,0,0,0,0,0,0,0,0,0
1983,1,1,0,0,0,60,793,0,0,0,19,0,0,0,0,0,0,0,0,0,0
1983,1,1,0,0,0,100,1,0,0,0,0,0,0,0,0,0,0,0,0,0,0
1983,1,1,0,0,1,0,0,0,0,0,0,0,0,0,0,0,0,0,0,0,0
1983,1,1,0,0,1,5,0,0,0,0,0,0,0,0,0,0,0,0,0,0,0
1983,1,1,0,0,1,10,0,0,0,0,0,0,0,0,0,0,0,0,0,0,0
1983,1,1,0,0,1,15,0,0,0,0,0,0,0,0,0,0,0,0,0,0,0
1983,1,1,0,0,1,20,0,0,0,0,0,0,0,0,0,0,0,0,0,0,0
1983,1,1,0,0,1,25,0,0,0,0,0,0,0,0,0,0,0,0,0,0,0
1983,1,1,0,0,1,30,0,0,0,0,0,0,0,0,0,0,0,0,0,0,0
1983,1,1,0,0,1,35,0,0,0,0,0,0,0,0,0,0,0,0,0,0,0
1983,1,1,0,0,1,40,0,0,0,0,0,0,0,0,0,0,0,0,0,0,0
1983,1,1,0,0,1,45,0,0,0,0,0,0,0,0,0,0,0,0,0,0,0
1983,1,1,0,0,1,50,0,0,0,0,0,0,0,0,0,0,0,0,0,0,0
1983,1,1,0,0,1,55,0,0,0,0,0,0,0,0,0,0,0,0,0,0,0
1983,1,1,0,0,1,60,0,0,0,0,0,0,0,0,0,0,0,0,0,0,0
1983,1,1,0,0,1,100,0,0,0,0,0,0,0,0,0,0,0,0,0,0,0
1983,1,1,0,1,0,0,2,2,4,0,1,1,0,0,0,0,0,0,0,0,0
1983,1,1,0,1,0,5,0,0,0,0,0,0,0,0,0,0,0,0,0,0,0
1983,1,1,0,1,0,10,10,10,12,0,0,0,0,0,0,0,0,6,0,0,0
1983,1,1,0,1,0,15,57,57,48,0,0,0,0,0,0,0,0,61,0,0,0
1983,1,1,0,1,0,20,91,91,63,0,0,0,0,0,0,0,0,47,0,0,0
1983,1,1,0,1,0,25,60,60,49,0,0,0,0,0,0,0,0,27,0,0,0
1983,1,1,0,1,0,30,43,43,37,0,0,0,0,0,0,0,0,24,0,0,0
1983,1,1,0,1,0,35,16,16,9,0,0,0,0,0,0,0,0,3,0,0,0
1983,1,1,0,1,0,40,8,8,6,0,0,0,0,0,0,0,0,4,0,0,0
1983,1,1,0,1,0,45,2,2,2,0,0,0,0,0,0,0,0,0,0,0,0
1983,1,1,0,1,0,50,1,1,1,0,0,0,0,0,0,0,0,1,0,0,0
1983,1,1,0,1,0,55,0,0,0,0,0,0,0,0,0,0,0,0,0,0,0
1983,1,1,0,1,0,60,0,0,0,0,0,0,0,0,0,0,0,0,0,0,0
1983,1,1,0,1,0,100,0,0,0,0,0,0,0,0,0,0,0,0,0,0,0
1983,1,1,0,1,1,0,0,0,0,0,0,0,0,0,0,0,0,0,0,0,0
1983,1,1,0,1,1,5,0,0,0,0,0,0,0,0,0,0,0,0,0,0,0
1983,1,1,0,1,1,10,0,0,0,0,0,0,0,0,0,0,0,0,0,0,0
1983,1,1,0,1,1,15,0,0,0,0,0,0,0,0,0,0,0,0,0,0,0
1983,1,1,0,1,1,20,0,0,0,0,0,0,0,0,0,0,0,0,0,0,0
1983,1,1,0,1,1,25,0,0,0,0,0,0,0,0,0,0,0,0,0,0,0
1983,1,1,0,1,1,30,0,0,0,0,0,0,0,0,0,0,0,0,0,0,0
1983,1,1,0,1,1,35,0,0,0,0,0,0,0,0,0,0,0,0,0,0,0
1983,1,1,0,1,1,40,0,0,0,0,0,0,0,0,0,0,0,0,0,0,0
1983,1,1,0,1,1,45,0,0,0,0,0,0,0,0,0,0,0,0,0,0,0
1983,1,1,0,1,1,50,0,0,0,0,0,0,0,0,0,0,0,0,0,0,0
1983,1,1,0,1,1,55,0,0,0,0,0,0,0,0,0,0,0,0,0,0,0
1983,1,1,0,1,1,60,0,0,0,0,0,0,0,0,0,0,0,0,0,0,0
1983,1,1,0,1,1,100,0,0,0,0,0,0,0,0,0,0,0,0,0,0,0
1983.5,1,0,0,0,0,0,3406,0,0,0,25,0,0,0,0,0,0,0,0,0,0
1983.5,1,0,0,0,0,5,2837,0,0,0,2,0,0,0,0,0,0,0,0,0,1
1983.5,1,0,0,0,0,10,2727,0,0,0,4,0,0,0,0,0,0,0,0,0,2
1983.5,1,0,0,0,0,15,2424,0,0,0,5,0,0,0,0,0,0,0,0,0,6
1983.5,1,0,0,0,0,20,1545,0,0,0,3,0,0,0,0,0,0,0,0,0,3
1983.5,1,0,0,0,0,25,878,0,0,0,1,0,0,0,0,0,0,0,0,0,0
1983.5,1,0,0,0,0,30,750,0,0,0,1,0,0,0,0,0,0,0,0,0,0
1983.5,1,0,0,0,0,35,719,0,0,0,3,0,0,0,0,0,0,0,0,0,0
1983.5,1,0,0,0,0,40,771,0,0,0,1,0,0,0,0,0,0,0,0,0,0
1983.5,1,0,0,0,0,45,655,0,0,0,3,0,0,0,0,0,0,0,0,0,0
1983.5,1,0,0,0,0,50,503,0,0,0,7,0,0,0,0,0,0,0,0,0,0
1983.5,1,0,0,0,0,55,363,0,0,0,10,0,0,0,0,0,0,0,0,0,0
1983.5,1,0,0,0,0,60,455,0,0,0,21,0,0,0,0,0,0,0,0,0,0
1983.5,1,0,0,0,0,100,1,0,0,0,0,0,0,0,0,0,0,0,0,0,0
1983.5,1,0,0,0,1,0,0,0,0,0,0,0,0,0,0,0,0,0,0,0,0
1983.5,1,0,0,0,1,5,0,0,0,0,0,0,0,0,0,0,0,0,0,0,0
1983.5,1,0,0,0,1,10,0,0,0,0,0,0,0,0,0,0,0,0,0,0,0
1983.5,1,0,0,0,1,15,0,0,0,0,0,0,0,0,0,0,0,0,0,0,0
1983.5,1,0,0,0,1,20,0,0,0,0,0,0,0,0,0,0,0,0,0,0,0
1983.5,1,0,0,0,1,25,0,0,0,0,0,0,0,0,0,0,0,0,0,0,0
1983.5,1,0,0,0,1,30,0,0,0,0,0,0,0,0,0,0,0,0,0,0,0
1983.5,1,0,0,0,1,35,0,0,0,0,0,0,0,0,0,0,0,0,0,0,0
1983.5,1,0,0,0,1,40,0,0,0,0,0,0,0,0,0,0,0,0,0,0,0
1983.5,1,0,0,0,1,45,0,0,0,0,0,0,0,0,0,0,0,0,0,0,0
1983.5,1,0,0,0,1,50,0,0,0,0,0,0,0,0,0,0,0,0,0,0,0
1983.5,1,0,0,0,1,55,0,0,0,0,0,0,0,0,0,0,0,0,0,0,0
1983.5,1,0,0,0,1,60,0,0,0,0,0,0,0,0,0,0,0,0,0,0,0
1983.5,1,0,0,0,1,100,0,0,0,0,0,0,0,0,0,0,0,0,0,0,0
1983.5,1,0,0,1,0,0,6,6,6,0,1,1,0,0,0,0,0,0,0,0,0
1983.5,1,0,0,1,0,5,0,0,0,0,0,0,0,0,0,0,0,0,0,0,0
1983.5,1,0,0,1,0,10,0,0,0,0,0,0,0,0,0,0,0,0,0,0,0
1983.5,1,0,0,1,0,15,18,18,5,0,0,0,0,0,0,0,0,2,0,0,0
1983.5,1,0,0,1,0,20,55,55,9,0,0,0,0,0,0,0,0,14,0,0,0
1983.5,1,0,0,1,0,25,79,79,8,0,0,0,0,0,0,0,0,24,0,0,0
1983.5,1,0,0,1,0,30,70,70,12,0,3,1,0,0,0,0,0,29,0,0,0
1983.5,1,0,0,1,0,35,41,41,9,0,0,0,0,0,0,0,0,13,0,0,0
1983.5,1,0,0,1,0,40,15,15,5,0,0,0,0,0,0,0,0,4,0,0,0
1983.5,1,0,0,1,0,45,2,2,0,0,0,0,0,0,0,0,0,0,0,0,0
1983.5,1,0,0,1,0,50,2,2,0,0,0,0,0,0,0,0,0,1,0,0,0
1983.5,1,0,0,1,0,55,0,0,0,0,0,0,0,0,0,0,0,0,0,0,0
1983.5,1,0,0,1,0,60,0,0,0,0,0,0,0,0,0,0,0,0,0,0,0
1983.5,1,0,0,1,0,100,0,0,0,0,0,0,0,0,0,0,0,0,0,0,0
1983.5,1,0,0,1,1,0,0,0,0,0,0,0,0,0,0,0,0,0,0,0,0
1983.5,1,0,0,1,1,5,0,0,0,0,0,0,0,0,0,0,0,0,0,0,0
1983.5,1,0,0,1,1,10,0,0,0,0,0,0,0,0,0,0,0,0,0,0,0
1983.5,1,0,0,1,1,15,0,0,0,0,0,0,0,0,0,0,0,0,0,0,0
1983.5,1,0,0,1,1,20,0,0,0,0,0,0,0,0,0,0,0,0,0,0,0
1983.5,1,0,0,1,1,25,0,0,0,0,0,0,0,0,0,0,0,0,0,0,0
1983.5,1,0,0,1,1,30,0,0,0,0,0,0,0,0,0,0,0,0,0,0,0
1983.5,1,0,0,1,1,35,0,0,0,0,0,0,0,0,0,0,0,0,0,0,0
1983.5,1,0,0,1,1,40,0,0,0,0,0,0,0,0,0,0,0,0,0,0,0
1983.5,1,0,0,1,1,45,0,0,0,0,0,0,0,0,0,0,0,0,0,0,0
1983.5,1,0,0,1,1,50,0,0,0,0,0,0,0,0,0,0,0,0,0,0,0
1983.5,1,0,0,1,1,55,0,0,0,0,0,0,0,0,0,0,0,0,0,0,0
1983.5,1,0,0,1,1,60,0,0,0,0,0,0,0,0,0,0,0,0,0,0,0
1983.5,1,0,0,1,1,100,0,0,0,0,0,0,0,0,0,0,0,0,0,0,0
1983.5,1,0,1,0,0,0,0,0,0,0,0,0,0,0,0,0,0,0,0,0,0
1983.5,1,0,1,0,0,5,2,0,0,0,0,0,0,0,0,0,0,0,0,0,0
1983.5,1,0,1,0,0,10,14,0,0,0,0,0,0,0,0,0,0,0,0,0,0
1983.5,1,0,1,0,0,15,52,0,0,0,0,0,0,0,0,0,0,0,0,0,0
1983.5,1,0,1,0,0,20,88,0,0,0,0,0,0,0,0,0,0,0,0,0,0
1983.5,1,0,1,0,0,25,80,0,0,0,0,0,0,0,0,0,0,0,0,0,0
1983.5,1,0,1,0,0,30,66,0,0,0,0,0,0,0,0,0,0,0,0,0,0
1983.5,1,0,1,0,0,35,70,0,0,0,0,0,0,0,0,0,0,0,0,0,0
1983.5,1,0,1,0,0,40,71,0,0,0,0,0,0,0,0,0,0,0,0,0,0
1983.5,1,0,1,0,0,45,65,0,0,0,1,0,0,0,0,0,0,0,0,0,0
1983.5,1,0,1,0,0,50,52,0,0,0,1,0,0,0,0,0,0,0,0,0,0
1983.5,1,0,1,0,0,55,27,0,0,0,0,0,0,0,0,0,0,0,0,0,0
1983.5,1,0,1,0,0,60,39,0,0,0,1,0,0,0,0,0,0,0,0,0,0
1983.5,1,0,1,0,0,100,0,0,0,0,0,0,0,0,0,0,0,0,0,0,0
1983.5,1,0,1,0,1,0,0,0,0,0,0,0,0,0,0,0,0,0,0,0,0
1983.5,1,0,1,0,1,5,0,0,0,0,0,0,0,0,0,0,0,0,0,0,0
1983.5,1,0,1,0,1,10,0,0,0,0,0,0,0,0,0,0,0,0,0,0,0
1983.5,1,0,1,0,1,15,0,0,0,0,0,0,0,0,0,0,0,0,0,0,0
1983.5,1,0,1,0,1,20,0,0,0,0,0,0,0,0,0,0,0,0,0,0,0
1983.5,1,0,1,0,1,25,0,0,0,0,0,0,0,0,0,0,0,0,0,0,0
1983.5,1,0,1,0,1,30,0,0,0,0,0,0,0,0,0,0,0,0,0,0,0
1983.5,1,0,1,0,1,35,0,0,0,0,0,0,0,0,0,0,0,0,0,0,0
1983.5,1,0,1,0,1,40,0,0,0,0,0,0,0,0,0,0,0,0,0,0,0
1983.5,1,0,1,0,1,45,0,0,0,0,0,0,0,0,0,0,0,0,0,0,0
1983.5,1,0,1,0,1,50,0,0,0,0,0,0,0,0,0,0,0,0,0,0,0
1983.5,1,0,1,0,1,55,0,0,0,0,0,0,0,0,0,0,0,0,0,0,0
1983.5,1,0,1,0,1,60,0,0,0,0,0,0,0,0,0,0,0,0,0,0,0
1983.5,1,0,1,0,1,100,0,0,0,0,0,0,0,0,0,0,0,0,0,0,0
1983.5,1,0,1,1,0,0,0,0,0,0,0,0,0,0,0,0,0,0,0,0,0
1983.5,1,0,1,1,0,5,0,0,0,0,0,0,0,0,0,0,0,0,0,0,0
1983.5,1,0,1,1,0,10,0,0,0,0,0,0,0,0,0,0,0,0,0,0,0
1983.5,1,0,1,1,0,15,0,0,0,0,0,0,0,0,0,0,0,0,0,0,0
1983.5,1,0,1,1,0,20,1,1,0,0,0,0,0,0,0,0,0,0,0,0,0
1983.5,1,0,1,1,0,25,3,3,1,0,0,0,0,0,0,0,0,0,0,0,0
1983.5,1,0,1,1,0,30,3,3,1,0,0,0,0,0,0,0,0,0,0,0,0
1983.5,1,0,1,1,0,35,3,3,0,0,1,1,0,0,0,0,0,0,0,0,0
1983.5,1,0,1,1,0,40,1,1,1,0,0,0,0,0,0,0,0,0,0,0,0
1983.5,1,0,1,1,0,45,0,0,1,0,0,0,0,0,0,0,0,0,0,0,0
1983.5,1,0,1,1,0,50,1,1,0,0,0,0,0,0,0,0,0,0,0,0,0
1983.5,1,0,1,1,0,55,0,0,0,0,0,0,0,0,0,0,0,0,0,0,0
1983.5,1,0,1,1,0,60,0,0,0,0,0,0,0,0,0,0,0,0,0,0,0
1983.5,1,0,1,1,0,100,0,0,0,0,0,0,0,0,0,0,0,0,0,0,0
1983.5,1,0,1,1,1,0,0,0,0,0,0,0,0,0,0,0,0,0,0,0,0
1983.5,1,0,1,1,1,5,0,0,0,0,0,0,0,0,0,0,0,0,0,0,0
1983.5,1,0,1,1,1,10,0,0,0,0,0,0,0,0,0,0,0,0,0,0,0
1983.5,1,0,1,1,1,15,0,0,0,0,0,0,0,0,0,0,0,0,0,0,0
1983.5,1,0,1,1,1,20,0,0,0,0,0,0,0,0,0,0,0,0,0,0,0
1983.5,1,0,1,1,1,25,0,0,0,0,0,0,0,0,0,0,0,0,0,0,0
1983.5,1,0,1,1,1,30,0,0,0,0,0,0,0,0,0,0,0,0,0,0,0
1983.5,1,0,1,1,1,35,0,0,0,0,0,0,0,0,0,0,0,0,0,0,0
1983.5,1,0,1,1,1,40,0,0,0,0,0,0,0,0,0,0,0,0,0,0,0
1983.5,1,0,1,1,1,45,0,0,0,0,0,0,0,0,0,0,0,0,0,0,0
1983.5,1,0,1,1,1,50,0,0,0,0,0,0,0,0,0,0,0,0,0,0,0
1983.5,1,0,1,1,1,55,0,0,0,0,0,0,0,0,0,0,0,0,0,0,0
1983.5,1,0,1,1,1,60,0,0,0,0,0,0,0,0,0,0,0,0,0,0,0
1983.5,1,0,1,1,1,100,0,0,0,0,0,0,0,0,0,0,0,0,0,0,0
1983.5,1,1,0,0,0,0,3621,0,0,0,40,0,0,0,0,0,0,0,0,0,0
1983.5,1,1,0,0,0,5,2961,0,0,0,1,0,0,0,0,0,0,0,0,0,0
1983.5,1,1,0,0,0,10,2808,0,0,0,1,0,0,0,0,0,0,0,0,0,0
1983.5,1,1,0,0,0,15,2522,0,0,0,6,0,0,0,0,0,0,0,0,0,0
1983.5,1,1,0,0,0,20,1555,0,0,0,2,0,0,0,0,0,0,0,0,0,0
1983.5,1,1,0,0,0,25,942,0,0,0,4,0,0,0,0,0,0,0,0,0,0
1983.5,1,1,0,0,0,30,895,0,0,0,3,0,0,0,0,0,0,0,0,0,0
1983.5,1,1,0,0,0,35,890,0,0,0,3,0,0,0,0,0,0,0,0,0,0
1983.5,1,1,0,0,0,40,892,0,0,0,0,0,0,0,0,0,0,0,0,0,0
1983.5,1,1,0,0,0,45,877,0,0,0,1,0,0,0,0,0,0,0,0,0,0
1983.5,1,1,0,0,0,50,648,0,0,0,3,0,0,0,0,0,0,0,0,0,0
1983.5,1,1,0,0,0,55,446,0,0,0,5,0,0,0,0,0,0,0,0,0,0
1983.5,1,1,0,0,0,60,808,0,0,0,20,0,0,0,0,0,0,0,0,0,0
1983.5,1,1,0,0,0,100,1,0,0,0,0,0,0,0,0,0,0,0,0,0,0
1983.5,1,1,0,0,1,0,0,0,0,0,0,0,0,0,0,0,0,0,0,0,0
1983.5,1,1,0,0,1,5,0,0,0,0,0,0,0,0,0,0,0,0,0,0,0
1983.5,1,1,0,0,1,10,0,0,0,0,0,0,0,0,0,0,0,0,0,0,0
1983.5,1,1,0,0,1,15,0,0,0,0,0,0,0,0,0,0,0,0,0,0,0
1983.5,1,1,0,0,1,20,0,0,0,0,0,0,0,0,0,0,0,0,0,0,0
1983.5,1,1,0,0,1,25,0,0,0,0,0,0,0,0,0,0,0,0,0,0,0
1983.5,1,1,0,0,1,30,0,0,0,0,0,0,0,0,0,0,0,0,0,0,0
1983.5,1,1,0,0,1,35,0,0,0,0,0,0,0,0,0,0,0,0,0,0,0
1983.5,1,1,0,0,1,40,0,0,0,0,0,0,0,0,0,0,0,0,0,0,0
1983.5,1,1,0,0,1,45,0,0,0,0,0,0,0,0,0,0,0,0,0,0,0
1983.5,1,1,0,0,1,50,0,0,0,0,0,0,0,0,0,0,0,0,0,0,0
1983.5,1,1,0,0,1,55,0,0,0,0,0,0,0,0,0,0,0,0,0,0,0
1983.5,1,1,0,0,1,60,0,0,0,0,0,0,0,0,0,0,0,0,0,0,0
1983.5,1,1,0,0,1,100,0,0,0,0,0,0,0,0,0,0,0,0,0,0,0
1983.5,1,1,0,1,0,0,8,8,5,0,1,1,0,0,0,0,0,0,0,0,0
1983.5,1,1,0,1,0,5,0,0,0,0,0,0,0,0,0,0,0,0,0,0,0
1983.5,1,1,0,1,0,10,6,6,3,0,4,4,0,0,0,0,0,5,0,0,0
1983.5,1,1,0,1,0,15,63,63,17,0,2,2,0,0,0,0,0,13,0,0,0
1983.5,1,1,0,1,0,20,122,122,22,0,0,0,0,0,0,0,0,14,0,0,0
1983.5,1,1,0,1,0,25,71,71,17,0,0,0,0,0,0,0,0,10,0,0,0
1983.5,1,1,0,1,0,30,62,62,10,0,0,0,0,0,0,0,0,6,0,0,0
1983.5,1,1,0,1,0,35,23,23,7,0,0,0,0,0,0,0,0,1,0,0,0
1983.5,1,1,0,1,0,40,18,18,9,0,0,0,0,0,0,0,0,3,0,0,0
1983.5,1,1,0,1,0,45,3,3,1,0,0,0,0,0,0,0,0,0,0,0,0
1983.5,1,1,0,1,0,50,2,2,1,0,0,0,0,0,0,0,0,0,0,0,0
1983.5,1,1,0,1,0,55,0,0,0,0,0,0,0,0,0,0,0,0,0,0,0
1983.5,1,1,0,1,0,60,0,0,0,0,0,0,0,0,0,0,0,0,0,0,0
1983.5,1,1,0,1,0,100,0,0,0,0,0,0,0,0,0,0,0,0,0,0,0
1983.5,1,1,0,1,1,0,0,0,0,0,0,0,0,0,0,0,0,0,0,0,0
1983.5,1,1,0,1,1,5,0,0,0,0,0,0,0,0,0,0,0,0,0,0,0
1983.5,1,1,0,1,1,10,0,0,0,0,0,0,0,0,0,0,0,0,0,0,0
1983.5,1,1,0,1,1,15,0,0,0,0,0,0,0,0,0,0,0,0,0,0,0
1983.5,1,1,0,1,1,20,0,0,0,0,0,0,0,0,0,0,0,0,0,0,0
1983.5,1,1,0,1,1,25,0,0,0,0,0,0,0,0,0,0,0,0,0,0,0
1983.5,1,1,0,1,1,30,0,0,0,0,0,0,0,0,0,0,0,0,0,0,0
1983.5,1,1,0,1,1,35,0,0,0,0,0,0,0,0,0,0,0,0,0,0,0
1983.5,1,1,0,1,1,40,0,0,0,0,0,0,0,0,0,0,0,0,0,0,0
1983.5,1,1,0,1,1,45,0,0,0,0,0,0,0,0,0,0,0,0,0,0,0
1983.5,1,1,0,1,1,50,0,0,0,0,0,0,0,0,0,0,0,0,0,0,0
1983.5,1,1,0,1,1,55,0,0,0,0,0,0,0,0,0,0,0,0,0,0,0
1983.5,1,1,0,1,1,60,0,0,0,0,0,0,0,0,0,0,0,0,0,0,0
1983.5,1,1,0,1,1,100,0,0,0,0,0,0,0,0,0,0,0,0,0,0,0
1984,1,0,0,0,0,0,3459,0,0,0,35,0,0,0,0,0,0,0,0,0,0
1984,1,0,0,0,0,5,2865,0,0,0,6,0,0,0,0,0,0,0,0,0,0
1984,1,0,0,0,0,10,2762,0,0,0,2,0,0,0,0,0,0,0,0,0,1
1984,1,0,0,0,0,15,2422,0,0,0,6,0,0,0,0,0,0,0,0,0,10
1984,1,0,0,0,0,20,1650,0,0,0,3,0,0,0,0,0,0,0,0,0,5
1984,1,0,0,0,0,25,852,0,0,0,3,0,0,0,0,0,0,0,0,0,0
1984,1,0,0,0,0,30,772,0,0,0,0,0,0,0,0,0,0,0,0,0,0
1984,1,0,0,0,0,35,718,0,0,0,4,0,0,0,0,0,0,0,0,0,0
1984,1,0,0,0,0,40,739,0,0,0,4,0,0,0,0,0,0,0,0,0,0
1984,1,0,0,0,0,45,678,0,0,0,5,0,0,0,0,0,0,0,0,0,0
1984,1,0,0,0,0,50,502,0,0,0,7,0,0,0,0,0,0,0,0,0,0
1984,1,0,0,0,0,55,370,0,0,0,8,0,0,0,0,0,0,0,0,0,0
1984,1,0,0,0,0,60,464,0,0,0,19,0,0,0,0,0,0,0,0,0,0
1984,1,0,0,0,0,100,1,0,0,0,0,0,0,0,0,0,0,0,0,0,0
1984,1,0,0,0,1,0,0,0,0,0,0,0,0,0,0,0,0,0,0,0,0
1984,1,0,0,0,1,5,0,0,0,0,0,0,0,0,0,0,0,0,0,0,0
1984,1,0,0,0,1,10,0,0,0,0,0,0,0,0,0,0,0,0,0,0,0
1984,1,0,0,0,1,15,0,0,0,0,0,0,0,0,0,0,0,0,0,0,0
1984,1,0,0,0,1,20,0,0,0,0,0,0,0,0,0,0,0,0,0,0,0
1984,1,0,0,0,1,25,0,0,0,0,0,0,0,0,0,0,0,0,0,0,0
1984,1,0,0,0,1,30,0,0,0,0,0,0,0,0,0,0,0,0,0,0,0
1984,1,0,0,0,1,35,0,0,0,0,0,0,0,0,0,0,0,0,0,0,0
1984,1,0,0,0,1,40,0,0,0,0,0,0,0,0,0,0,0,0,0,0,0
1984,1,0,0,0,1,45,0,0,0,0,0,0,0,0,0,0,0,0,0,0,0
1984,1,0,0,0,1,50,0,0,0,0,0,0,0,0,0,0,0,0,0,0,0
1984,1,0,0,0,1,55,0,0,0,0,0,0,0,0,0,0,0,0,0,0,0
1984,1,0,0,0,1,60,0,0,0,0,0,0,0,0,0,0,0,0,0,0,0
1984,1,0,0,0,1,100,0,0,0,0,0,0,0,0,0,0,0,0,0,0,0
1984,1,0,0,1,0,0,11,11,8,0,2,2,0,0,0,0,0,0,0,0,0
1984,1,0,0,1,0,5,0,0,0,0,0,0,0,0,0,0,0,0,0,0,0
1984,1,0,0,1,0,10,0,0,0,0,0,0,0,0,0,0,0,0,0,0,0
1984,1,0,0,1,0,15,21,21,8,0,0,0,0,0,0,0,0,4,0,0,0
1984,1,0,0,1,0,20,69,69,13,0,0,0,0,0,0,0,0,15,0,0,0
1984,1,0,0,1,0,25,93,93,13,0,1,1,0,0,0,0,0,26,0,0,0
1984,1,0,0,1,0,30,73,73,5,0,0,0,0,0,0,0,0,23,0,0,0
1984,1,0,0,1,0,35,59,59,15,0,1,1,0,0,0,0,0,18,0,0,0
1984,1,0,0,1,0,40,19,19,5,0,0,0,0,0,0,0,0,3,0,0,0
1984,1,0,0,1,0,45,4,4,1,0,0,0,0,0,0,0,0,0,0,0,0
1984,1,0,0,1,0,50,6,6,3,0,0,0,0,0,0,0,0,0,0,0,0
1984,1,0,0,1,0,55,0,0,0,0,0,0,0,0,0,0,0,0,0,0,0
1984,1,0,0,1,0,60,0,0,0,0,0,0,0,0,0,0,0,0,0,0,0
1984,1,0,0,1,0,100,0,0,0,0,0,0,0,0,0,0,0,0,0,0,0
1984,1,0,0,1,1,0,0,0,0,0,0,0,0,0,0,0,0,0,0,0,0
1984,1,0,0,1,1,5,0,0,0,0,0,0,0,0,0,0,0,0,0,0,0
1984,1,0,0,1,1,10,0,0,0,0,0,0,0,0,0,0,0,0,0,0,0
1984,1,0,0,1,1,15,0,0,0,0,0,0,0,0,0,0,0,0,0,0,0
1984,1,0,0,1,1,20,0,0,0,0,0,0,0,0,0,0,0,0,0,0,0
1984,1,0,0,1,1,25,0,0,0,0,0,0,0,0,0,0,0,0,0,0,0
1984,1,0,0,1,1,30,0,0,0,0,0,0,0,0,0,0,0,0,0,0,0
1984,1,0,0,1,1,35,0,0,0,0,0,0,0,0,0,0,0,0,0,0,0
1984,1,0,0,1,1,40,0,0,0,0,0,0,0,0,0,0,0,0,0,0,0
1984,1,0,0,1,1,45,0,0,0,0,0,0,0,0,0,0,0,0,0,0,0
1984,1,0,0,1,1,50,0,0,0,0,0,0,0,0,0,0,0,0,0,0,0
1984,1,0,0,1,1,55,0,0,0,0,0,0,0,0,0,0,0,0,0,0,0
1984,1,0,0,1,1,60,0,0,0,0,0,0,0,0,0,0,0,0,0,0,0
1984,1,0,0,1,1,100,0,0,0,0,0,0,0,0,0,0,0,0,0,0,0
1984,1,0,1,0,0,0,0,0,0,0,0,0,0,0,0,0,0,0,0,0,0
1984,1,0,1,0,0,5,1,0,0,0,0,0,0,0,0,0,0,0,0,0,0
1984,1,0,1,0,0,10,10,0,0,0,0,0,0,0,0,0,0,0,0,0,0
1984,1,0,1,0,0,15,56,0,0,0,0,0,0,0,0,0,0,0,0,0,0
1984,1,0,1,0,0,20,96,0,0,0,1,0,0,0,0,0,0,0,0,0,0
1984,1,0,1,0,0,25,80,0,0,0,0,0,0,0,0,0,0,0,0,0,0
1984,1,0,1,0,0,30,67,0,0,0,0,0,0,0,0,0,0,0,0,0,0
1984,1,0,1,0,0,35,62,0,0,0,0,0,0,0,0,0,0,0,0,0,0
1984,1,0,1,0,0,40,79,0,0,0,0,0,0,0,0,0,0,0,0,0,0
1984,1,0,1,0,0,45,65,0,0,0,1,0,0,0,0,0,0,0,0,0,0
1984,1,0,1,0,0,50,52,0,0,0,0,0,0,0,0,0,0,0,0,0,0
1984,1,0,1,0,0,55,28,0,0,0,0,0,0,0,0,0,0,0,0,0,0
1984,1,0,1,0,0,60,41,0,0,0,0,0,0,0,0,0,0,0,0,0,0
1984,1,0,1,0,0,100,0,0,0,0,0,0,0,0,0,0,0,0,0,0,0
1984,1,0,1,0,1,0,0,0,0,0,0,0,0,0,0,0,0,0,0,0,0
1984,1,0,1,0,1,5,0,0,0,0,0,0,0,0,0,0,0,0,0,0,0
1984,1,0,1,0,1,10,0,0,0,0,0,0,0,0,0,0,0,0,0,0,0
1984,1,0,1,0,1,15,0,0,0,0,0,0,0,0,0,0,0,0,0,0,0
1984,1,0,1,0,1,20,0,0,0,0,0,0,0,0,0,0,0,0,0,0,0
1984,1,0,1,0,1,25,0,0,0,0,0,0,0,0,0,0,0,0,0,0,0
1984,1,0,1,0,1,30,0,0,0,0,0,0,0,0,0,0,0,0,0,0,0
1984,1,0,1,0,1,35,0,0,0,0,0,0,0,0,0,0,0,0,0,0,0
1984,1,0,1,0,1,40,0,0,0,0,0,0,0,0,0,0,0,0,0,0,0
1984,1,0,1,0,1,45,0,0,0,0,0,0,0,0,0,0,0,0,0,0,0
1984,1,0,1,0,1,50,0,0,0,0,0,0,0,0,0,0,0,0,0,0,0
1984,1,0,1,0,1,55,0,0,0,0,0,0,0,0,0,0,0,0,0,0,0
1984,1,0,1,0,1,60,0,0,0,0,0,0,0,0,0,0,0,0,0,0,0
1984,1,0,1,0,1,100,0,0,0,0,0,0,0,0,0,0,0,0,0,0,0
1984,1,0,1,1,0,0,0,0,0,0,0,0,0,0,0,0,0,0,0,0,0
1984,1,0,1,1,0,5,0,0,0,0,0,0,0,0,0,0,0,0,0,0,0
1984,1,0,1,1,0,10,0,0,0,0,0,0,0,0,0,0,0,0,0,0,0
1984,1,0,1,1,0,15,0,0,0,0,0,0,0,0,0,0,0,0,0,0,0
1984,1,0,1,1,0,20,2,2,1,0,0,0,0,0,0,0,0,0,0,0,0
1984,1,0,1,1,0,25,3,3,1,0,0,0,0,0,0,0,0,0,0,0,0
1984,1,0,1,1,0,30,3,3,0,0,0,0,0,0,0,0,0,0,0,0,0
1984,1,0,1,1,0,35,5,5,1,0,0,0,0,0,0,0,0,2,0,0,0
1984,1,0,1,1,0,40,0,0,0,0,0,0,0,0,0,0,0,0,0,0,0
1984,1,0,1,1,0,45,1,1,0,0,0,0,0,0,0,0,0,0,0,0,0
1984,1,0,1,1,0,50,1,1,0,0,0,0,0,0,0,0,0,0,0,0,0
1984,1,0,1,1,0,55,0,0,0,0,0,0,0,0,0,0,0,0,0,0,0
1984,1,0,1,1,0,60,0,0,0,0,0,0,0,0,0,0,0,0,0,0,0
1984,1,0,1,1,0,100,0,0,0,0,0,0,0,0,0,0,0,0,0,0,0
1984,1,0,1,1,1,0,0,0,0,0,0,0,0,0,0,0,0,0,0,0,0
1984,1,0,1,1,1,5,0,0,0,0,0,0,0,0,0,0,0,0,0,0,0
1984,1,0,1,1,1,10,0,0,0,0,0,0,0,0,0,0,0,0,0,0,0
1984,1,0,1,1,1,15,0,0,0,0,0,0,0,0,0,0,0,0,0,0,0
1984,1,0,1,1,1,20,0,0,0,0,0,0,0,0,0,0,0,0,0,0,0
1984,1,0,1,1,1,25,0,0,0,0,0,0,0,0,0,0,0,0,0,0,0
1984,1,0,1,1,1,30,0,0,0,0,0,0,0,0,0,0,0,0,0,0,0
1984,1,0,1,1,1,35,0,0,0,0,0,0,0,0,0,0,0,0,0,0,0
1984,1,0,1,1,1,40,0,0,0,0,0,0,0,0,0,0,0,0,0,0,0
1984,1,0,1,1,1,45,0,0,0,0,0,0,0,0,0,0,0,0,0,0,0
1984,1,0,1,1,1,50,0,0,0,0,0,0,0,0,0,0,0,0,0,0,0
1984,1,0,1,1,1,55,0,0,0,0,0,0,0,0,0,0,0,0,0,0,0
1984,1,0,1,1,1,60,0,0,0,0,0,0,0,0,0,0,0,0,0,0,0
1984,1,0,1,1,1,100,0,0,0,0,0,0,0,0,0,0,0,0,0,0,0
1984,1,1,0,0,0,0,3677,0,0,0,22,0,0,0,0,0,0,0,0,0,0
1984,1,1,0,0,0,5,2993,0,0,0,1,0,0,0,0,0,0,0,0,0,0
1984,1,1,0,0,0,10,2818,0,0,0,2,0,0,0,0,0,0,0,0,0,0
1984,1,1,0,0,0,15,2557,0,0,0,1,0,0,0,0,0,0,0,0,0,0
1984,1,1,0,0,0,20,1634,0,0,0,2,0,0,0,0,0,0,0,0,0,0
1984,1,1,0,0,0,25,940,0,0,0,5,0,0,0,0,0,0,0,0,0,0
1984,1,1,0,0,0,30,865,0,0,0,4,0,0,0,0,0,0,0,0,0,0
1984,1,1,0,0,0,35,903,0,0,0,0,0,0,0,0,0,0,0,0,0,0
1984,1,1,0,0,0,40,890,0,0,0,2,0,0,0,0,0,0,0,0,0,0
1984,1,1,0,0,0,45,862,0,0,0,4,0,0,0,0,0,0,0,0,0,0
1984,1,1,0,0,0,50,681,0,0,0,4,0,0,0,0,0,0,0,0,0,0
1984,1,1,0,0,0,55,455,0,0,0,5,0,0,0,0,0,0,0,0,0,0
1984,1,1,0,0,0,60,821,0,0,0,25,0,0,0,0,0,0,0,0,0,0
1984,1,1,0,0,0,100,1,0,0,0,0,0,0,0,0,0,0,0,0,0,0
1984,1,1,0,0,1,0,0,0,0,0,0,0,0,0,0,0,0,0,0,0,0
1984,1,1,0,0,1,5,0,0,0,0,0,0,0,0,0,0,0,0,0,0,0
1984,1,1,0,0,1,10,0,0,0,0,0,0,0,0,0,0,0,0,0,0,0
1984,1,1,0,0,1,15,0,0,0,0,0,0,0,0,0,0,0,0,0,0,0
1984,1,1,0,0,1,20,0,0,0,0,0,0,0,0,0,0,0,0,0,0,0
1984,1,1,0,0,1,25,0,0,0,0,0,0,0,0,0,0,0,0,0,0,0
1984,1,1,0,0,1,30,0,0,0,0,0,0,0,0,0,0,0,0,0,0,0
1984,1,1,0,0,1,35,0,0,0,0,0,0,0,0,0,0,0,0,0,0,0
1984,1,1,0,0,1,40,0,0,0,0,0,0,0,0,0,0,0,0,0,0,0
1984,1,1,0,0,1,45,0,0,0,0,0,0,0,0,0,0,0,0,0,0,0
1984,1,1,0,0,1,50,0,0,0,0,0,0,0,0,0,0,0,0,0,0,0
1984,1,1,0,0,1,55,0,0,0,0,0,0,0,0,0,0,0,0,0,0,0
1984,1,1,0,0,1,60,0,0,0,0,0,0,0,0,0,0,0,0,0,0,0
1984,1,1,0,0,1,100,0,0,0,0,0,0,0,0,0,0,0,0,0,0,0
1984,1,1,0,1,0,0,12,12,7,0,4,4,0,0,0,0,0,0,0,0,0
1984,1,1,0,1,0,5,0,0,0,0,0,0,0,0,0,0,0,0,0,0,0
1984,1,1,0,1,0,10,6,6,7,0,1,1,0,0,0,0,0,13,0,0,0
1984,1,1,0,1,0,15,75,75,16,0,1,1,0,0,0,0,0,18,0,0,0
1984,1,1,0,1,0,20,144,144,27,0,0,0,0,0,0,0,0,14,0,0,0
1984,1,1,0,1,0,25,98,98,21,0,0,0,0,0,0,0,0,7,0,0,0
1984,1,1,0,1,0,30,78,78,12,0,0,0,0,0,0,0,0,10,0,0,0
1984,1,1,0,1,0,35,28,28,4,0,0,0,0,0,0,0,0,3,0,0,0
1984,1,1,0,1,0,40,22,22,3,0,0,0,0,0,0,0,0,1,0,0,0
1984,1,1,0,1,0,45,4,4,0,0,0,0,0,0,0,0,0,0,0,0,0
1984,1,1,0,1,0,50,3,3,1,0,0,0,0,0,0,0,0,0,0,0,0
1984,1,1,0,1,0,55,0,0,0,0,0,0,0,0,0,0,0,0,0,0,0
1984,1,1,0,1,0,60,0,0,0,0,0,0,0,0,0,0,0,0,0,0,0
1984,1,1,0,1,0,100,0,0,0,0,0,0,0,0,0,0,0,0,0,0,0
1984,1,1,0,1,1,0,0,0,0,0,0,0,0,0,0,0,0,0,0,0,0
1984,1,1,0,1,1,5,0,0,0,0,0,0,0,0,0,0,0,0,0,0,0
1984,1,1,0,1,1,10,0,0,0,0,0,0,0,0,0,0,0,0,0,0,0
1984,1,1,0,1,1,15,0,0,0,0,0,0,0,0,0,0,0,0,0,0,0
1984,1,1,0,1,1,20,0,0,0,0,0,0,0,0,0,0,0,0,0,0,0
1984,1,1,0,1,1,25,0,0,0,0,0,0,0,0,0,0,0,0,0,0,0
1984,1,1,0,1,1,30,0,0,0,0,0,0,0,0,0,0,0,0,0,0,0
1984,1,1,0,1,1,35,0,0,0,0,0,0,0,0,0,0,0,0,0,0,0
1984,1,1,0,1,1,40,0,0,0,0,0,0,0,0,0,0,0,0,0,0,0
1984,1,1,0,1,1,45,0,0,0,0,0,0,0,0,0,0,0,0,0,0,0
1984,1,1,0,1,1,50,0,0,0,0,0,0,0,0,0,0,0,0,0,0,0
1984,1,1,0,1,1,55,0,0,0,0,0,0,0,0,0,0,0,0,0,0,0
1984,1,1,0,1,1,60,0,0,0,0,0,0,0,0,0,0,0,0,0,0,0
1984,1,1,0,1,1,100,0,0,0,0,0,0,0,0,0,0,0,0,0,0,0
1984.5,1,0,0,0,0,0,3515,0,0,0,22,0,0,0,0,0,0,0,0,0,0
1984.5,1,0,0,0,0,5,2919,0,0,0,5,0,0,0,0,0,0,0,0,0,0
1984.5,1,0,0,0,0,10,2793,0,0,0,2,0,0,0,0,0,0,0,0,0,1
1984.5,1,0,0,0,0,15,2421,0,0,0,6,0,0,0,0,0,0,0,0,0,8
1984.5,1,0,0,0,0,20,1743,0,0,0,4,0,0,0,0,0,0,0,0,0,3
1984.5,1,0,0,0,0,25,841,0,0,0,1,0,0,0,0,0,0,0,0,0,0
1984.5,1,0,0,0,0,30,763,0,0,0,1,0,0,0,0,0,0,0,0,0,0
1984.5,1,0,0,0,0,35,709,0,0,0,4,0,0,0,0,0,0,0,0,0,0
1984.5,1,0,0,0,0,40,726,0,0,0,7,0,0,0,0,0,0,0,0,0,0
1984.5,1,0,0,0,0,45,709,0,0,0,3,0,0,0,0,0,0,0,0,0,0
1984.5,1,0,0,0,0,50,513,0,0,0,6,0,0,0,0,0,0,0,0,0,0
1984.5,1,0,0,0,0,55,369,0,0,0,3,0,0,0,0,0,0,0,0,0,0
1984.5,1,0,0,0,0,60,471,0,0,0,18,0,0,0,0,0,0,0,0,0,0
1984.5,1,0,0,0,0,100,1,0,0,0,0,0,0,0,0,0,0,0,0,0,0
1984.5,1,0,0,0,1,0,0,0,0,0,0,0,0,0,0,0,0,0,0,0,0
1984.5,1,0,0,0,1,5,0,0,0,0,0,0,0,0,0,0,0,0,0,0,0
1984.5,1,0,0,0,1,10,0,0,0,0,0,0,0,0,0,0,0,0,0,0,0
1984.5,1,0,0,0,1,15,0,0,0,0,0,0,0,0,0,0,0,0,0,0,0
1984.5,1,0,0,0,1,20,0,0,0,0,0,0,0,0,0,0,0,0,0,0,0
1984.5,1,0,0,0,1,25,0,0,0,0,0,0,0,0,0,0,0,0,0,0,0
1984.5,1,0,0,0,1,30,0,0,0,0,0,0,0,0,0,0,0,0,0,0,0
1984.5,1,0,0,0,1,35,0,0,0,0,0,0,0,0,0,0,0,0,0,0,0
1984.5,1,0,0,0,1,40,0,0,0,0,0,0,0,0,0,0,0,0,0,0,0
1984.5,1,0,0,0,1,45,0,0,0,0,0,0,0,0,0,0,0,0,0,0,0
1984.5,1,0,0,0,1,50,0,0,0,0,0,0,0,0,0,0,0,0,0,0,0
1984.5,1,0,0,0,1,55,0,0,0,0,0,0,0,0,0,0,0,0,0,0,0
1984.5,1,0,0,0,1,60,0,0,0,0,0,0,0,0,0,0,0,0,0,0,0
1984.5,1,0,0,0,1,100,0,0,0,0,0,0,0,0,0,0,0,0,0,0,0
1984.5,1,0,0,1,0,0,15,15,7,0,5,5,0,0,0,0,0,0,0,0,0
1984.5,1,0,0,1,0,5,0,0,0,0,0,0,0,0,0,0,0,0,0,0,0
1984.5,1,0,0,1,0,10,0,0,0,0,0,0,0,0,0,0,0,0,0,0,0
1984.5,1,0,0,1,0,15,24,24,8,0,0,0,0,0,0,0,0,6,0,0,0
1984.5,1,0,0,1,0,20,93,93,25,0,0,0,0,0,0,0,0,20,0,0,0
1984.5,1,0,0,1,0,25,101,101,14,0,0,0,0,0,0,0,0,24,0,0,0
1984.5,1,0,0,1,0,30,86,86,11,0,4,4,0,0,0,0,0,31,0,0,0
1984.5,1,0,0,1,0,35,62,62,5,0,4,3,0,0,0,0,0,15,0,0,0
1984.5,1,0,0,1,0,40,25,25,2,0,1,1,0,0,0,0,0,2,0,0,0
1984.5,1,0,0,1,0,45,6,6,1,0,0,0,0,0,0,0,0,0,0,0,0
1984.5,1,0,0,1,0,50,7,7,2,0,0,0,0,0,0,0,0,3,0,0,0
1984.5,1,0,0,1,0,55,2,2,1,0,0,0,0,0,0,0,0,1,0,0,0
1984.5,1,0,0,1,0,60,0,0,0,0,0,0,0,0,0,0,0,0,0,0,0
1984.5,1,0,0,1,0,100,0,0,0,0,0,0,0,0,0,0,0,0,0,0,0
1984.5,1,0,0,1,1,0,0,0,0,0,0,0,0,0,0,0,0,0,0,0,0
1984.5,1,0,0,1,1,5,0,0,0,0,0,0,0,0,0,0,0,0,0,0,0
1984.5,1,0,0,1,1,10,0,0,0,0,0,0,0,0,0,0,0,0,0,0,0
1984.5,1,0,0,1,1,15,0,0,0,0,0,0,0,0,0,0,0,0,0,0,0
1984.5,1,0,0,1,1,20,0,0,0,0,0,0,0,0,0,0,0,0,0,0,0
1984.5,1,0,0,1,1,25,0,0,0,0,0,0,0,0,0,0,0,0,0,0,0
1984.5,1,0,0,1,1,30,0,0,0,0,0,0,0,0,0,0,0,0,0,0,0
1984.5,1,0,0,1,1,35,0,0,0,0,0,0,0,0,0,0,0,0,0,0,0
1984.5,1,0,0,1,1,40,0,0,0,0,0,0,0,0,0,0,0,0,0,0,0
1984.5,1,0,0,1,1,45,0,0,0,0,0,0,0,0,0,0,0,0,0,0,0
1984.5,1,0,0,1,1,50,0,0,0,0,0,0,0,0,0,0,0,0,0,0,0
1984.5,1,0,0,1,1,55,0,0,0,0,0,0,0,0,0,0,0,0,0,0,0
1984.5,1,0,0,1,1,60,0,0,0,0,0,0,0,0,0,0,0,0,0,0,0
1984.5,1,0,0,1,1,100,0,0,0,0,0,0,0,0,0,0,0,0,0,0,0
1984.5,1,0,1,0,0,0,0,0,0,0,0,0,0,0,0,0,0,0,0,0,0
1984.5,1,0,1,0,0,5,1,0,0,0,0,0,0,0,0,0,0,0,0,0,0
1984.5,1,0,1,0,0,10,9,0,0,0,0,0,0,0,0,0,0,0,0,0,0
1984.5,1,0,1,0,0,15,56,0,0,0,0,0,0,0,0,0,0,0,0,0,0
1984.5,1,0,1,0,0,20,98,0,0,0,0,0,0,0,0,0,0,0,0,0,0
1984.5,1,0,1,0,0,25,85,0,0,0,0,0,0,0,0,0,0,0,0,0,0
1984.5,1,0,1,0,0,30,56,0,0,0,0,0,0,0,0,0,0,0,0,0,0
1984.5,1,0,1,0,0,35,69,0,0,0,0,0,0,0,0,0,0,0,0,0,0
1984.5,1,0,1,0,0,40,77,0,0,0,0,0,0,0,0,0,0,0,0,0,0
1984.5,1,0,1,0,0,45,62,0,0,0,0,0,0,0,0,0,0,0,0,0,0
1984.5,1,0,1,0,0,50,54,0,0,0,0,0,0,0,0,0,0,0,0,0,0
1984.5,1,0,1,0,0,55,33,0,0,0,0,0,0,0,0,0,0,0,0,0,0
1984.5,1,0,1,0,0,60,41,0,0,0,1,0,0,0,0,0,0,0,0,0,0
1984.5,1,0,1,0,0,100,0,0,0,0,0,0,0,0,0,0,0,0,0,0,0
1984.5,1,0,1,0,1,0,0,0,0,0,0,0,0,0,0,0,0,0,0,0,0
1984.5,1,0,1,0,1,5,0,0,0,0,0,0,0,0,0,0,0,0,0,0,0
1984.5,1,0,1,0,1,10,0,0,0,0,0,0,0,0,0,0,0,0,0,0,0
1984.5,1,0,1,0,1,15,0,0,0,0,0,0,0,0,0,0,0,0,0,0,0
1984.5,1,0,1,0,1,20,0,0,0,0,0,0,0,0,0,0,0,0,0,0,0
1984.5,1,0,1,0,1,25,0,0,0,0,0,0,0,0,0,0,0,0,0,0,0
1984.5,1,0,1,0,1,30,0,0,0,0,0,0,0,0,0,0,0,0,0,0,0
1984.5,1,0,1,0,1,35,0,0,0,0,0,0,0,0,0,0,0,0,0,0,0
1984.5,1,0,1,0,1,40,0,0,0,0,0,0,0,0,0,0,0,0,0,0,0
1984.5,1,0,1,0,1,45,0,0,0,0,0,0,0,0,0,0,0,0,0,0,0
1984.5,1,0,1,0,1,50,0,0,0,0,0,0,0,0,0,0,0,0,0,0,0
1984.5,1,0,1,0,1,55,0,0,0,0,0,0,0,0,0,0,0,0,0,0,0
1984.5,1,0,1,0,1,60,0,0,0,0,0,0,0,0,0,0,0,0,0,0,0
1984.5,1,0,1,0,1,100,0,0,0,0,0,0,0,0,0,0,0,0,0,0,0
1984.5,1,0,1,1,0,0,0,0,0,0,0,0,0,0,0,0,0,0,0,0,0
1984.5,1,0,1,1,0,5,0,0,0,0,0,0,0,0,0,0,0,0,0,0,0
1984.5,1,0,1,1,0,10,0,0,0,0,0,0,0,0,0,0,0,0,0,0,0
1984.5,1,0,1,1,0,15,0,0,0,0,0,0,0,0,0,0,0,0,0,0,0
1984.5,1,0,1,1,0,20,2,2,1,0,0,0,0,0,0,0,0,1,0,0,0
1984.5,1,0,1,1,0,25,4,4,0,0,0,0,0,0,0,0,0,2,0,0,0
1984.5,1,0,1,1,0,30,7,7,4,0,0,0,0,0,0,0,0,7,0,0,0
1984.5,1,0,1,1,0,35,5,5,0,0,0,0,0,0,0,0,0,2,0,0,0
1984.5,1,0,1,1,0,40,1,1,1,0,0,0,0,0,0,0,0,0,0,0,0
1984.5,1,0,1,1,0,45,1,1,0,0,0,0,0,0,0,0,0,0,0,0,0
1984.5,1,0,1,1,0,50,1,1,0,0,0,0,0,0,0,0,0,0,0,0,0
1984.5,1,0,1,1,0,55,0,0,0,0,0,0,0,0,0,0,0,0,0,0,0
1984.5,1,0,1,1,0,60,0,0,0,0,0,0,0,0,0,0,0,0,0,0,0
1984.5,1,0,1,1,0,100,0,0,0,0,0,0,0,0,0,0,0,0,0,0,0
1984.5,1,0,1,1,1,0,0,0,0,0,0,0,0,0,0,0,0,0,0,0,0
1984.5,1,0,1,1,1,5,0,0,0,0,0,0,0,0,0,0,0,0,0,0,0
1984.5,1,0,1,1,1,10,0,0,0,0,0,0,0,0,0,0,0,0,0,0,0
1984.5,1,0,1,1,1,15,0,0,0,0,0,0,0,0,0,0,0,0,0,0,0
1984.5,1,0,1,1,1,20,0,0,0,0,0,0,0,0,0,0,0,0,0,0,0
1984.5,1,0,1,1,1,25,0,0,0,0,0,0,0,0,0,0,0,0,0,0,0
1984.5,1,0,1,1,1,30,0,0,0,0,0,0,0,0,0,0,0,0,0,0,0
1984.5,1,0,1,1,1,35,0,0,0,0,0,0,0,0,0,0,0,0,0,0,0
1984.5,1,0,1,1,1,40,0,0,0,0,0,0,0,0,0,0,0,0,0,0,0
1984.5,1,0,1,1,1,45,0,0,0,0,0,0,0,0,0,0,0,0,0,0,0
1984.5,1,0,1,1,1,50,0,0,0,0,0,0,0,0,0,0,0,0,0,0,0
1984.5,1,0,1,1,1,55,0,0,0,0,0,0,0,0,0,0,0,0,0,0,0
1984.5,1,0,1,1,1,60,0,0,0,0,0,0,0,0,0,0,0,0,0,0,0
1984.5,1,0,1,1,1,100,0,0,0,0,0,0,0,0,0,0,0,0,0,0,0
1984.5,1,1,0,0,0,0,3790,0,0,0,21,0,0,0,0,0,0,0,0,0,0
1984.5,1,1,0,0,0,5,3004,0,0,0,3,0,0,0,0,0,0,0,0,0,0
1984.5,1,1,0,0,0,10,2834,0,0,0,3,0,0,0,0,0,0,0,0,0,0
1984.5,1,1,0,0,0,15,2566,0,0,0,3,0,0,0,0,0,0,0,0,0,0
1984.5,1,1,0,0,0,20,1743,0,0,0,3,0,0,0,0,0,0,0,0,0,0
1984.5,1,1,0,0,0,25,911,0,0,0,1,0,0,0,0,0,0,0,0,0,0
1984.5,1,1,0,0,0,30,875,0,0,0,2,0,0,0,0,0,0,0,0,0,0
1984.5,1,1,0,0,0,35,861,0,0,0,2,0,0,0,0,0,0,0,0,0,0
1984.5,1,1,0,0,0,40,889,0,0,0,1,0,0,0,0,0,0,0,0,0,0
1984.5,1,1,0,0,0,45,877,0,0,0,2,0,0,0,0,0,0,0,0,0,0
1984.5,1,1,0,0,0,50,692,0,0,0,6,0,0,0,0,0,0,0,0,0,0
1984.5,1,1,0,0,0,55,475,0,0,0,6,0,0,0,0,0,0,0,0,0,0
1984.5,1,1,0,0,0,60,827,0,0,0,29,0,0,0,0,0,0,0,0,0,0
1984.5,1,1,0,0,0,100,1,0,0,0,0,0,0,0,0,0,0,0,0,0,0
1984.5,1,1,0,0,1,0,0,0,0,0,0,0,0,0,0,0,0,0,0,0,0
1984.5,1,1,0,0,1,5,0,0,0,0,0,0,0,0,0,0,0,0,0,0,0
1984.5,1,1,0,0,1,10,0,0,0,0,0,0,0,0,0,0,0,0,0,0,0
1984.5,1,1,0,0,1,15,0,0,0,0,0,0,0,0,0,0,0,0,0,0,0
1984.5,1,1,0,0,1,20,0,0,0,0,0,0,0,0,0,0,0,0,0,0,0
1984.5,1,1,0,0,1,25,0,0,0,0,0,0,0,0,0,0,0,0,0,0,0
1984.5,1,1,0,0,1,30,0,0,0,0,0,0,0,0,0,0,0,0,0,0,0
1984.5,1,1,0,0,1,35,0,0,0,0,0,0,0,0,0,0,0,0,0,0,0
1984.5,1,1,0,0,1,40,0,0,0,0,0,0,0,0,0,0,0,0,0,0,0
1984.5,1,1,0,0,1,45,0,0,0,0,0,0,0,0,0,0,0,0,0,0,0
1984.5,1,1,0,0,1,50,0,0,0,0,0,0,0,0,0,0,0,0,0,0,0
1984.5,1,1,0,0,1,55,0,0,0,0,0,0,0,0,0,0,0,0,0,0,0
1984.5,1,1,0,0,1,60,0,0,0,0,0,0,0,0,0,0,0,0,0,0,0
1984.5,1,1,0,0,1,100,0,0,0,0,0,0,0,0,0,0,0,0,0,0,0
1984.5,1,1,0,1,0,0,10,10,7,0,6,6,0,0,0,0,0,0,0,0,0
1984.5,1,1,0,1,0,5,0,0,0,0,0,0,0,0,0,0,0,0,0,0,0
1984.5,1,1,0,1,0,10,5,5,5,0,3,2,0,0,0,0,0,7,0,0,0
1984.5,1,1,0,1,0,15,90,90,22,0,3,2,0,0,0,0,0,19,0,0,0
1984.5,1,1,0,1,0,20,179,179,41,0,3,3,0,0,0,0,0,24,0,0,0
1984.5,1,1,0,1,0,25,110,110,14,0,1,1,0,0,0,0,0,15,0,0,0
1984.5,1,1,0,1,0,30,99,99,15,0,1,1,0,0,0,0,0,6,0,0,0
1984.5,1,1,0,1,0,35,44,44,10,0,0,0,0,0,0,0,0,2,0,0,0
1984.5,1,1,0,1,0,40,22,22,2,0,0,0,0,0,0,0,0,2,0,0,0
1984.5,1,1,0,1,0,45,10,10,3,0,0,0,0,0,0,0,0,0,0,0,0
1984.5,1,1,0,1,0,50,5,5,2,0,0,0,0,0,0,0,0,0,0,0,0
1984.5,1,1,0,1,0,55,0,0,0,0,0,0,0,0,0,0,0,0,0,0,0
1984.5,1,1,0,1,0,60,0,0,0,0,0,0,0,0,0,0,0,0,0,0,0
1984.5,1,1,0,1,0,100,0,0,0,0,0,0,0,0,0,0,0,0,0,0,0
1984.5,1,1,0,1,1,0,0,0,0,0,0,0,0,0,0,0,0,0,0,0,0
1984.5,1,1,0,1,1,5,0,0,0,0,0,0,0,0,0,0,0,0,0,0,0
1984.5,1,1,0,1,1,10,0,0,0,0,0,0,0,0,0,0,0,0,0,0,0
1984.5,1,1,0,1,1,15,0,0,0,0,0,0,0,0,0,0,0,0,0,0,0
1984.5,1,1,0,1,1,20,0,0,0,0,0,0,0,0,0,0,0,0,0,0,0
1984.5,1,1,0,1,1,25,0,0,0,0,0,0,0,0,0,0,0,0,0,0,0
1984.5,1,1,0,1,1,30,0,0,0,0,0,0,0,0,0,0,0,0,0,0,0
1984.5,1,1,0,1,1,35,0,0,0,0,0,0,0,0,0,0,0,0,0,0,0
1984.5,1,1,0,1,1,40,0,0,0,0,0,0,0,0,0,0,0,0,0,0,0
1984.5,1,1,0,1,1,45,0,0,0,0,0,0,0,0,0,0,0,0,0,0,0
1984.5,1,1,0,1,1,50,0,0,0,0,0,0,0,0,0,0,0,0,0,0,0
1984.5,1,1,0,1,1,55,0,0,0,0,0,0,0,0,0,0,0,0,0,0,0
1984.5,1,1,0,1,1,60,0,0,0,0,0,0,0,0,0,0,0,0,0,0,0
1984.5,1,1,0,1,1,100,0,0,0,0,0,0,0,0,0,0,0,0,0,0,0
1985,1,0,0,0,0,0,3601,0,0,0,30,0,0,0,0,0,0,0,0,0,0
1985,1,0,0,0,0,5,2964,0,0,0,4,0,0,0,0,0,0,0,0,0,0
1985,1,0,0,0,0,10,2837,0,0,0,2,0,0,0,0,0,0,0,0,0,2
1985,1,0,0,0,0,15,2424,0,0,0,4,0,0,0,0,0,0,0,0,0,4
1985,1,0,0,0,0,20,1833,0,0,0,3,0,0,0,0,0,0,0,0,0,10
1985,1,0,0,0,0,25,836,0,0,0,1,0,0,0,0,0,0,0,0,0,0
1985,1,0,0,0,0,30,739,0,0,0,1,0,0,0,0,0,0,0,0,0,0
1985,1,0,0,0,0,35,712,0,0,0,1,0,0,0,0,0,0,0,0,0,0
1985,1,0,0,0,0,40,712,0,0,0,4,0,0,0,0,0,0,0,0,0,0
1985,1,0,0,0,0,45,716,0,0,0,7,0,0,0,0,0,0,0,0,0,0
1985,1,0,0,0,0,50,530,0,0,0,4,0,0,0,0,0,0,0,0,0,0
1985,1,0,0,0,0,55,369,0,0,0,6,0,0,0,0,0,0,0,0,0,0
1985,1,0,0,0,0,60,484,0,0,0,18,0,0,0,0,0,0,0,0,0,0
1985,1,0,0,0,0,100,1,0,0,0,0,0,0,0,0,0,0,0,0,0,0
1985,1,0,0,0,1,0,0,0,0,0,0,0,0,0,0,0,0,0,0,0,0
1985,1,0,0,0,1,5,0,0,0,0,0,0,0,0,0,0,0,0,0,0,0
1985,1,0,0,0,1,10,0,0,0,0,0,0,0,0,0,0,0,0,0,0,0
1985,1,0,0,0,1,15,0,0,0,0,0,0,0,0,0,0,0,0,0,0,0
1985,1,0,0,0,1,20,0,0,0,0,0,0,0,0,0,0,0,0,0,0,0
1985,1,0,0,0,1,25,0,0,0,0,0,0,0,0,0,0,0,0,0,0,0
1985,1,0,0,0,1,30,0,0,0,0,0,0,0,0,0,0,0,0,0,0,0
1985,1,0,0,0,1,35,0,0,0,0,0,0,0,0,0,0,0,0,0,0,0
1985,1,0,0,0,1,40,0,0,0,0,0,0,0,0,0,0,0,0,0,0,0
1985,1,0,0,0,1,45,0,0,0,0,0,0,0,0,0,0,0,0,0,0,0
1985,1,0,0,0,1,50,0,0,0,0,0,0,0,0,0,0,0,0,0,0,0
1985,1,0,0,0,1,55,0,0,0,0,0,0,0,0,0,0,0,0,0,0,0
1985,1,0,0,0,1,60,0,0,0,0,0,0,0,0,0,0,0,0,0,0,0
1985,1,0,0,0,1,100,0,0,0,0,0,0,0,0,0,0,0,0,0,0,0
1985,1,0,0,1,0,0,21,21,11,0,5,5,0,0,0,0,0,0,0,0,0
1985,1,0,0,1,0,5,0,0,0,0,0,0,0,0,0,0,0,0,0,0,0
1985,1,0,0,1,0,10,0,0,0,0,0,0,0,0,0,0,0,0,0,0,0
1985,1,0,0,1,0,15,29,29,11,0,0,0,0,0,0,0,0,7,0,0,0
1985,1,0,0,1,0,20,117,117,22,0,0,0,0,0,0,0,0,18,0,0,0
1985,1,0,0,1,0,25,104,104,14,0,1,1,0,0,0,0,0,26,0,0,0
1985,1,0,0,1,0,30,106,106,13,0,3,3,0,0,0,0,0,26,0,0,0
1985,1,0,0,1,0,35,70,70,8,0,2,2,0,0,0,0,0,16,0,0,0
1985,1,0,0,1,0,40,28,28,6,0,1,1,0,0,0,0,0,6,0,0,0
1985,1,0,0,1,0,45,11,11,2,0,0,0,0,0,0,0,0,2,0,0,0
1985,1,0,0,1,0,50,7,7,0,0,1,1,0,0,0,0,0,1,0,0,0
1985,1,0,0,1,0,55,1,1,0,0,1,0,0,0,0,0,0,1,0,0,0
1985,1,0,0,1,0,60,0,0,0,0,0,0,0,0,0,0,0,0,0,0,0
1985,1,0,0,1,0,100,0,0,0,0,0,0,0,0,0,0,0,0,0,0,0
1985,1,0,0,1,1,0,0,0,0,0,0,0,0,0,0,0,0,0,0,0,0
1985,1,0,0,1,1,5,0,0,0,0,0,0,0,0,0,0,0,0,0,0,0
1985,1,0,0,1,1,10,0,0,0,0,0,0,0,0,0,0,0,0,0,0,0
1985,1,0,0,1,1,15,0,0,0,0,0,0,0,0,0,0,0,0,0,0,0
1985,1,0,0,1,1,20,0,0,0,0,0,0,0,0,0,0,0,0,0,0,0
1985,1,0,0,1,1,25,0,0,0,0,0,0,0,0,0,0,0,0,0,0,0
1985,1,0,0,1,1,30,0,0,0,0,0,0,0,0,0,0,0,0,0,0,0
1985,1,0,0,1,1,35,0,0,0,0,0,0,0,0,0,0,0,0,0,0,0
1985,1,0,0,1,1,40,0,0,0,0,0,0,0,0,0,0,0,0,0,0,0
1985,1,0,0,1,1,45,0,0,0,0,0,0,0,0,0,0,0,0,0,0,0
1985,1,0,0,1,1,50,0,0,0,0,0,0,0,0,0,0,0,0,0,0,0
1985,1,0,0,1,1,55,0,0,0,0,0,0,0,0,0,0,0,0,0,0,0
1985,1,0,0,1,1,60,0,0,0,0,0,0,0,0,0,0,0,0,0,0,0
1985,1,0,0,1,1,100,0,0,0,0,0,0,0,0,0,0,0,0,0,0,0
1985,1,0,1,0,0,0,0,0,0,0,0,0,0,0,0,0,0,0,0,0,0
1985,1,0,1,0,0,5,1,0,0,0,0,0,0,0,0,0,0,0,0,0,0
1985,1,0,1,0,0,10,10,0,0,0,0,0,0,0,0,0,0,0,0,0,0
1985,1,0,1,0,0,15,54,0,0,0,0,0,0,0,0,0,0,0,0,0,0
1985,1,0,1,0,0,20,106,0,0,0,0,0,0,0,0,0,0,0,0,0,0
1985,1,0,1,0,0,25,85,0,0,0,0,0,0,0,0,0,0,0,0,0,0
1985,1,0,1,0,0,30,58,0,0,0,0,0,0,0,0,0,0,0,0,0,0
1985,1,0,1,0,0,35,66,0,0,0,0,0,0,0,0,0,0,0,0,0,0
1985,1,0,1,0,0,40,67,0,0,0,0,0,0,0,0,0,0,0,0,0,0
1985,1,0,1,0,0,45,71,0,0,0,1,0,0,0,0,0,0,0,0,0,0
1985,1,0,1,0,0,50,55,0,0,0,0,0,0,0,0,0,0,0,0,0,0
1985,1,0,1,0,0,55,33,0,0,0,0,0,0,0,0,0,0,0,0,0,0
1985,1,0,1,0,0,60,38,0,0,0,6,0,0,0,0,0,0,0,0,0,0
1985,1,0,1,0,0,100,0,0,0,0,0,0,0,0,0,0,0,0,0,0,0
1985,1,0,1,0,1,0,0,0,0,0,0,0,0,0,0,0,0,0,0,0,0
1985,1,0,1,0,1,5,0,0,0,0,0,0,0,0,0,0,0,0,0,0,0
1985,1,0,1,0,1,10,0,0,0,0,0,0,0,0,0,0,0,0,0,0,0
1985,1,0,1,0,1,15,0,0,0,0,0,0,0,0,0,0,0,0,0,0,0
1985,1,0,1,0,1,20,0,0,0,0,0,0,0,0,0,0,0,0,0,0,0
1985,1,0,1,0,1,25,0,0,0,0,0,0,0,0,0,0,0,0,0,0,0
1985,1,0,1,0,1,30,0,0,0,0,0,0,0,0,0,0,0,0,0,0,0
1985,1,0,1,0,1,35,0,0,0,0,0,0,0,0,0,0,0,0,0,0,0
1985,1,0,1,0,1,40,0,0,0,0,0,0,0,0,0,0,0,0,0,0,0
1985,1,0,1,0,1,45,0,0,0,0,0,0,0,0,0,0,0,0,0,0,0
1985,1,0,1,0,1,50,0,0,0,0,0,0,0,0,0,0,0,0,0,0,0
1985,1,0,1,0,1,55,0,0,0,0,0,0,0,0,0,0,0,0,0,0,0
1985,1,0,1,0,1,60,0,0,0,0,0,0,0,0,0,0,0,0,0,0,0
1985,1,0,1,0,1,100,0,0,0,0,0,0,0,0,0,0,0,0,0,0,0
1985,1,0,1,1,0,0,0,0,0,0,0,0,0,0,0,0,0,0,0,0,0
1985,1,0,1,1,0,5,0,0,0,0,0,0,0,0,0,0,0,0,0,0,0
1985,1,0,1,1,0,10,0,0,0,0,0,0,0,0,0,0,0,0,0,0,0
1985,1,0,1,1,0,15,0,0,0,0,0,0,0,0,0,0,0,0,0,0,0
1985,1,0,1,1,0,20,3,3,1,0,0,0,0,0,0,0,0,0,0,0,0
1985,1,0,1,1,0,25,5,5,2,0,0,0,0,0,0,0,0,2,0,0,0
1985,1,0,1,1,0,30,8,8,0,0,0,0,0,0,0,0,0,3,0,0,0
1985,1,0,1,1,0,35,6,6,1,0,0,0,0,0,0,0,0,0,0,0,0
1985,1,0,1,1,0,40,3,3,3,0,0,0,0,0,0,0,0,3,0,0,0
1985,1,0,1,1,0,45,2,2,0,0,0,0,0,0,0,0,0,0,0,0,0
1985,1,0,1,1,0,50,1,1,0,0,0,0,0,0,0,0,0,0,0,0,0
1985,1,0,1,1,0,55,0,0,0,0,0,0,0,0,0,0,0,0,0,0,0
1985,1,0,1,1,0,60,0,0,0,0,0,0,0,0,0,0,0,0,0,0,0
1985,1,0,1,1,0,100,0,0,0,0,0,0,0,0,0,0,0,0,0,0,0
1985,1,0,1,1,1,0,0,0,0,0,0,0,0,0,0,0,0,0,0,0,0
1985,1,0,1,1,1,5,0,0,0,0,0,0,0,0,0,0,0,0,0,0,0
1985,1,0,1,1,1,10,0,0,0,0,0,0,0,0,0,0,0,0,0,0,0
1985,1,0,1,1,1,15,0,0,0,0,0,0,0,0,0,0,0,0,0,0,0
1985,1,0,1,1,1,20,0,0,0,0,0,0,0,0,0,0,0,0,0,0,0
1985,1,0,1,1,1,25,0,0,0,0,0,0,0,0,0,0,0,0,0,0,0
1985,1,0,1,1,1,30,0,0,0,0,0,0,0,0,0,0,0,0,0,0,0
1985,1,0,1,1,1,35,0,0,0,0,0,0,0,0,0,0,0,0,0,0,0
1985,1,0,1,1,1,40,0,0,0,0,0,0,0,0,0,0,0,0,0,0,0
1985,1,0,1,1,1,45,0,0,0,0,0,0,0,0,0,0,0,0,0,0,0
1985,1,0,1,1,1,50,0,0,0,0,0,0,0,0,0,0,0,0,0,0,0
1985,1,0,1,1,1,55,0,0,0,0,0,0,0,0,0,0,0,0,0,0,0
1985,1,0,1,1,1,60,0,0,0,0,0,0,0,0,0,0,0,0,0,0,0
1985,1,0,1,1,1,100,0,0,0,0,0,0,0,0,0,0,0,0,0,0,0
1985,1,1,0,0,0,0,3879,0,0,0,30,0,0,0,0,0,0,0,0,0,0
1985,1,1,0,0,0,5,3034,0,0,0,3,0,0,0,0,0,0,0,0,0,0
1985,1,1,0,0,0,10,2845,0,0,0,1,0,0,0,0,0,0,0,0,0,0
1985,1,1,0,0,0,15,2579,0,0,0,3,0,0,0,0,0,0,0,0,0,0
1985,1,1,0,0,0,20,1871,0,0,0,1,0,0,0,0,0,0,0,0,0,0
1985,1,1,0,0,0,25,881,0,0,0,1,0,0,0,0,0,0,0,0,0,0
1985,1,1,0,0,0,30,839,0,0,0,0,0,0,0,0,0,0,0,0,0,0
1985,1,1,0,0,0,35,878,0,0,0,2,0,0,0,0,0,0,0,0,0,0
1985,1,1,0,0,0,40,885,0,0,0,3,0,0,0,0,0,0,0,0,0,0
1985,1,1,0,0,0,45,881,0,0,0,5,0,0,0,0,0,0,0,0,0,0
1985,1,1,0,0,0,50,692,0,0,0,2,0,0,0,0,0,0,0,0,0,0
1985,1,1,0,0,0,55,498,0,0,0,8,0,0,0,0,0,0,0,0,0,0
1985,1,1,0,0,0,60,829,0,0,0,25,0,0,0,0,0,0,0,0,0,0
1985,1,1,0,0,0,100,2,0,0,0,0,0,0,0,0,0,0,0,0,0,0
1985,1,1,0,0,1,0,0,0,0,0,0,0,0,0,0,0,0,0,0,0,0
1985,1,1,0,0,1,5,0,0,0,0,0,0,0,0,0,0,0,0,0,0,0
1985,1,1,0,0,1,10,0,0,0,0,0,0,0,0,0,0,0,0,0,0,0
1985,1,1,0,0,1,15,0,0,0,0,0,0,0,0,0,0,0,0,0,0,0
1985,1,1,0,0,1,20,0,0,0,0,0,0,0,0,0,0,0,0,0,0,0
1985,1,1,0,0,1,25,0,0,0,0,0,0,0,0,0,0,0,0,0,0,0
1985,1,1,0,0,1,30,0,0,0,0,0,0,0,0,0,0,0,0,0,0,0
1985,1,1,0,0,1,35,0,0,0,0,0,0,0,0,0,0,0,0,0,0,0
1985,1,1,0,0,1,40,0,0,0,0,0,0,0,0,0,0,0,0,0,0,0
1985,1,1,0,0,1,45,0,0,0,0,0,0,0,0,0,0,0,0,0,0,0
1985,1,1,0,0,1,50,0,0,0,0,0,0,0,0,0,0,0,0,0,0,0
1985,1,1,0,0,1,55,0,0,0,0,0,0,0,0,0,0,0,0,0,0,0
1985,1,1,0,0,1,60,0,0,0,0,0,0,0,0,0,0,0,0,0,0,0
1985,1,1,0,0,1,100,0,0,0,0,0,0,0,0,0,0,0,0,0,0,0
1985,1,1,0,1,0,0,21,21,15,0,6,6,0,0,0,0,0,0,0,0,0
1985,1,1,0,1,0,5,0,0,0,0,0,0,0,0,0,0,0,0,0,0,0
1985,1,1,0,1,0,10,5,5,4,0,3,3,0,0,0,0,0,9,0,0,0
1985,1,1,0,1,0,15,99,99,30,0,3,3,0,0,0,0,0,26,0,0,0
1985,1,1,0,1,0,20,210,210,29,0,1,1,0,0,0,0,0,25,0,0,0
1985,1,1,0,1,0,25,133,133,15,0,0,0,0,0,0,0,0,11,0,0,0
1985,1,1,0,1,0,30,108,108,18,0,3,3,0,0,0,0,0,9,0,0,0
1985,1,1,0,1,0,35,59,59,7,0,0,0,0,0,0,0,0,1,0,0,0
1985,1,1,0,1,0,40,28,28,4,0,0,0,0,0,0,0,0,1,0,0,0
1985,1,1,0,1,0,45,15,15,4,0,0,0,0,0,0,0,0,1,0,0,0
1985,1,1,0,1,0,50,5,5,0,0,1,0,0,0,0,0,0,0,0,0,0
1985,1,1,0,1,0,55,0,0,0,0,0,0,0,0,0,0,0,0,0,0,0
1985,1,1,0,1,0,60,0,0,0,0,0,0,0,0,0,0,0,0,0,0,0
1985,1,1,0,1,0,100,0,0,0,0,0,0,0,0,0,0,0,0,0,0,0
1985,1,1,0,1,1,0,0,0,0,0,0,0,0,0,0,0,0,0,0,0,0
1985,1,1,0,1,1,5,0,0,0,0,0,0,0,0,0,0,0,0,0,0,0
1985,1,1,0,1,1,10,0,0,0,0,0,0,0,0,0,0,0,0,0,0,0
1985,1,1,0,1,1,15,0,0,0,0,0,0,0,0,0,0,0,0,0,0,0
1985,1,1,0,1,1,20,0,0,0,0,0,0,0,0,0,0,0,0,0,0,0
1985,1,1,0,1,1,25,0,0,0,0,0,0,0,0,0,0,0,0,0,0,0
1985,1,1,0,1,1,30,0,0,0,0,0,0,0,0,0,0,0,0,0,0,0
1985,1,1,0,1,1,35,0,0,0,0,0,0,0,0,0,0,0,0,0,0,0
1985,1,1,0,1,1,40,0,0,0,0,0,0,0,0,0,0,0,0,0,0,0
1985,1,1,0,1,1,45,0,0,0,0,0,0,0,0,0,0,0,0,0,0,0
1985,1,1,0,1,1,50,0,0,0,0,0,0,0,0,0,0,0,0,0,0,0
1985,1,1,0,1,1,55,0,0,0,0,0,0,0,0,0,0,0,0,0,0,0
1985,1,1,0,1,1,60,0,0,0,0,0,0,0,0,0,0,0,0,0,0,0
1985,1,1,0,1,1,100,0,0,0,0,0,0,0,0,0,0,0,0,0,0,0
1985.5,1,0,0,0,0,0,3670,0,0,0,37,0,0,0,0,0,0,0,0,0,0
1985.5,1,0,0,0,0,5,3010,0,0,0,4,0,0,0,0,0,0,0,0,0,1
1985.5,1,0,0,0,0,10,2847,0,0,0,0,0,0,0,0,0,0,0,0,0,5
1985.5,1,0,0,0,0,15,2451,0,0,0,2,0,0,0,0,0,0,0,0,0,12
1985.5,1,0,0,0,0,20,1954,0,0,0,2,0,0,0,0,0,0,0,0,0,4
1985.5,1,0,0,0,0,25,822,0,0,0,1,0,0,0,0,0,0,0,0,0,0
1985.5,1,0,0,0,0,30,729,0,0,0,1,0,0,0,0,0,0,0,0,0,0
1985.5,1,0,0,0,0,35,707,0,0,0,5,0,0,0,0,0,0,0,0,0,0
1985.5,1,0,0,0,0,40,706,0,0,0,0,0,0,0,0,0,0,0,0,0,0
1985.5,1,0,0,0,0,45,712,0,0,0,5,0,0,0,0,0,0,0,0,0,0
1985.5,1,0,0,0,0,50,549,0,0,0,9,0,0,0,0,0,0,0,0,0,0
1985.5,1,0,0,0,0,55,363,0,0,0,7,0,0,0,0,0,0,0,0,0,0
1985.5,1,0,0,0,0,60,500,0,0,0,14,0,0,0,0,0,0,0,0,0,0
1985.5,1,0,0,0,0,100,1,0,0,0,0,0,0,0,0,0,0,0,0,0,0
1985.5,1,0,0,0,1,0,0,0,0,0,0,0,0,0,0,0,0,0,0,0,0
1985.5,1,0,0,0,1,5,0,0,0,0,0,0,0,0,0,0,0,0,0,0,0
1985.5,1,0,0,0,1,10,0,0,0,0,0,0,0,0,0,0,0,0,0,0,0
1985.5,1,0,0,0,1,15,0,0,0,0,0,0,0,0,0,0,0,0,0,0,0
1985.5,1,0,0,0,1,20,0,0,0,0,0,0,0,0,0,0,0,0,0,0,0
1985.5,1,0,0,0,1,25,0,0,0,0,0,0,0,0,0,0,0,0,0,0,0
1985.5,1,0,0,0,1,30,0,0,0,0,0,0,0,0,0,0,0,0,0,0,0
1985.5,1,0,0,0,1,35,0,0,0,0,0,0,0,0,0,0,0,0,0,0,0
1985.5,1,0,0,0,1,40,0,0,0,0,0,0,0,0,0,0,0,0,0,0,0
1985.5,1,0,0,0,1,45,0,0,0,0,0,0,0,0,0,0,0,0,0,0,0
1985.5,1,0,0,0,1,50,0,0,0,0,0,0,0,0,0,0,0,0,0,0,0
1985.5,1,0,0,0,1,55,0,0,0,0,0,0,0,0,0,0,0,0,0,0,0
1985.5,1,0,0,0,1,60,0,0,0,0,0,0,0,0,0,0,0,0,0,0,0
1985.5,1,0,0,0,1,100,0,0,0,0,0,0,0,0,0,0,0,0,0,0,0
1985.5,1,0,0,1,0,0,26,26,10,0,4,4,0,0,0,0,0,0,0,0,0
1985.5,1,0,0,1,0,5,0,0,0,0,0,0,0,0,0,0,0,0,0,0,0
1985.5,1,0,0,1,0,10,0,0,0,0,0,0,0,0,0,0,0,0,0,0,0
1985.5,1,0,0,1,0,15,27,27,4,0,0,0,0,0,0,0,0,8,0,0,0
1985.5,1,0,0,1,0,20,133,133,21,0,4,3,0,0,0,0,0,28,0,0,0
1985.5,1,0,0,1,0,25,111,111,14,0,4,3,0,0,0,0,0,34,0,0,0
1985.5,1,0,0,1,0,30,117,117,14,0,0,0,0,0,0,0,0,29,0,0,0
1985.5,1,0,0,1,0,35,78,78,4,0,0,0,0,0,0,0,0,6,0,0,0
1985.5,1,0,0,1,0,40,34,34,2,0,3,1,0,0,0,0,0,6,0,0,0
1985.5,1,0,0,1,0,45,13,13,3,0,0,0,0,0,0,0,0,4,0,0,0
1985.5,1,0,0,1,0,50,11,11,2,0,0,0,0,0,0,0,0,0,0,0,0
1985.5,1,0,0,1,0,55,2,2,1,0,0,0,0,0,0,0,0,2,0,0,0
1985.5,1,0,0,1,0,60,0,0,0,0,0,0,0,0,0,0,0,0,0,0,0
1985.5,1,0,0,1,0,100,0,0,0,0,0,0,0,0,0,0,0,0,0,0,0
1985.5,1,0,0,1,1,0,0,0,0,0,0,0,0,0,0,0,0,0,0,0,0
1985.5,1,0,0,1,1,5,0,0,0,0,0,0,0,0,0,0,0,0,0,0,0
1985.5,1,0,0,1,1,10,0,0,0,0,0,0,0,0,0,0,0,0,0,0,0
1985.5,1,0,0,1,1,15,0,0,0,0,0,0,0,0,0,0,0,0,0,0,0
1985.5,1,0,0,1,1,20,0,0,0,0,0,0,0,0,0,0,0,0,0,0,0
1985.5,1,0,0,1,1,25,0,0,0,0,0,0,0,0,0,0,0,0,0,0,0
1985.5,1,0,0,1,1,30,0,0,0,0,0,0,0,0,0,0,0,0,0,0,0
1985.5,1,0,0,1,1,35,0,0,0,0,0,0,0,0,0,0,0,0,0,0,0
1985.5,1,0,0,1,1,40,0,0,0,0,0,0,0,0,0,0,0,0,0,0,0
1985.5,1,0,0,1,1,45,0,0,0,0,0,0,0,0,0,0,0,0,0,0,0
1985.5,1,0,0,1,1,50,0,0,0,0,0,0,0,0,0,0,0,0,0,0,0
1985.5,1,0,0,1,1,55,0,0,0,0,0,0,0,0,0,0,0,0,0,0,0
1985.5,1,0,0,1,1,60,0,0,0,0,0,0,0,0,0,0,0,0,0,0,0
1985.5,1,0,0,1,1,100,0,0,0,0,0,0,0,0,0,0,0,0,0,0,0
1985.5,1,0,1,0,0,0,0,0,0,0,0,0,0,0,0,0,0,0,0,0,0
1985.5,1,0,1,0,0,5,1,0,0,0,0,0,0,0,0,0,0,0,0,0,0
1985.5,1,0,1,0,0,10,15,0,0,0,0,0,0,0,0,0,0,0,0,0,0
1985.5,1,0,1,0,0,15,62,0,0,0,0,0,0,0,0,0,0,0,0,0,0
1985.5,1,0,1,0,0,20,112,0,0,0,0,0,0,0,0,0,0,0,0,0,0
1985.5,1,0,1,0,0,25,82,0,0,0,1,0,0,0,0,0,0,0,0,0,0
1985.5,1,0,1,0,0,30,58,0,0,0,0,0,0,0,0,0,0,0,0,0,0
1985.5,1,0,1,0,0,35,59,0,0,0,1,0,0,0,0,0,0,0,0,0,0
1985.5,1,0,1,0,0,40,71,0,0,0,1,0,0,0,0,0,0,0,0,0,0
1985.5,1,0,1,0,0,45,67,0,0,0,2,0,0,0,0,0,0,0,0,0,0
1985.5,1,0,1,0,0,50,54,0,0,0,2,0,0,0,0,0,0,0,0,0,0
1985.5,1,0,1,0,0,55,38,0,0,0,1,0,0,0,0,0,0,0,0,0,0
1985.5,1,0,1,0,0,60,37,0,0,0,1,0,0,0,0,0,0,0,0,0,0
1985.5,1,0,1,0,0,100,0,0,0,0,0,0,0,0,0,0,0,0,0,0,0
1985.5,1,0,1,0,1,0,0,0,0,0,0,0,0,0,0,0,0,0,0,0,0
1985.5,1,0,1,0,1,5,0,0,0,0,0,0,0,0,0,0,0,0,0,0,0
1985.5,1,0,1,0,1,10,0,0,0,0,0,0,0,0,0,0,0,0,0,0,0
1985.5,1,0,1,0,1,15,0,0,0,0,0,0,0,0,0,0,0,0,0,0,0
1985.5,1,0,1,0,1,20,0,0,0,0,0,0,0,0,0,0,0,0,0,0,0
1985.5,1,0,1,0,1,25,0,0,0,0,0,0,0,0,0,0,0,0,0,0,0
1985.5,1,0,1,0,1,30,0,0,0,0,0,0,0,0,0,0,0,0,0,0,0
1985.5,1,0,1,0,1,35,0,0,0,0,0,0,0,0,0,0,0,0,0,0,0
1985.5,1,0,1,0,1,40,0,0,0,0,0,0,0,0,0,0,0,0,0,0,0
1985.5,1,0,1,0,1,45,0,0,0,0,0,0,0,0,0,0,0,0,0,0,0
1985.5,1,0,1,0,1,50,0,0,0,0,0,0,0,0,0,0,0,0,0,0,0
1985.5,1,0,1,0,1,55,0,0,0,0,0,0,0,0,0,0,0,0,0,0,0
1985.5,1,0,1,0,1,60,0,0,0,0,0,0,0,0,0,0,0,0,0,0,0
1985.5,1,0,1,0,1,100,0,0,0,0,0,0,0,0,0,0,0,0,0,0,0
1985.5,1,0,1,1,0,0,0,0,0,0,0,0,0,0,0,0,0,0,0,0,0
1985.5,1,0,1,1,0,5,0,0,0,0,0,0,0,0,0,0,0,0,0,0,0
1985.5,1,0,1,1,0,10,0,0,0,0,0,0,0,0,0,0,0,0,0,0,0
1985.5,1,0,1,1,0,15,0,0,0,0,0,0,0,0,0,0,0,0,0,0,0
1985.5,1,0,1,1,0,20,3,3,0,0,0,0,0,0,0,0,0,1,0,0,0
1985.5,1,0,1,1,0,25,5,5,0,0,0,0,0,0,0,0,0,0,0,0,0
1985.5,1,0,1,1,0,30,7,7,1,0,0,0,0,0,0,0,0,1,0,0,0
1985.5,1,0,1,1,0,35,8,8,0,0,0,0,0,0,0,0,0,0,0,0,0
1985.5,1,0,1,1,0,40,2,2,0,0,0,0,0,0,0,0,0,0,0,0,0
1985.5,1,0,1,1,0,45,3,3,0,0,0,0,0,0,0,0,0,0,0,0,0
1985.5,1,0,1,1,0,50,1,1,0,0,0,0,0,0,0,0,0,0,0,0,0
1985.5,1,0,1,1,0,55,1,1,1,0,0,0,0,0,0,0,0,2,0,0,0
1985.5,1,0,1,1,0,60,0,0,0,0,0,0,0,0,0,0,0,0,0,0,0
1985.5,1,0,1,1,0,100,0,0,0,0,0,0,0,0,0,0,0,0,0,0,0
1985.5,1,0,1,1,1,0,0,0,0,0,0,0,0,0,0,0,0,0,0,0,0
1985.5,1,0,1,1,1,5,0,0,0,0,0,0,0,0,0,0,0,0,0,0,0
1985.5,1,0,1,1,1,10,0,0,0,0,0,0,0,0,0,0,0,0,0,0,0
1985.5,1,0,1,1,1,15,0,0,0,0,0,0,0,0,0,0,0,0,0,0,0
1985.5,1,0,1,1,1,20,0,0,0,0,0,0,0,0,0,0,0,0,0,0,0
1985.5,1,0,1,1,1,25,0,0,0,0,0,0,0,0,0,0,0,0,0,0,0
1985.5,1,0,1,1,1,30,0,0,0,0,0,0,0,0,0,0,0,0,0,0,0
1985.5,1,0,1,1,1,35,0,0,0,0,0,0,0,0,0,0,0,0,0,0,0
1985.5,1,0,1,1,1,40,0,0,0,0,0,0,0,0,0,0,0,0,0,0,0
1985.5,1,0,1,1,1,45,0,0,0,0,0,0,0,0,0,0,0,0,0,0,0
1985.5,1,0,1,1,1,50,0,0,0,0,0,0,0,0,0,0,0,0,0,0,0
1985.5,1,0,1,1,1,55,0,0,0,0,0,0,0,0,0,0,0,0,0,0,0
1985.5,1,0,1,1,1,60,0,0,0,0,0,0,0,0,0,0,0,0,0,0,0
1985.5,1,0,1,1,1,100,0,0,0,0,0,0,0,0,0,0,0,0,0,0,0
1985.5,1,1,0,0,0,0,3957,0,0,0,15,0,0,0,0,0,0,0,0,0,0
1985.5,1,1,0,0,0,5,3098,0,0,0,1,0,0,0,0,0,0,0,0,0,0
1985.5,1,1,0,0,0,10,2879,0,0,0,2,0,0,0,0,0,0,0,0,0,0
1985.5,1,1,0,0,0,15,2556,0,0,0,3,0,0,0,0,0,0,0,0,0,0
1985.5,1,1,0,0,0,20,2003,0,0,0,2,0,0,0,0,0,0,0,0,0,0
1985.5,1,1,0,0,0,25,858,0,0,0,4,0,0,0,0,0,0,0,0,0,0
1985.5,1,1,0,0,0,30,819,0,0,0,1,0,0,0,0,0,0,0,0,0,0
1985.5,1,1,0,0,0,35,845,0,0,0,4,0,0,0,0,0,0,0,0,0,0
1985.5,1,1,0,0,0,40,891,0,0,0,4,0,0,0,0,0,0,0,0,0,0
1985.5,1,1,0,0,0,45,886,0,0,0,3,0,0,0,0,0,0,0,0,0,0
1985.5,1,1,0,0,0,50,711,0,0,0,4,0,0,0,0,0,0,0,0,0,0
1985.5,1,1,0,0,0,55,517,0,0,0,4,0,0,0,0,0,0,0,0,0,0
1985.5,1,1,0,0,0,60,832,0,0,0,24,0,0,0,0,0,0,0,0,0,0
1985.5,1,1,0,0,0,100,2,0,0,0,0,0,0,0,0,0,0,0,0,0,0
1985.5,1,1,0,0,1,0,0,0,0,0,0,0,0,0,0,0,0,0,0,0,0
1985.5,1,1,0,0,1,5,0,0,0,0,0,0,0,0,0,0,0,0,0,0,0
1985.5,1,1,0,0,1,10,0,0,0,0,0,0,0,0,0,0,0,0,0,0,0
1985.5,1,1,0,0,1,15,0,0,0,0,0,0,0,0,0,0,0,0,0,0,0
1985.5,1,1,0,0,1,20,0,0,0,0,0,0,0,0,0,0,0,0,0,0,0
1985.5,1,1,0,0,1,25,0,0,0,0,0,0,0,0,0,0,0,0,0,0,0
1985.5,1,1,0,0,1,30,0,0,0,0,0,0,0,0,0,0,0,0,0,0,0
1985.5,1,1,0,0,1,35,0,0,0,0,0,0,0,0,0,0,0,0,0,0,0
1985.5,1,1,0,0,1,40,0,0,0,0,0,0,0,0,0,0,0,0,0,0,0
1985.5,1,1,0,0,1,45,0,0,0,0,0,0,0,0,0,0,0,0,0,0,0
1985.5,1,1,0,0,1,50,0,0,0,0,0,0,0,0,0,0,0,0,0,0,0
1985.5,1,1,0,0,1,55,0,0,0,0,0,0,0,0,0,0,0,0,0,0,0
1985.5,1,1,0,0,1,60,0,0,0,0,0,0,0,0,0,0,0,0,0,0,0
1985.5,1,1,0,0,1,100,0,0,0,0,0,0,0,0,0,0,0,0,0,0,0
1985.5,1,1,0,1,0,0,25,25,16,0,9,7,0,0,0,0,0,0,0,0,0
1985.5,1,1,0,1,0,5,0,0,0,0,0,0,0,0,0,0,0,0,0,0,0
1985.5,1,1,0,1,0,10,9,9,6,0,0,0,0,0,0,0,0,5,0,0,0
1985.5,1,1,0,1,0,15,100,100,28,0,2,2,0,0,0,0,0,18,0,0,0
1985.5,1,1,0,1,0,20,265,265,38,0,2,2,0,0,0,0,0,23,0,0,0
1985.5,1,1,0,1,0,25,142,142,17,0,0,0,0,0,0,0,0,9,0,0,0
1985.5,1,1,0,1,0,30,128,128,13,0,1,0,0,0,0,0,0,6,0,0,0
1985.5,1,1,0,1,0,35,71,71,7,0,1,0,0,0,0,0,0,3,0,0,0
1985.5,1,1,0,1,0,40,33,33,6,0,0,0,0,0,0,0,0,3,0,0,0
1985.5,1,1,0,1,0,45,21,21,2,0,0,0,0,0,0,0,0,0,0,0,0
1985.5,1,1,0,1,0,50,10,10,4,0,0,0,0,0,0,0,0,0,0,0,0
1985.5,1,1,0,1,0,55,0,0,0,0,0,0,0,0,0,0,0,0,0,0,0
1985.5,1,1,0,1,0,60,0,0,0,0,0,0,0,0,0,0,0,0,0,0,0
1985.5,1,1,0,1,0,100,0,0,0,0,0,0,0,0,0,0,0,0,0,0,0
1985.5,1,1,0,1,1,0,0,0,0,0,0,0,0,0,0,0,0,0,0,0,0
1985.5,1,1,0,1,1,5,0,0,0,0,0,0,0,0,0,0,0,0,0,0,0
1985.5,1,1,0,1,1,10,0,0,0,0,0,0,0,0,0,0,0,0,0,0,0
1985.5,1,1,0,1,1,15,0,0,0,0,0,0,0,0,0,0,0,0,0,0,0
1985.5,1,1,0,1,1,20,0,0,0,0,0,0,0,0,0,0,0,0,0,0,0
1985.5,1,1,0,1,1,25,0,0,0,0,0,0,0,0,0,0,0,0,0,0,0
1985.5,1,1,0,1,1,30,0,0,0,0,0,0,0,0,0,0,0,0,0,0,0
1985.5,1,1,0,1,1,35,0,0,0,0,0,0,0,0,0,0,0,0,0,0,0
1985.5,1,1,0,1,1,40,0,0,0,0,0,0,0,0,0,0,0,0,0,0,0
1985.5,1,1,0,1,1,45,0,0,0,0,0,0,0,0,0,0,0,0,0,0,0
1985.5,1,1,0,1,1,50,0,0,0,0,0,0,0,0,0,0,0,0,0,0,0
1985.5,1,1,0,1,1,55,0,0,0,0,0,0,0,0,0,0,0,0,0,0,0
1985.5,1,1,0,1,1,60,0,0,0,0,0,0,0,0,0,0,0,0,0,0,0
1985.5,1,1,0,1,1,100,0,0,0,0,0,0,0,0,0,0,0,0,0,0,0
1986,1,0,0,0,0,0,3788,0,0,0,39,0,0,0,0,0,0,0,0,0,0
1986,1,0,0,0,0,5,3041,0,0,0,3,0,0,0,0,0,0,0,0,0,0
1986,1,0,0,0,0,10,2866,0,0,0,3,0,0,0,0,0,0,0,0,0,1
1986,1,0,0,0,0,15,2472,0,0,0,6,0,0,0,0,0,0,0,0,0,2
1986,1,0,0,0,0,20,1981,0,0,0,2,0,0,0,0,0,0,0,0,0,12
1986,1,0,0,0,0,25,880,0,0,0,1,0,0,0,0,0,0,0,0,0,1
1986,1,0,0,0,0,30,748,0,0,0,1,0,0,0,0,0,0,0,0,0,0
1986,1,0,0,0,0,35,674,0,0,0,2,0,0,0,0,0,0,0,0,0,0
1986,1,0,0,0,0,40,681,0,0,0,7,0,0,0,0,0,0,0,0,0,0
1986,1,0,0,0,0,45,707,0,0,0,4,0,0,0,0,0,0,0,0,0,0
1986,1,0,0,0,0,50,570,0,0,0,3,0,0,0,0,0,0,0,0,0,0
1986,1,0,0,0,0,55,364,0,0,0,6,0,0,0,0,0,0,0,0,0,0
1986,1,0,0,0,0,60,526,0,0,0,17,0,0,0,0,0,0,0,0,0,0
1986,1,0,0,0,0,100,1,0,0,0,0,0,0,0,0,0,0,0,0,0,0
1986,1,0,0,0,1,0,0,0,0,0,0,0,0,0,0,0,0,0,0,0,0
1986,1,0,0,0,1,5,0,0,0,0,0,0,0,0,0,0,0,0,0,0,0
1986,1,0,0,0,1,10,0,0,0,0,0,0,0,0,0,0,0,0,0,0,0
1986,1,0,0,0,1,15,0,0,0,0,0,0,0,0,0,0,0,0,0,0,0
1986,1,0,0,0,1,20,0,0,0,0,0,0,0,0,0,0,0,0,0,0,0
1986,1,0,0,0,1,25,0,0,0,0,0,0,0,0,0,0,0,0,0,0,0
1986,1,0,0,0,1,30,0,0,0,0,0,0,0,0,0,0,0,0,0,0,0
1986,1,0,0,0,1,35,0,0,0,0,0,0,0,0,0,0,0,0,0,0,0
1986,1,0,0,0,1,40,0,0,0,0,0,0,0,0,0,0,0,0,0,0,0
1986,1,0,0,0,1,45,0,0,0,0,0,0,0,0,0,0,0,0,0,0,0
1986,1,0,0,0,1,50,0,0,0,0,0,0,0,0,0,0,0,0,0,0,0
1986,1,0,0,0,1,55,0,0,0,0,0,0,0,0,0,0,0,0,0,0,0
1986,1,0,0,0,1,60,0,0,0,0,0,0,0,0,0,0,0,0,0,0,0
1986,1,0,0,0,1,100,0,0,0,0,0,0,0,0,0,0,0,0,0,0,0
1986,1,0,0,1,0,0,32,32,9,0,3,3,0,0,0,0,0,0,0,0,0
1986,1,0,0,1,0,5,0,0,0,0,0,0,0,0,0,0,0,0,0,0,0
1986,1,0,0,1,0,10,0,0,0,0,0,0,0,0,0,0,0,0,0,0,0
1986,1,0,0,1,0,15,33,33,12,0,0,0,0,0,0,0,0,4,0,0,0
1986,1,0,0,1,0,20,144,144,29,0,1,1,0,0,0,0,0,32,0,0,1
1986,1,0,0,1,0,25,140,140,19,0,0,0,0,0,0,0,0,23,0,0,1
1986,1,0,0,1,0,30,122,122,8,0,4,4,0,0,0,0,0,31,0,0,0
1986,1,0,0,1,0,35,90,90,11,0,1,1,0,0,0,0,0,19,0,0,0
1986,1,0,0,1,0,40,46,46,6,0,0,0,0,0,0,0,0,10,0,0,0
1986,1,0,0,1,0,45,17,17,4,0,0,0,0,0,0,0,0,6,0,0,0
1986,1,0,0,1,0,50,13,13,1,0,0,0,0,0,0,0,0,0,0,0,0
1986,1,0,0,1,0,55,4,4,3,0,1,0,0,0,0,0,0,1,0,0,0
1986,1,0,0,1,0,60,0,0,1,0,1,0,0,0,0,0,0,0,0,0,0
1986,1,0,0,1,0,100,0,0,0,0,0,0,0,0,0,0,0,0,0,0,0
1986,1,0,0,1,1,0,0,0,0,0,0,0,0,0,0,0,0,0,0,0,0
1986,1,0,0,1,1,5,0,0,0,0,0,0,0,0,0,0,0,0,0,0,0
1986,1,0,0,1,1,10,0,0,0,0,0,0,0,0,0,0,0,0,0,0,0
1986,1,0,0,1,1,15,0,0,0,0,0,0,0,0,0,0,0,0,0,0,0
1986,1,0,0,1,1,20,0,0,0,0,0,0,0,0,0,0,0,0,0,0,0
1986,1,0,0,1,1,25,0,0,0,0,0,0,0,0,0,0,0,0,0,0,0
1986,1,0,0,1,1,30,0,0,0,0,0,0,0,0,0,0,0,0,0,0,0
1986,1,0,0,1,1,35,0,0,0,0,0,0,0,0,0,0,0,0,0,0,0
1986,1,0,0,1,1,40,0,0,0,0,0,0,0,0,0,0,0,0,0,0,0
1986,1,0,0,1,1,45,0,0,0,0,0,0,0,0,0,0,0,0,0,0,0
1986,1,0,0,1,1,50,0,0,0,0,0,0,0,0,0,0,0,0,0,0,0
1986,1,0,0,1,1,55,0,0,0,0,0,0,0,0,0,0,0,0,0,0,0
1986,1,0,0,1,1,60,0,0,0,0,0,0,0,0,0,0,0,0,0,0,0
1986,1,0,0,1,1,100,0,0,0,0,0,0,0,0,0,0,0,0,0,0,0
1986,1,0,1,0,0,0,0,0,0,0,0,0,0,0,0,0,0,0,0,0,0
1986,1,0,1,0,0,5,1,0,0,0,0,0,0,0,0,0,0,0,0,0,0
1986,1,0,1,0,0,10,11,0,0,0,0,0,0,0,0,0,0,0,0,0,0
1986,1,0,1,0,0,15,62,0,0,0,0,0,0,0,0,0,0,0,0,0,0
1986,1,0,1,0,0,20,110,0,0,0,0,0,0,0,0,0,0,0,0,0,0
1986,1,0,1,0,0,25,95,0,0,0,0,0,0,0,0,0,0,0,0,0,0
1986,1,0,1,0,0,30,59,0,0,0,0,0,0,0,0,0,0,0,0,0,0
1986,1,0,1,0,0,35,60,0,0,0,0,0,0,0,0,0,0,0,0,0,0
1986,1,0,1,0,0,40,68,0,0,0,0,0,0,0,0,0,0,0,0,0,0
1986,1,0,1,0,0,45,65,0,0,0,0,0,0,0,0,0,0,0,0,0,0
1986,1,0,1,0,0,50,55,0,0,0,1,0,0,0,0,0,0,0,0,0,0
1986,1,0,1,0,0,55,43,0,0,0,0,0,0,0,0,0,0,0,0,0,0
1986,1,0,1,0,0,60,37,0,0,0,0,0,0,0,0,0,0,0,0,0,0
1986,1,0,1,0,0,100,0,0,0,0,0,0,0,0,0,0,0,0,0,0,0
1986,1,0,1,0,1,0,0,0,0,0,0,0,0,0,0,0,0,0,0,0,0
1986,1,0,1,0,1,5,0,0,0,0,0,0,0,0,0,0,0,0,0,0,0
1986,1,0,1,0,1,10,0,0,0,0,0,0,0,0,0,0,0,0,0,0,0
1986,1,0,1,0,1,15,0,0,0,0,0,0,0,0,0,0,0,0,0,0,0
1986,1,0,1,0,1,20,0,0,0,0,0,0,0,0,0,0,0,0,0,0,0
1986,1,0,1,0,1,25,0,0,0,0,0,0,0,0,0,0,0,0,0,0,0
1986,1,0,1,0,1,30,0,0,0,0,0,0,0,0,0,0,0,0,0,0,0
1986,1,0,1,0,1,35,0,0,0,0,0,0,0,0,0,0,0,0,0,0,0
1986,1,0,1,0,1,40,0,0,0,0,0,0,0,0,0,0,0,0,0,0,0
1986,1,0,1,0,1,45,0,0,0,0,0,0,0,0,0,0,0,0,0,0,0
1986,1,0,1,0,1,50,0,0,0,0,0,0,0,0,0,0,0,0,0,0,0
1986,1,0,1,0,1,55,0,0,0,0,0,0,0,0,0,0,0,0,0,0,0
1986,1,0,1,0,1,60,0,0,0,0,0,0,0,0,0,0,0,0,0,0,0
1986,1,0,1,0,1,100,0,0,0,0,0,0,0,0,0,0,0,0,0,0,0
1986,1,0,1,1,0,0,0,0,0,0,0,0,0,0,0,0,0,0,0,0,0
1986,1,0,1,1,0,5,0,0,0,0,0,0,0,0,0,0,0,0,0,0,0
1986,1,0,1,1,0,10,0,0,0,0,0,0,0,0,0,0,0,0,0,0,0
1986,1,0,1,1,0,15,0,0,0,0,0,0,0,0,0,0,0,0,0,0,0
1986,1,0,1,1,0,20,3,3,0,0,0,0,0,0,0,0,0,0,0,0,0
1986,1,0,1,1,0,25,7,7,0,0,0,0,0,0,0,0,0,2,0,0,0
1986,1,0,1,1,0,30,5,5,0,0,0,0,0,0,0,0,0,1,0,0,0
1986,1,0,1,1,0,35,12,12,2,0,0,0,0,0,0,0,0,6,0,0,0
1986,1,0,1,1,0,40,3,3,1,0,0,0,0,0,0,0,0,0,0,0,0
1986,1,0,1,1,0,45,4,4,1,0,0,0,0,0,0,0,0,1,0,0,0
1986,1,0,1,1,0,50,1,1,0,0,0,0,0,0,0,0,0,0,0,0,0
1986,1,0,1,1,0,55,1,1,0,0,0,0,0,0,0,0,0,1,0,0,0
1986,1,0,1,1,0,60,0,0,0,0,0,0,0,0,0,0,0,0,0,0,0
1986,1,0,1,1,0,100,0,0,0,0,0,0,0,0,0,0,0,0,0,0,0
1986,1,0,1,1,1,0,0,0,0,0,0,0,0,0,0,0,0,0,0,0,0
1986,1,0,1,1,1,5,0,0,0,0,0,0,0,0,0,0,0,0,0,0,0
1986,1,0,1,1,1,10,0,0,0,0,0,0,0,0,0,0,0,0,0,0,0
1986,1,0,1,1,1,15,0,0,0,0,0,0,0,0,0,0,0,0,0,0,0
1986,1,0,1,1,1,20,0,0,0,0,0,0,0,0,0,0,0,0,0,0,0
1986,1,0,1,1,1,25,0,0,0,0,0,0,0,0,0,0,0,0,0,0,0
1986,1,0,1,1,1,30,0,0,0,0,0,0,0,0,0,0,0,0,0,0,0
1986,1,0,1,1,1,35,0,0,0,0,0,0,0,0,0,0,0,0,0,0,0
1986,1,0,1,1,1,40,0,0,0,0,0,0,0,0,0,0,0,0,0,0,0
1986,1,0,1,1,1,45,0,0,0,0,0,0,0,0,0,0,0,0,0,0,0
1986,1,0,1,1,1,50,0,0,0,0,0,0,0,0,0,0,0,0,0,0,0
1986,1,0,1,1,1,55,0,0,0,0,0,0,0,0,0,0,0,0,0,0,0
1986,1,0,1,1,1,60,0,0,0,0,0,0,0,0,0,0,0,0,0,0,0
1986,1,0,1,1,1,100,0,0,0,0,0,0,0,0,0,0,0,0,0,0,0
1986,1,1,0,0,0,0,3972,0,0,0,32,0,0,0,0,0,0,0,0,0,0
1986,1,1,0,0,0,5,3190,0,0,0,0,0,0,0,0,0,0,0,0,0,0
1986,1,1,0,0,0,10,2896,0,0,0,1,0,0,0,0,0,0,0,0,0,0
1986,1,1,0,0,0,15,2565,0,0,0,1,0,0,0,0,0,0,0,0,0,0
1986,1,1,0,0,0,20,2014,0,0,0,0,0,0,0,0,0,0,0,0,0,0
1986,1,1,0,0,0,25,927,0,0,0,1,0,0,0,0,0,0,0,0,0,0
1986,1,1,0,0,0,30,806,0,0,0,3,0,0,0,0,0,0,0,0,0,0
1986,1,1,0,0,0,35,821,0,0,0,2,0,0,0,0,0,0,0,0,0,0
1986,1,1,0,0,0,40,879,0,0,0,3,0,0,0,0,0,0,0,0,0,0
1986,1,1,0,0,0,45,895,0,0,0,8,0,0,0,0,0,0,0,0,0,0
1986,1,1,0,0,0,50,705,0,0,0,6,0,0,0,0,0,0,0,0,0,0
1986,1,1,0,0,0,55,531,0,0,0,6,0,0,0,0,0,0,0,0,0,0
1986,1,1,0,0,0,60,869,0,0,0,17,0,0,0,0,0,0,0,0,0,0
1986,1,1,0,0,0,100,1,0,0,0,1,0,0,0,0,0,0,0,0,0,0
1986,1,1,0,0,1,0,0,0,0,0,0,0,0,0,0,0,0,0,0,0,0
1986,1,1,0,0,1,5,0,0,0,0,0,0,0,0,0,0,0,0,0,0,0
1986,1,1,0,0,1,10,0,0,0,0,0,0,0,0,0,0,0,0,0,0,0
1986,1,1,0,0,1,15,0,0,0,0,0,0,0,0,0,0,0,0,0,0,0
1986,1,1,0,0,1,20,0,0,0,0,0,0,0,0,0,0,0,0,0,0,0
1986,1,1,0,0,1,25,0,0,0,0,0,0,0,0,0,0,0,0,0,0,0
1986,1,1,0,0,1,30,0,0,0,0,0,0,0,0,0,0,0,0,0,0,0
1986,1,1,0,0,1,35,0,0,0,0,0,0,0,0,0,0,0,0,0,0,0
1986,1,1,0,0,1,40,0,0,0,0,0,0,0,0,0,0,0,0,0,0,0
1986,1,1,0,0,1,45,0,0,0,0,0,0,0,0,0,0,0,0,0,0,0
1986,1,1,0,0,1,50,0,0,0,0,0,0,0,0,0,0,0,0,0,0,0
1986,1,1,0,0,1,55,0,0,0,0,0,0,0,0,0,0,0,0,0,0,0
1986,1,1,0,0,1,60,0,0,0,0,0,0,0,0,0,0,0,0,0,0,0
1986,1,1,0,0,1,100,0,0,0,0,0,0,0,0,0,0,0,0,0,0,0
1986,1,1,0,1,0,0,30,30,11,0,6,6,0,0,0,0,0,0,0,0,0
1986,1,1,0,1,0,5,0,0,0,0,0,0,0,0,0,0,0,0,0,0,0
1986,1,1,0,1,0,10,5,5,5,0,6,6,0,0,0,0,0,8,0,0,0
1986,1,1,0,1,0,15,112,112,26,0,2,2,0,0,0,0,0,27,0,0,0
1986,1,1,0,1,0,20,279,279,40,0,3,3,0,0,0,0,0,25,0,0,0
1986,1,1,0,1,0,25,193,193,22,0,3,2,0,0,0,0,0,10,0,0,0
1986,1,1,0,1,0,30,140,140,17,0,1,1,0,0,0,0,0,17,0,0,0
1986,1,1,0,1,0,35,84,84,14,0,2,2,0,0,0,0,0,4,0,0,0
1986,1,1,0,1,0,40,46,46,5,0,0,0,0,0,0,0,0,5,0,0,0
1986,1,1,0,1,0,45,24,24,4,0,1,1,0,0,0,0,0,1,0,0,0
1986,1,1,0,1,0,50,11,11,2,0,1,1,0,0,0,0,0,1,0,0,0
1986,1,1,0,1,0,55,2,2,1,0,0,0,0,0,0,0,0,0,0,0,0
1986,1,1,0,1,0,60,1,1,1,0,0,0,0,0,0,0,0,0,0,0,0
1986,1,1,0,1,0,100,0,0,0,0,0,0,0,0,0,0,0,0,0,0,0
1986,1,1,0,1,1,0,0,0,0,0,0,0,0,0,0,0,0,0,0,0,0
1986,1,1,0,1,1,5,0,0,0,0,0,0,0,0,0,0,0,0,0,0,0
1986,1,1,0,1,1,10,0,0,0,0,0,0,0,0,0,0,0,0,0,0,0
1986,1,1,0,1,1,15,0,0,0,0,0,0,0,0,0,0,0,0,0,0,0
1986,1,1,0,1,1,20,0,0,0,0,0,0,0,0,0,0,0,0,0,0,0
1986,1,1,0,1,1,25,0,0,0,0,0,0,0,0,0,0,0,0,0,0,0
1986,1,1,0,1,1,30,0,0,0,0,0,0,0,0,0,0,0,0,0,0,0
1986,1,1,0,1,1,35,0,0,0,0,0,0,0,0,0,0,0,0,0,0,0
1986,1,1,0,1,1,40,0,0,0,0,0,0,0,0,0,0,0,0,0,0,0
1986,1,1,0,1,1,45,0,0,0,0,0,0,0,0,0,0,0,0,0,0,0
1986,1,1,0,1,1,50,0,0,0,0,0,0,0,0,0,0,0,0,0,0,0
1986,1,1,0,1,1,55,0,0,0,0,0,0,0,0,0,0,0,0,0,0,0
1986,1,1,0,1,1,60,0,0,0,0,0,0,0,0,0,0,0,0,0,0,0
1986,1,1,0,1,1,100,0,0,0,0,0,0,0,0,0,0,0,0,0,0,0
1986.5,1,0,0,0,0,0,3866,0,0,0,47,0,0,0,0,0,0,0,0,0,0
1986.5,1,0,0,0,0,5,3072,0,0,0,2,0,0,0,0,0,0,0,0,0,0
1986.5,1,0,0,0,0,10,2859,0,0,0,5,0,0,0,0,0,0,0,0,0,2
1986.5,1,0,0,0,0,15,2486,0,0,0,3,0,0,0,0,0,0,0,0,0,9
1986.5,1,0,0,0,0,20,1985,0,0,0,6,0,0,0,0,0,0,0,0,0,13
1986.5,1,0,0,0,0,25,976,0,0,0,4,0,0,0,0,0,0,0,0,0,1
1986.5,1,0,0,0,0,30,748,0,0,0,0,0,0,0,0,0,0,0,0,0,0
1986.5,1,0,0,0,0,35,653,0,0,0,1,0,0,0,0,0,0,0,0,0,0
1986.5,1,0,0,0,0,40,684,0,0,0,8,0,0,0,0,0,0,0,0,0,0
1986.5,1,0,0,0,0,45,695,0,0,0,5,0,0,0,0,0,0,0,0,0,0
1986.5,1,0,0,0,0,50,565,0,0,0,4,0,0,0,0,0,0,0,0,0,0
1986.5,1,0,0,0,0,55,387,0,0,0,5,0,0,0,0,0,0,0,0,0,0
1986.5,1,0,0,0,0,60,547,0,0,0,13,0,0,0,0,0,0,0,0,0,0
1986.5,1,0,0,0,0,100,1,0,0,0,0,0,0,0,0,0,0,0,0,0,0
1986.5,1,0,0,0,1,0,0,0,0,0,0,0,0,0,0,0,0,0,0,0,0
1986.5,1,0,0,0,1,5,0,0,0,0,0,0,0,0,0,0,0,0,0,0,0
1986.5,1,0,0,0,1,10,0,0,0,0,0,0,0,0,0,0,0,0,0,0,0
1986.5,1,0,0,0,1,15,0,0,0,0,0,0,0,0,0,0,0,0,0,0,0
1986.5,1,0,0,0,1,20,0,0,0,0,0,0,0,0,0,0,0,0,0,0,0
1986.5,1,0,0,0,1,25,0,0,0,0,0,0,0,0,0,0,0,0,0,0,0
1986.5,1,0,0,0,1,30,0,0,0,0,0,0,0,0,0,0,0,0,0,0,0
1986.5,1,0,0,0,1,35,0,0,0,0,0,0,0,0,0,0,0,0,0,0,0
1986.5,1,0,0,0,1,40,0,0,0,0,0,0,0,0,0,0,0,0,0,0,0
1986.5,1,0,0,0,1,45,0,0,0,0,0,0,0,0,0,0,0,0,0,0,0
1986.5,1,0,0,0,1,50,0,0,0,0,0,0,0,0,0,0,0,0,0,0,0
1986.5,1,0,0,0,1,55,0,0,0,0,0,0,0,0,0,0,0,0,0,0,0
1986.5,1,0,0,0,1,60,0,0,0,0,0,0,0,0,0,0,0,0,0,0,0
1986.5,1,0,0,0,1,100,0,0,0,0,0,0,0,0,0,0,0,0,0,0,0
1986.5,1,0,0,1,0,0,38,38,12,0,4,4,0,0,0,0,0,0,0,0,0
1986.5,1,0,0,1,0,5,0,0,0,0,0,0,0,0,0,0,0,0,0,0,0
1986.5,1,0,0,1,0,10,0,0,0,0,0,0,0,0,0,0,0,0,0,0,0
1986.5,1,0,0,1,0,15,35,35,14,0,1,1,0,0,0,0,0,11,0,0,0
1986.5,1,0,0,1,0,20,157,157,20,0,1,1,0,0,0,0,0,26,0,0,0
1986.5,1,0,0,1,0,25,149,149,14,0,1,1,0,0,0,0,0,29,0,0,0
1986.5,1,0,0,1,0,30,142,142,13,0,1,1,0,0,0,0,0,24,0,0,0
1986.5,1,0,0,1,0,35,105,105,8,0,3,3,0,0,0,0,0,16,0,0,0
1986.5,1,0,0,1,0,40,54,54,3,0,0,0,0,0,0,0,0,6,0,0,0
1986.5,1,0,0,1,0,45,19,19,3,0,0,0,0,0,0,0,0,2,0,0,0
1986.5,1,0,0,1,0,50,17,17,3,0,1,1,0,0,0,0,0,3,0,0,0
1986.5,1,0,0,1,0,55,7,7,3,0,0,0,0,0,0,0,0,5,0,0,0
1986.5,1,0,0,1,0,60,1,1,1,0,0,0,0,0,0,0,0,0,0,0,0
1986.5,1,0,0,1,0,100,0,0,0,0,0,0,0,0,0,0,0,0,0,0,0
1986.5,1,0,0,1,1,0,0,0,0,0,0,0,0,0,0,0,0,0,0,0,0
1986.5,1,0,0,1,1,5,0,0,0,0,0,0,0,0,0,0,0,0,0,0,0
1986.5,1,0,0,1,1,10,0,0,0,0,0,0,0,0,0,0,0,0,0,0,0
1986.5,1,0,0,1,1,15,0,0,0,0,0,0,0,0,0,0,0,0,0,0,0
1986.5,1,0,0,1,1,20,0,0,0,0,0,0,0,0,0,0,0,0,0,0,0
1986.5,1,0,0,1,1,25,0,0,0,0,0,0,0,0,0,0,0,0,0,0,0
1986.5,1,0,0,1,1,30,0,0,0,0,0,0,0,0,0,0,0,0,0,0,0
1986.5,1,0,0,1,1,35,0,0,0,0,0,0,0,0,0,0,0,0,0,0,0
1986.5,1,0,0,1,1,40,0,0,0,0,0,0,0,0,0,0,0,0,0,0,0
1986.5,1,0,0,1,1,45,0,0,0,0,0,0,0,0,0,0,0,0,0,0,0
1986.5,1,0,0,1,1,50,0,0,0,0,0,0,0,0,0,0,0,0,0,0,0
1986.5,1,0,0,1,1,55,0,0,0,0,0,0,0,0,0,0,0,0,0,0,0
1986.5,1,0,0,1,1,60,0,0,0,0,0,0,0,0,0,0,0,0,0,0,0
1986.5,1,0,0,1,1,100,0,0,0,0,0,0,0,0,0,0,0,0,0,0,0
1986.5,1,0,1,0,0,0,0,0,0,0,0,0,0,0,0,0,0,0,0,0,0
1986.5,1,0,1,0,0,5,1,0,0,0,0,0,0,0,0,0,0,0,0,0,0
1986.5,1,0,1,0,0,10,12,0,0,0,0,0,0,0,0,0,0,0,0,0,0
1986.5,1,0,1,0,0,15,59,0,0,0,0,0,0,0,0,0,0,0,0,0,0
1986.5,1,0,1,0,0,20,122,0,0,0,0,0,0,0,0,0,0,0,0,0,0
1986.5,1,0,1,0,0,25,99,0,0,0,1,0,0,0,0,0,0,0,0,0,0
1986.5,1,0,1,0,0,30,60,0,0,0,0,0,0,0,0,0,0,0,0,0,0
1986.5,1,0,1,0,0,35,61,0,0,0,1,0,0,0,0,0,0,0,0,0,0
1986.5,1,0,1,0,0,40,63,0,0,0,2,0,0,0,0,0,0,0,0,0,0
1986.5,1,0,1,0,0,45,67,0,0,0,0,0,0,0,0,0,0,0,0,0,0
1986.5,1,0,1,0,0,50,52,0,0,0,1,0,0,0,0,0,0,0,0,0,0
1986.5,1,0,1,0,0,55,42,0,0,0,1,0,0,0,0,0,0,0,0,0,0
1986.5,1,0,1,0,0,60,41,0,0,0,1,0,0,0,0,0,0,0,0,0,0
1986.5,1,0,1,0,0,100,0,0,0,0,0,0,0,0,0,0,0,0,0,0,0
1986.5,1,0,1,0,1,0,0,0,0,0,0,0,0,0,0,0,0,0,0,0,0
1986.5,1,0,1,0,1,5,0,0,0,0,0,0,0,0,0,0,0,0,0,0,0
1986.5,1,0,1,0,1,10,0,0,0,0,0,0,0,0,0,0,0,0,0,0,0
1986.5,1,0,1,0,1,15,0,0,0,0,0,0,0,0,0,0,0,0,0,0,0
1986.5,1,0,1,0,1,20,0,0,0,0,0,0,0,0,0,0,0,0,0,0,0
1986.5,1,0,1,0,1,25,0,0,0,0,0,0,0,0,0,0,0,0,0,0,0
1986.5,1,0,1,0,1,30,0,0,0,0,0,0,0,0,0,0,0,0,0,0,0
1986.5,1,0,1,0,1,35,0,0,0,0,0,0,0,0,0,0,0,0,0,0,0
1986.5,1,0,1,0,1,40,0,0,0,0,0,0,0,0,0,0,0,0,0,0,0
1986.5,1,0,1,0,1,45,0,0,0,0,0,0,0,0,0,0,0,0,0,0,0
1986.5,1,0,1,0,1,50,0,0,0,0,0,0,0,0,0,0,0,0,0,0,0
1986.5,1,0,1,0,1,55,0,0,0,0,0,0,0,0,0,0,0,0,0,0,0
1986.5,1,0,1,0,1,60,0,0,0,0,0,0,0,0,0,0,0,0,0,0,0
1986.5,1,0,1,0,1,100,0,0,0,0,0,0,0,0,0,0,0,0,0,0,0
1986.5,1,0,1,1,0,0,0,0,0,0,0,0,0,0,0,0,0,0,0,0,0
1986.5,1,0,1,1,0,5,0,0,0,0,0,0,0,0,0,0,0,0,0,0,0
1986.5,1,0,1,1,0,10,0,0,0,0,0,0,0,0,0,0,0,0,0,0,0
1986.5,1,0,1,1,0,15,0,0,0,0,0,0,0,0,0,0,0,0,0,0,0
1986.5,1,0,1,1,0,20,4,4,2,0,0,0,0,0,0,0,0,1,0,0,0
1986.5,1,0,1,1,0,25,7,7,1,0,0,0,0,0,0,0,0,2,0,0,0
1986.5,1,0,1,1,0,30,6,6,1,0,0,0,0,0,0,0,0,2,0,0,0
1986.5,1,0,1,1,0,35,15,15,1,0,0,0,0,0,0,0,0,2,0,0,0
1986.5,1,0,1,1,0,40,3,3,0,0,0,0,0,0,0,0,0,1,0,0,0
1986.5,1,0,1,1,0,45,4,4,0,0,0,0,0,0,0,0,0,2,0,0,0
1986.5,1,0,1,1,0,50,1,1,0,0,0,0,0,0,0,0,0,0,0,0,0
1986.5,1,0,1,1,0,55,1,1,0,0,0,0,0,0,0,0,0,0,0,0,0
1986.5,1,0,1,1,0,60,0,0,0,0,0,0,0,0,0,0,0,0,0,0,0
1986.5,1,0,1,1,0,100,0,0,0,0,0,0,0,0,0,0,0,0,0,0,0
1986.5,1,0,1,1,1,0,0,0,0,0,0,0,0,0,0,0,0,0,0,0,0
1986.5,1,0,1,1,1,5,0,0,0,0,0,0,0,0,0,0,0,0,0,0,0
1986.5,1,0,1,1,1,10,0,0,0,0,0,0,0,0,0,0,0,0,0,0,0
1986.5,1,0,1,1,1,15,0,0,0,0,0,0,0,0,0,0,0,0,0,0,0
1986.5,1,0,1,1,1,20,0,0,0,0,0,0,0,0,0,0,0,0,0,0,0
1986.5,1,0,1,1,1,25,0,0,0,0,0,0,0,0,0,0,0,0,0,0,0
1986.5,1,0,1,1,1,30,0,0,0,0,0,0,0,0,0,0,0,0,0,0,0
1986.5,1,0,1,1,1,35,0,0,0,0,0,0,0,0,0,0,0,0,0,0,0
1986.5,1,0,1,1,1,40,0,0,0,0,0,0,0,0,0,0,0,0,0,0,0
1986.5,1,0,1,1,1,45,0,0,0,0,0,0,0,0,0,0,0,0,0,0,0
1986.5,1,0,1,1,1,50,0,0,0,0,0,0,0,0,0,0,0,0,0,0,0
1986.5,1,0,1,1,1,55,0,0,0,0,0,0,0,0,0,0,0,0,0,0,0
1986.5,1,0,1,1,1,60,0,0,0,0,0,0,0,0,0,0,0,0,0,0,0
1986.5,1,0,1,1,1,100,0,0,0,0,0,0,0,0,0,0,0,0,0,0,0
1986.5,1,1,0,0,0,0,4020,0,0,0,28,0,0,0,0,0,0,0,0,0,0
1986.5,1,1,0,0,0,5,3279,0,0,0,1,0,0,0,0,0,0,0,0,0,0
1986.5,1,1,0,0,0,10,2908,0,0,0,1,0,0,0,0,0,0,0,0,0,0
1986.5,1,1,0,0,0,15,2547,0,0,0,1,0,0,0,0,0,0,0,0,0,0
1986.5,1,1,0,0,0,20,2048,0,0,0,0,0,0,0,0,0,0,0,0,0,0
1986.5,1,1,0,0,0,25,998,0,0,0,1,0,0,0,0,0,0,0,0,0,0
1986.5,1,1,0,0,0,30,801,0,0,0,2,0,0,0,0,0,0,0,0,0,0
1986.5,1,1,0,0,0,35,810,0,0,0,1,0,0,0,0,0,0,0,0,0,0
1986.5,1,1,0,0,0,40,859,0,0,0,2,0,0,0,0,0,0,0,0,0,0
1986.5,1,1,0,0,0,45,878,0,0,0,2,0,0,0,0,0,0,0,0,0,0
1986.5,1,1,0,0,0,50,724,0,0,0,8,0,0,0,0,0,0,0,0,0,0
1986.5,1,1,0,0,0,55,545,0,0,0,4,0,0,0,0,0,0,0,0,0,0
1986.5,1,1,0,0,0,60,897,0,0,0,24,0,0,0,0,0,0,0,0,0,0
1986.5,1,1,0,0,0,100,1,0,0,0,0,0,0,0,0,0,0,0,0,0,0
1986.5,1,1,0,0,1,0,0,0,0,0,0,0,0,0,0,0,0,0,0,0,0
1986.5,1,1,0,0,1,5,0,0,0,0,0,0,0,0,0,0,0,0,0,0,0
1986.5,1,1,0,0,1,10,0,0,0,0,0,0,0,0,0,0,0,0,0,0,0
1986.5,1,1,0,0,1,15,0,0,0,0,0,0,0,0,0,0,0,0,0,0,0
1986.5,1,1,0,0,1,20,0,0,0,0,0,0,0,0,0,0,0,0,0,0,0
1986.5,1,1,0,0,1,25,0,0,0,0,0,0,0,0,0,0,0,0,0,0,0
1986.5,1,1,0,0,1,30,0,0,0,0,0,0,0,0,0,0,0,0,0,0,0
1986.5,1,1,0,0,1,35,0,0,0,0,0,0,0,0,0,0,0,0,0,0,0
1986.5,1,1,0,0,1,40,0,0,0,0,0,0,0,0,0,0,0,0,0,0,0
1986.5,1,1,0,0,1,45,0,0,0,0,0,0,0,0,0,0,0,0,0,0,0
1986.5,1,1,0,0,1,50,0,0,0,0,0,0,0,0,0,0,0,0,0,0,0
1986.5,1,1,0,0,1,55,0,0,0,0,0,0,0,0,0,0,0,0,0,0,0
1986.5,1,1,0,0,1,60,0,0,0,0,0,0,0,0,0,0,0,0,0,0,0
1986.5,1,1,0,0,1,100,0,0,0,0,0,0,0,0,0,0,0,0,0,0,0
1986.5,1,1,0,1,0,0,44,44,23,0,7,7,0,0,0,0,0,0,0,0,0
1986.5,1,1,0,1,0,5,0,0,0,0,0,0,0,0,0,0,0,0,0,0,0
1986.5,1,1,0,1,0,10,4,4,1,0,2,2,0,0,0,0,0,1,0,0,0
1986.5,1,1,0,1,0,15,109,109,24,0,2,2,0,0,0,0,0,28,0,0,0
1986.5,1,1,0,1,0,20,317,317,51,0,2,1,0,0,0,0,0,19,0,0,0
1986.5,1,1,0,1,0,25,228,228,18,0,3,3,0,0,0,0,0,19,0,0,0
1986.5,1,1,0,1,0,30,149,149,8,0,2,2,0,0,0,0,0,9,0,0,0
1986.5,1,1,0,1,0,35,106,106,13,0,2,2,0,0,0,0,0,4,0,0,0
1986.5,1,1,0,1,0,40,55,55,8,0,0,0,0,0,0,0,0,3,0,0,0
1986.5,1,1,0,1,0,45,26,26,3,0,1,1,0,0,0,0,0,3,0,0,0
1986.5,1,1,0,1,0,50,12,12,2,0,0,0,0,0,0,0,0,0,0,0,0
1986.5,1,1,0,1,0,55,6,6,3,0,0,0,0,0,0,0,0,1,0,0,0
1986.5,1,1,0,1,0,60,2,2,1,0,0,0,0,0,0,0,0,0,0,0,0
1986.5,1,1,0,1,0,100,0,0,0,0,0,0,0,0,0,0,0,0,0,0,0
1986.5,1,1,0,1,1,0,0,0,0,0,0,0,0,0,0,0,0,0,0,0,0
1986.5,1,1,0,1,1,5,0,0,0,0,0,0,0,0,0,0,0,0,0,0,0
1986.5,1,1,0,1,1,10,0,0,0,0,0,0,0,0,0,0,0,0,0,0,0
1986.5,1,1,0,1,1,15,0,0,0,0,0,0,0,0,0,0,0,0,0,0,0
1986.5,1,1,0,1,1,20,0,0,0,0,0,0,0,0,0,0,0,0,0,0,0
1986.5,1,1,0,1,1,25,0,0,0,0,0,0,0,0,0,0,0,0,0,0,0
1986.5,1,1,0,1,1,30,0,0,0,0,0,0,0,0,0,0,0,0,0,0,0
1986.5,1,1,0,1,1,35,0,0,0,0,0,0,0,0,0,0,0,0,0,0,0
1986.5,1,1,0,1,1,40,0,0,0,0,0,0,0,0,0,0,0,0,0,0,0
1986.5,1,1,0,1,1,45,0,0,0,0,0,0,0,0,0,0,0,0,0,0,0
1986.5,1,1,0,1,1,50,0,0,0,0,0,0,0,0,0,0,0,0,0,0,0
1986.5,1,1,0,1,1,55,0,0,0,0,0,0,0,0,0,0,0,0,0,0,0
1986.5,1,1,0,1,1,60,0,0,0,0,0,0,0,0,0,0,0,0,0,0,0
1986.5,1,1,0,1,1,100,0,0,0,0,0,0,0,0,0,0,0,0,0,0,0
1987,1,0,0,0,0,0,3925,0,0,0,35,0,0,0,0,0,0,0,0,0,0
1987,1,0,0,0,0,5,3092,0,0,0,3,0,0,0,0,0,0,0,0,0,0
1987,1,0,0,0,0,10,2877,0,0,0,3,0,0,0,0,0,0,0,0,0,3
1987,1,0,0,0,0,15,2523,0,0,0,5,0,0,0,0,0,0,0,0,0,9
1987,1,0,0,0,0,20,1994,0,0,0,4,0,0,0,0,0,0,0,0,0,13
1987,1,0,0,0,0,25,1023,0,0,0,2,0,0,0,0,0,0,0,0,0,0
1987,1,0,0,0,0,30,744,0,0,0,2,0,0,0,0,0,0,0,0,0,0
1987,1,0,0,0,0,35,642,0,0,0,4,0,0,0,0,0,0,0,0,0,0
1987,1,0,0,0,0,40,682,0,0,0,2,0,0,0,0,0,0,0,0,0,0
1987,1,0,0,0,0,45,687,0,0,0,4,0,0,0,0,0,0,0,0,0,0
1987,1,0,0,0,0,50,563,0,0,0,8,0,0,0,0,0,0,0,0,0,0
1987,1,0,0,0,0,55,405,0,0,0,6,0,0,0,0,0,0,0,0,0,0
1987,1,0,0,0,0,60,564,0,0,0,11,0,0,0,0,0,0,0,0,0,0
1987,1,0,0,0,0,100,1,0,0,0,0,0,0,0,0,0,0,0,0,0,0
1987,1,0,0,0,1,0,0,0,0,0,0,0,0,0,0,0,0,0,0,0,0
1987,1,0,0,0,1,5,0,0,0,0,0,0,0,0,0,0,0,0,0,0,0
1987,1,0,0,0,1,10,0,0,0,0,0,0,0,0,0,0,0,0,0,0,0
1987,1,0,0,0,1,15,0,0,0,0,0,0,0,0,0,0,0,0,0,0,0
1987,1,0,0,0,1,20,0,0,0,0,0,0,0,0,0,0,0,0,0,0,0
1987,1,0,0,0,1,25,0,0,0,0,0,0,0,0,0,0,0,0,0,0,0
1987,1,0,0,0,1,30,0,0,0,0,0,0,0,0,0,0,0,0,0,0,0
1987,1,0,0,0,1,35,0,0,0,0,0,0,0,0,0,0,0,0,0,0,0
1987,1,0,0,0,1,40,0,0,0,0,0,0,0,0,0,0,0,0,0,0,0
1987,1,0,0,0,1,45,0,0,0,0,0,0,0,0,0,0,0,0,0,0,0
1987,1,0,0,0,1,50,0,0,0,0,0,0,0,0,0,0,0,0,0,0,0
1987,1,0,0,0,1,55,0,0,0,0,0,0,0,0,0,0,0,0,0,0,0
1987,1,0,0,0,1,60,0,0,0,0,0,0,0,0,0,0,0,0,0,0,0
1987,1,0,0,0,1,100,0,0,0,0,0,0,0,0,0,0,0,0,0,0,0
1987,1,0,0,1,0,0,43,43,12,0,8,6,0,0,0,0,0,0,0,0,0
1987,1,0,0,1,0,5,0,0,0,0,0,0,0,0,0,0,0,0,0,0,0
1987,1,0,0,1,0,10,1,1,1,0,0,0,0,0,0,0,0,0,0,0,0
1987,1,0,0,1,0,15,29,29,8,0,1,1,0,0,0,0,0,3,0,0,1
1987,1,0,0,1,0,20,163,163,25,0,0,0,0,0,0,0,0,37,0,0,0
1987,1,0,0,1,0,25,189,189,29,0,6,6,0,0,0,0,0,38,0,0,0
1987,1,0,0,1,0,30,156,156,12,0,2,2,0,0,0,0,0,21,0,0,0
1987,1,0,0,1,0,35,117,117,11,0,0,0,0,0,0,0,0,16,0,0,0
1987,1,0,0,1,0,40,66,66,11,0,1,1,0,0,0,0,0,11,0,0,0
1987,1,0,0,1,0,45,30,30,7,0,0,0,0,0,0,0,0,3,0,0,0
1987,1,0,0,1,0,50,19,19,3,0,0,0,0,0,0,0,0,8,0,0,0
1987,1,0,0,1,0,55,9,9,1,0,0,0,0,0,0,0,0,1,0,0,0
1987,1,0,0,1,0,60,2,2,1,0,0,0,0,0,0,0,0,1,0,0,0
1987,1,0,0,1,0,100,0,0,0,0,0,0,0,0,0,0,0,0,0,0,0
1987,1,0,0,1,1,0,0,0,0,0,0,0,0,0,0,0,0,0,0,0,0
1987,1,0,0,1,1,5,0,0,0,0,0,0,0,0,0,0,0,0,0,0,0
1987,1,0,0,1,1,10,0,0,0,0,0,0,0,0,0,0,0,0,0,0,0
1987,1,0,0,1,1,15,0,0,0,0,0,0,0,0,0,0,0,0,0,0,0
1987,1,0,0,1,1,20,0,0,0,0,0,0,0,0,0,0,0,0,0,0,0
1987,1,0,0,1,1,25,0,0,0,0,0,0,0,0,0,0,0,0,0,0,0
1987,1,0,0,1,1,30,0,0,0,0,0,0,0,0,0,0,0,0,0,0,0
1987,1,0,0,1,1,35,0,0,0,0,0,0,0,0,0,0,0,0,0,0,0
1987,1,0,0,1,1,40,0,0,0,0,0,0,0,0,0,0,0,0,0,0,0
1987,1,0,0,1,1,45,0,0,0,0,0,0,0,0,0,0,0,0,0,0,0
1987,1,0,0,1,1,50,0,0,0,0,0,0,0,0,0,0,0,0,0,0,0
1987,1,0,0,1,1,55,0,0,0,0,0,0,0,0,0,0,0,0,0,0,0
1987,1,0,0,1,1,60,0,0,0,0,0,0,0,0,0,0,0,0,0,0,0
1987,1,0,0,1,1,100,0,0,0,0,0,0,0,0,0,0,0,0,0,0,0
1987,1,0,1,0,0,0,0,0,0,0,0,0,0,0,0,0,0,0,0,0,0
1987,1,0,1,0,0,5,1,0,0,0,0,0,0,0,0,0,0,0,0,0,0
1987,1,0,1,0,0,10,10,0,0,0,0,0,0,0,0,0,0,0,0,0,0
1987,1,0,1,0,0,15,68,0,0,0,0,0,0,0,0,0,0,0,0,0,0
1987,1,0,1,0,0,20,127,0,0,0,0,0,0,0,0,0,0,0,0,0,0
1987,1,0,1,0,0,25,106,0,0,0,0,0,0,0,0,0,0,0,0,0,0
1987,1,0,1,0,0,30,61,0,0,0,0,0,0,0,0,0,0,0,0,0,0
1987,1,0,1,0,0,35,62,0,0,0,0,0,0,0,0,0,0,0,0,0,0
1987,1,0,1,0,0,40,57,0,0,0,0,0,0,0,0,0,0,0,0,0,0
1987,1,0,1,0,0,45,69,0,0,0,0,0,0,0,0,0,0,0,0,0,0
1987,1,0,1,0,0,50,49,0,0,0,0,0,0,0,0,0,0,0,0,0,0
1987,1,0,1,0,0,55,46,0,0,0,1,0,0,0,0,0,0,0,0,0,0
1987,1,0,1,0,0,60,43,0,0,0,1,0,0,0,0,0,0,0,0,0,0
1987,1,0,1,0,0,100,0,0,0,0,0,0,0,0,0,0,0,0,0,0,0
1987,1,0,1,0,1,0,0,0,0,0,0,0,0,0,0,0,0,0,0,0,0
1987,1,0,1,0,1,5,0,0,0,0,0,0,0,0,0,0,0,0,0,0,0
1987,1,0,1,0,1,10,0,0,0,0,0,0,0,0,0,0,0,0,0,0,0
1987,1,0,1,0,1,15,0,0,0,0,0,0,0,0,0,0,0,0,0,0,0
1987,1,0,1,0,1,20,0,0,0,0,0,0,0,0,0,0,0,0,0,0,0
1987,1,0,1,0,1,25,0,0,0,0,0,0,0,0,0,0,0,0,0,0,0
1987,1,0,1,0,1,30,0,0,0,0,0,0,0,0,0,0,0,0,0,0,0
1987,1,0,1,0,1,35,0,0,0,0,0,0,0,0,0,0,0,0,0,0,0
1987,1,0,1,0,1,40,0,0,0,0,0,0,0,0,0,0,0,0,0,0,0
1987,1,0,1,0,1,45,0,0,0,0,0,0,0,0,0,0,0,0,0,0,0
1987,1,0,1,0,1,50,0,0,0,0,0,0,0,0,0,0,0,0,0,0,0
1987,1,0,1,0,1,55,0,0,0,0,0,0,0,0,0,0,0,0,0,0,0
1987,1,0,1,0,1,60,0,0,0,0,0,0,0,0,0,0,0,0,0,0,0
1987,1,0,1,0,1,100,0,0,0,0,0,0,0,0,0,0,0,0,0,0,0
1987,1,0,1,1,0,0,0,0,0,0,0,0,0,0,0,0,0,0,0,0,0
1987,1,0,1,1,0,5,0,0,0,0,0,0,0,0,0,0,0,0,0,0,0
1987,1,0,1,1,0,10,0,0,0,0,0,0,0,0,0,0,0,0,0,0,0
1987,1,0,1,1,0,15,1,1,0,0,0,0,0,0,0,0,0,0,0,0,0
1987,1,0,1,1,0,20,4,4,0,0,0,0,0,0,0,0,0,1,0,0,0
1987,1,0,1,1,0,25,6,6,1,0,1,1,0,0,0,0,0,2,0,0,0
1987,1,0,1,1,0,30,8,8,1,0,0,0,0,0,0,0,0,1,0,0,0
1987,1,0,1,1,0,35,12,12,0,0,1,1,0,0,0,0,0,2,0,0,0
1987,1,0,1,1,0,40,4,4,0,0,0,0,0,0,0,0,0,0,0,0,0
1987,1,0,1,1,0,45,5,5,0,0,0,0,0,0,0,0,0,1,0,0,0
1987,1,0,1,1,0,50,1,1,0,0,0,0,0,0,0,0,0,0,0,0,0
1987,1,0,1,1,0,55,1,1,0,0,0,0,0,0,0,0,0,0,0,0,0
1987,1,0,1,1,0,60,0,0,0,0,0,0,0,0,0,0,0,0,0,0,0
1987,1,0,1,1,0,100,0,0,0,0,0,0,0,0,0,0,0,0,0,0,0
1987,1,0,1,1,1,0,0,0,0,0,0,0,0,0,0,0,0,0,0,0,0
1987,1,0,1,1,1,5,0,0,0,0,0,0,0,0,0,0,0,0,0,0,0
1987,1,0,1,1,1,10,0,0,0,0,0,0,0,0,0,0,0,0,0,0,0
1987,1,0,1,1,1,15,0,0,0,0,0,0,0,0,0,0,0,0,0,0,0
1987,1,0,1,1,1,20,0,0,0,0,0,0,0,0,0,0,0,0,0,0,0
1987,1,0,1,1,1,25,0,0,0,0,0,0,0,0,0,0,0,0,0,0,0
1987,1,0,1,1,1,30,0,0,0,0,0,0,0,0,0,0,0,0,0,0,0
1987,1,0,1,1,1,35,0,0,0,0,0,0,0,0,0,0,0,0,0,0,0
1987,1,0,1,1,1,40,0,0,0,0,0,0,0,0,0,0,0,0,0,0,0
1987,1,0,1,1,1,45,0,0,0,0,0,0,0,0,0,0,0,0,0,0,0
1987,1,0,1,1,1,50,0,0,0,0,0,0,0,0,0,0,0,0,0,0,0
1987,1,0,1,1,1,55,0,0,0,0,0,0,0,0,0,0,0,0,0,0,0
1987,1,0,1,1,1,60,0,0,0,0,0,0,0,0,0,0,0,0,0,0,0
1987,1,0,1,1,1,100,0,0,0,0,0,0,0,0,0,0,0,0,0,0,0
1987,1,1,0,0,0,0,4055,0,0,0,31,0,0,0,0,0,0,0,0,0,0
1987,1,1,0,0,0,5,3330,0,0,0,6,0,0,0,0,0,0,0,0,0,0
1987,1,1,0,0,0,10,2923,0,0,0,3,0,0,0,0,0,0,0,0,0,0
1987,1,1,0,0,0,15,2589,0,0,0,4,0,0,0,0,0,0,0,0,0,0
1987,1,1,0,0,0,20,2075,0,0,0,0,0,0,0,0,0,0,0,0,0,0
1987,1,1,0,0,0,25,1038,0,0,0,1,0,0,0,0,0,0,0,0,0,0
1987,1,1,0,0,0,30,797,0,0,0,2,0,0,0,0,0,0,0,0,0,0
1987,1,1,0,0,0,35,797,0,0,0,2,0,0,0,0,0,0,0,0,0,0
1987,1,1,0,0,0,40,827,0,0,0,4,0,0,0,0,0,0,0,0,0,0
1987,1,1,0,0,0,45,870,0,0,0,2,0,0,0,0,0,0,0,0,0,0
1987,1,1,0,0,0,50,745,0,0,0,8,0,0,0,0,0,0,0,0,0,0
1987,1,1,0,0,0,55,562,0,0,0,5,0,0,0,0,0,0,0,0,0,0
1987,1,1,0,0,0,60,912,0,0,0,30,0,0,0,0,0,0,0,0,0,0
1987,1,1,0,0,0,100,1,0,0,0,0,0,0,0,0,0,0,0,0,0,0
1987,1,1,0,0,1,0,0,0,0,0,0,0,0,0,0,0,0,0,0,0,0
1987,1,1,0,0,1,5,0,0,0,0,0,0,0,0,0,0,0,0,0,0,0
1987,1,1,0,0,1,10,0,0,0,0,0,0,0,0,0,0,0,0,0,0,0
1987,1,1,0,0,1,15,0,0,0,0,0,0,0,0,0,0,0,0,0,0,0
1987,1,1,0,0,1,20,0,0,0,0,0,0,0,0,0,0,0,0,0,0,0
1987,1,1,0,0,1,25,0,0,0,0,0,0,0,0,0,0,0,0,0,0,0
1987,1,1,0,0,1,30,0,0,0,0,0,0,0,0,0,0,0,0,0,0,0
1987,1,1,0,0,1,35,0,0,0,0,0,0,0,0,0,0,0,0,0,0,0
1987,1,1,0,0,1,40,0,0,0,0,0,0,0,0,0,0,0,0,0,0,0
1987,1,1,0,0,1,45,0,0,0,0,0,0,0,0,0,0,0,0,0,0,0
1987,1,1,0,0,1,50,0,0,0,0,0,0,0,0,0,0,0,0,0,0,0
1987,1,1,0,0,1,55,0,0,0,0,0,0,0,0,0,0,0,0,0,0,0
1987,1,1,0,0,1,60,0,0,0,0,0,0,0,0,0,0,0,0,0,0,0
1987,1,1,0,0,1,100,0,0,0,0,0,0,0,0,0,0,0,0,0,0,0
1987,1,1,0,1,0,0,51,51,18,0,11,10,0,0,0,0,0,0,0,0,0
1987,1,1,0,1,0,5,0,0,0,0,0,0,0,0,0,0,0,0,0,0,0
1987,1,1,0,1,0,10,5,5,5,0,1,1,0,0,0,0,0,2,0,0,0
1987,1,1,0,1,0,15,114,114,29,0,1,1,0,0,0,0,0,21,0,0,0
1987,1,1,0,1,0,20,342,342,48,0,3,2,0,0,0,0,0,36,0,0,0
1987,1,1,0,1,0,25,273,273,24,0,5,5,0,0,0,0,0,23,0,0,0
1987,1,1,0,1,0,30,161,161,10,0,6,5,0,0,0,0,0,15,0,0,0
1987,1,1,0,1,0,35,124,124,12,0,2,1,0,0,0,0,0,3,0,0,0
1987,1,1,0,1,0,40,63,63,6,0,0,0,0,0,0,0,0,6,0,0,0
1987,1,1,0,1,0,45,33,33,5,0,0,0,0,0,0,0,0,3,0,0,0
1987,1,1,0,1,0,50,17,17,2,0,0,0,0,0,0,0,0,1,0,0,0
1987,1,1,0,1,0,55,10,10,3,0,1,0,0,0,0,0,0,0,0,0,0
1987,1,1,0,1,0,60,4,4,2,0,0,0,0,0,0,0,0,1,0,0,0
1987,1,1,0,1,0,100,0,0,0,0,0,0,0,0,0,0,0,0,0,0,0
1987,1,1,0,1,1,0,0,0,0,0,0,0,0,0,0,0,0,0,0,0,0
1987,1,1,0,1,1,5,0,0,0,0,0,0,0,0,0,0,0,0,0,0,0
1987,1,1,0,1,1,10,0,0,0,0,0,0,0,0,0,0,0,0,0,0,0
1987,1,1,0,1,1,15,0,0,0,0,0,0,0,0,0,0,0,0,0,0,0
1987,1,1,0,1,1,20,0,0,0,0,0,0,0,0,0,0,0,0,0,0,0
1987,1,1,0,1,1,25,0,0,0,0,0,0,0,0,0,0,0,0,0,0,0
1987,1,1,0,1,1,30,0,0,0,0,0,0,0,0,0,0,0,0,0,0,0
1987,1,1,0,1,1,35,0,0,0,0,0,0,0,0,0,0,0,0,0,0,0
1987,1,1,0,1,1,40,0,0,0,0,0,0,0,0,0,0,0,0,0,0,0
1987,1,1,0,1,1,45,0,0,0,0,0,0,0,0,0,0,0,0,0,0,0
1987,1,1,0,1,1,50,0,0,0,0,0,0,0,0,0,0,0,0,0,0,0
1987,1,1,0,1,1,55,0,0,0,0,0,0,0,0,0,0,0,0,0,0,0
1987,1,1,0,1,1,60,0,0,0,0,0,0,0,0,0,0,0,0,0,0,0
1987,1,1,0,1,1,100,0,0,0,0,0,0,0,0,0,0,0,0,0,0,0
1987.5,1,0,0,0,0,0,3972,0,0,0,38,0,0,0,0,0,0,0,0,0,0
1987.5,1,0,0,0,0,5,3170,0,0,0,7,0,0,0,0,0,0,0,0,0,0
1987.5,1,0,0,0,0,10,2877,0,0,0,2,0,0,0,0,0,0,0,0,0,1
1987.5,1,0,0,0,0,15,2521,0,0,0,1,0,0,0,0,0,0,0,0,0,9
1987.5,1,0,0,0,0,20,2037,0,0,0,4,0,0,0,0,0,0,0,0,0,3
1987.5,1,0,0,0,0,25,1096,0,0,0,2,0,0,0,0,0,0,0,0,0,0
1987.5,1,0,0,0,0,30,740,0,0,0,1,0,0,0,0,0,0,0,0,0,0
1987.5,1,0,0,0,0,35,653,0,0,0,2,0,0,0,0,0,0,0,0,0,0
1987.5,1,0,0,0,0,40,654,0,0,0,4,0,0,0,0,0,0,0,0,0,0
1987.5,1,0,0,0,0,45,687,0,0,0,5,0,0,0,0,0,0,0,0,0,0
1987.5,1,0,0,0,0,50,564,0,0,0,3,0,0,0,0,0,0,0,0,0,0
1987.5,1,0,0,0,0,55,425,0,0,0,3,0,0,0,0,0,0,0,0,0,0
1987.5,1,0,0,0,0,60,579,0,0,0,13,0,0,0,0,0,0,0,0,0,0
1987.5,1,0,0,0,0,100,1,0,0,0,0,0,0,0,0,0,0,0,0,0,0
1987.5,1,0,0,0,1,0,0,0,0,0,0,0,0,0,0,0,0,0,0,0,0
1987.5,1,0,0,0,1,5,0,0,0,0,0,0,0,0,0,0,0,0,0,0,0
1987.5,1,0,0,0,1,10,0,0,0,0,0,0,0,0,0,0,0,0,0,0,0
1987.5,1,0,0,0,1,15,0,0,0,0,0,0,0,0,0,0,0,0,0,0,0
1987.5,1,0,0,0,1,20,0,0,0,0,0,0,0,0,0,0,0,0,0,0,0
1987.5,1,0,0,0,1,25,0,0,0,0,0,0,0,0,0,0,0,0,0,0,0
1987.5,1,0,0,0,1,30,0,0,0,0,0,0,0,0,0,0,0,0,0,0,0
1987.5,1,0,0,0,1,35,0,0,0,0,0,0,0,0,0,0,0,0,0,0,0
1987.5,1,0,0,0,1,40,0,0,0,0,0,0,0,0,0,0,0,0,0,0,0
1987.5,1,0,0,0,1,45,0,0,0,0,0,0,0,0,0,0,0,0,0,0,0
1987.5,1,0,0,0,1,50,0,0,0,0,0,0,0,0,0,0,0,0,0,0,0
1987.5,1,0,0,0,1,55,0,0,0,0,0,0,0,0,0,0,0,0,0,0,0
1987.5,1,0,0,0,1,60,0,0,0,0,0,0,0,0,0,0,0,0,0,0,0
1987.5,1,0,0,0,1,100,0,0,0,0,0,0,0,0,0,0,0,0,0,0,0
1987.5,1,0,0,1,0,0,62,62,27,0,7,7,0,0,0,0,0,0,0,0,0
1987.5,1,0,0,1,0,5,0,0,0,0,0,0,0,0,0,0,0,0,0,0,0
1987.5,1,0,0,1,0,10,0,0,0,0,1,1,0,0,0,0,0,0,0,0,0
1987.5,1,0,0,1,0,15,31,31,14,0,0,0,0,0,0,0,0,4,0,0,0
1987.5,1,0,0,1,0,20,168,168,24,0,0,0,0,0,0,0,0,42,0,0,1
1987.5,1,0,0,1,0,25,218,218,22,0,4,2,0,0,0,0,0,33,0,0,1
1987.5,1,0,0,1,0,30,166,166,9,0,7,4,0,0,0,0,0,11,0,0,0
1987.5,1,0,0,1,0,35,119,119,5,0,2,2,0,0,0,0,0,12,0,0,0
1987.5,1,0,0,1,0,40,79,79,5,0,3,2,0,0,0,0,0,25,0,0,0
1987.5,1,0,0,1,0,45,33,33,2,0,0,0,0,0,0,0,0,2,0,0,0
1987.5,1,0,0,1,0,50,20,20,2,0,2,1,0,0,0,0,0,1,0,0,0
1987.5,1,0,0,1,0,55,12,12,0,0,0,0,0,0,0,0,0,2,0,0,0
1987.5,1,0,0,1,0,60,3,3,1,0,1,0,0,0,0,0,0,0,0,0,0
1987.5,1,0,0,1,0,100,0,0,0,0,0,0,0,0,0,0,0,0,0,0,0
1987.5,1,0,0,1,1,0,0,0,0,0,0,0,0,0,0,0,0,0,0,0,0
1987.5,1,0,0,1,1,5,0,0,0,0,0,0,0,0,0,0,0,0,0,0,0
1987.5,1,0,0,1,1,10,0,0,0,0,0,0,0,0,0,0,0,0,0,0,0
1987.5,1,0,0,1,1,15,0,0,0,0,0,0,0,0,0,0,0,0,0,0,0
1987.5,1,0,0,1,1,20,0,0,0,0,0,0,0,0,0,0,0,0,0,0,0
1987.5,1,0,0,1,1,25,0,0,0,0,0,0,0,0,0,0,0,0,0,0,0
1987.5,1,0,0,1,1,30,0,0,0,0,0,0,0,0,0,0,0,0,0,0,0
1987.5,1,0,0,1,1,35,0,0,0,0,0,0,0,0,0,0,0,0,0,0,0
1987.5,1,0,0,1,1,40,0,0,0,0,0,0,0,0,0,0,0,0,0,0,0
1987.5,1,0,0,1,1,45,0,0,0,0,0,0,0,0,0,0,0,0,0,0,0
1987.5,1,0,0,1,1,50,0,0,0,0,0,0,0,0,0,0,0,0,0,0,0
1987.5,1,0,0,1,1,55,0,0,0,0,0,0,0,0,0,0,0,0,0,0,0
1987.5,1,0,0,1,1,60,0,0,0,0,0,0,0,0,0,0,0,0,0,0,0
1987.5,1,0,0,1,1,100,0,0,0,0,0,0,0,0,0,0,0,0,0,0,0
1987.5,1,0,1,0,0,0,0,0,0,0,0,0,0,0,0,0,0,0,0,0,0
1987.5,1,0,1,0,0,5,0,0,0,0,0,0,0,0,0,0,0,0,0,0,0
1987.5,1,0,1,0,0,10,9,0,0,0,0,0,0,0,0,0,0,0,0,0,0
1987.5,1,0,1,0,0,15,67,0,0,0,0,0,0,0,0,0,0,0,0,0,0
1987.5,1,0,1,0,0,20,126,0,0,0,0,0,0,0,0,0,0,0,0,0,0
1987.5,1,0,1,0,0,25,107,0,0,0,0,0,0,0,0,0,0,0,0,0,0
1987.5,1,0,1,0,0,30,66,0,0,0,0,0,0,0,0,0,0,0,0,0,0
1987.5,1,0,1,0,0,35,60,0,0,0,0,0,0,0,0,0,0,0,0,0,0
1987.5,1,0,1,0,0,40,56,0,0,0,0,0,0,0,0,0,0,0,0,0,0
1987.5,1,0,1,0,0,45,67,0,0,0,1,0,0,0,0,0,0,0,0,0,0
1987.5,1,0,1,0,0,50,52,0,0,0,0,0,0,0,0,0,0,0,0,0,0
1987.5,1,0,1,0,0,55,48,0,0,0,1,0,0,0,0,0,0,0,0,0,0
1987.5,1,0,1,0,0,60,43,0,0,0,4,0,0,0,0,0,0,0,0,0,0
1987.5,1,0,1,0,0,100,0,0,0,0,0,0,0,0,0,0,0,0,0,0,0
1987.5,1,0,1,0,1,0,0,0,0,0,0,0,0,0,0,0,0,0,0,0,0
1987.5,1,0,1,0,1,5,0,0,0,0,0,0,0,0,0,0,0,0,0,0,0
1987.5,1,0,1,0,1,10,0,0,0,0,0,0,0,0,0,0,0,0,0,0,0
1987.5,1,0,1,0,1,15,0,0,0,0,0,0,0,0,0,0,0,0,0,0,0
1987.5,1,0,1,0,1,20,0,0,0,0,0,0,0,0,0,0,0,0,0,0,0
1987.5,1,0,1,0,1,25,0,0,0,0,0,0,0,0,0,0,0,0,0,0,0
1987.5,1,0,1,0,1,30,0,0,0,0,0,0,0,0,0,0,0,0,0,0,0
1987.5,1,0,1,0,1,35,0,0,0,0,0,0,0,0,0,0,0,0,0,0,0
1987.5,1,0,1,0,1,40,0,0,0,0,0,0,0,0,0,0,0,0,0,0,0
1987.5,1,0,1,0,1,45,0,0,0,0,0,0,0,0,0,0,0,0,0,0,0
1987.5,1,0,1,0,1,50,0,0,0,0,0,0,0,0,0,0,0,0,0,0,0
1987.5,1,0,1,0,1,55,0,0,0,0,0,0,0,0,0,0,0,0,0,0,0
1987.5,1,0,1,0,1,60,0,0,0,0,0,0,0,0,0,0,0,0,0,0,0
1987.5,1,0,1,0,1,100,0,0,0,0,0,0,0,0,0,0,0,0,0,0,0
1987.5,1,0,1,1,0,0,0,0,0,0,0,0,0,0,0,0,0,0,0,0,0
1987.5,1,0,1,1,0,5,0,0,0,0,0,0,0,0,0,0,0,0,0,0,0
1987.5,1,0,1,1,0,10,0,0,0,0,0,0,0,0,0,0,0,0,0,0,0
1987.5,1,0,1,1,0,15,1,1,0,0,0,0,0,0,0,0,0,0,0,0,0
1987.5,1,0,1,1,0,20,6,6,2,0,0,0,0,0,0,0,0,0,0,0,0
1987.5,1,0,1,1,0,25,9,9,2,0,0,0,0,0,0,0,0,3,0,0,0
1987.5,1,0,1,1,0,30,8,8,0,0,0,0,0,0,0,0,0,0,0,0,0
1987.5,1,0,1,1,0,35,12,12,1,0,0,0,0,0,0,0,0,0,0,0,0
1987.5,1,0,1,1,0,40,6,6,0,0,0,0,0,0,0,0,0,1,0,0,0
1987.5,1,0,1,1,0,45,6,6,1,0,0,0,0,0,0,0,0,0,0,0,0
1987.5,1,0,1,1,0,50,1,1,0,0,0,0,0,0,0,0,0,0,0,0,0
1987.5,1,0,1,1,0,55,1,1,0,0,0,0,0,0,0,0,0,0,0,0,0
1987.5,1,0,1,1,0,60,0,0,0,0,0,0,0,0,0,0,0,0,0,0,0
1987.5,1,0,1,1,0,100,0,0,0,0,0,0,0,0,0,0,0,0,0,0,0
1987.5,1,0,1,1,1,0,0,0,0,0,0,0,0,0,0,0,0,0,0,0,0
1987.5,1,0,1,1,1,5,0,0,0,0,0,0,0,0,0,0,0,0,0,0,0
1987.5,1,0,1,1,1,10,0,0,0,0,0,0,0,0,0,0,0,0,0,0,0
1987.5,1,0,1,1,1,15,0,0,0,0,0,0,0,0,0,0,0,0,0,0,0
1987.5,1,0,1,1,1,20,0,0,0,0,0,0,0,0,0,0,0,0,0,0,0
1987.5,1,0,1,1,1,25,0,0,0,0,0,0,0,0,0,0,0,0,0,0,0
1987.5,1,0,1,1,1,30,0,0,0,0,0,0,0,0,0,0,0,0,0,0,0
1987.5,1,0,1,1,1,35,0,0,0,0,0,0,0,0,0,0,0,0,0,0,0
1987.5,1,0,1,1,1,40,0,0,0,0,0,0,0,0,0,0,0,0,0,0,0
1987.5,1,0,1,1,1,45,0,0,0,0,0,0,0,0,0,0,0,0,0,0,0
1987.5,1,0,1,1,1,50,0,0,0,0,0,0,0,0,0,0,0,0,0,0,0
1987.5,1,0,1,1,1,55,0,0,0,0,0,0,0,0,0,0,0,0,0,0,0
1987.5,1,0,1,1,1,60,0,0,0,0,0,0,0,0,0,0,0,0,0,0,0
1987.5,1,0,1,1,1,100,0,0,0,0,0,0,0,0,0,0,0,0,0,0,0
1987.5,1,1,0,0,0,0,4122,0,0,0,25,0,0,0,0,0,0,0,0,0,0
1987.5,1,1,0,0,0,5,3408,0,0,0,1,0,0,0,0,0,0,0,0,0,0
1987.5,1,1,0,0,0,10,2938,0,0,0,2,0,0,0,0,0,0,0,0,0,0
1987.5,1,1,0,0,0,15,2577,0,0,0,2,0,0,0,0,0,0,0,0,0,0
1987.5,1,1,0,0,0,20,2103,0,0,0,6,0,0,0,0,0,0,0,0,0,0
1987.5,1,1,0,0,0,25,1106,0,0,0,3,0,0,0,0,0,0,0,0,0,0
1987.5,1,1,0,0,0,30,793,0,0,0,2,0,0,0,0,0,0,0,0,0,0
1987.5,1,1,0,0,0,35,785,0,0,0,1,0,0,0,0,0,0,0,0,0,0
1987.5,1,1,0,0,0,40,821,0,0,0,3,0,0,0,0,0,0,0,0,0,0
1987.5,1,1,0,0,0,45,834,0,0,0,4,0,0,0,0,0,0,0,0,0,0
1987.5,1,1,0,0,0,50,776,0,0,0,3,0,0,0,0,0,0,0,0,0,0
1987.5,1,1,0,0,0,55,547,0,0,0,6,0,0,0,0,0,0,0,0,0,0
1987.5,1,1,0,0,0,60,944,0,0,0,30,0,0,0,0,0,0,0,0,0,0
1987.5,1,1,0,0,0,100,1,0,0,0,0,0,0,0,0,0,0,0,0,0,0
1987.5,1,1,0,0,1,0,0,0,0,0,0,0,0,0,0,0,0,0,0,0,0
1987.5,1,1,0,0,1,5,0,0,0,0,0,0,0,0,0,0,0,0,0,0,0
1987.5,1,1,0,0,1,10,0,0,0,0,0,0,0,0,0,0,0,0,0,0,0
1987.5,1,1,0,0,1,15,0,0,0,0,0,0,0,0,0,0,0,0,0,0,0
1987.5,1,1,0,0,1,20,0,0,0,0,0,0,0,0,0,0,0,0,0,0,0
1987.5,1,1,0,0,1,25,0,0,0,0,0,0,0,0,0,0,0,0,0,0,0
1987.5,1,1,0,0,1,30,0,0,0,0,0,0,0,0,0,0,0,0,0,0,0
1987.5,1,1,0,0,1,35,0,0,0,0,0,0,0,0,0,0,0,0,0,0,0
1987.5,1,1,0,0,1,40,0,0,0,0,0,0,0,0,0,0,0,0,0,0,0
1987.5,1,1,0,0,1,45,0,0,0,0,0,0,0,0,0,0,0,0,0,0,0
1987.5,1,1,0,0,1,50,0,0,0,0,0,0,0,0,0,0,0,0,0,0,0
1987.5,1,1,0,0,1,55,0,0,0,0,0,0,0,0,0,0,0,0,0,0,0
1987.5,1,1,0,0,1,60,0,0,0,0,0,0,0,0,0,0,0,0,0,0,0
1987.5,1,1,0,0,1,100,0,0,0,0,0,0,0,0,0,0,0,0,0,0,0
1987.5,1,1,0,1,0,0,60,60,16,0,11,8,0,0,0,0,0,0,0,0,0
1987.5,1,1,0,1,0,5,0,0,0,0,0,0,0,0,0,0,0,0,0,0,0
1987.5,1,1,0,1,0,10,4,4,7,0,3,3,0,0,0,0,0,2,0,0,0
1987.5,1,1,0,1,0,15,125,125,25,0,1,1,0,0,0,0,0,22,0,0,0
1987.5,1,1,0,1,0,20,351,351,38,0,4,3,0,0,0,0,0,27,0,0,0
1987.5,1,1,0,1,0,25,310,310,22,0,10,10,0,0,0,0,0,24,0,0,0
1987.5,1,1,0,1,0,30,169,169,10,0,2,2,0,0,0,0,0,6,0,0,0
1987.5,1,1,0,1,0,35,141,141,18,0,2,2,0,0,0,0,0,1,0,0,0
1987.5,1,1,0,1,0,40,79,79,6,0,0,0,0,0,0,0,0,3,0,0,0
1987.5,1,1,0,1,0,45,34,34,4,0,4,2,0,0,0,0,0,4,0,0,0
1987.5,1,1,0,1,0,50,20,20,4,0,1,1,0,0,0,0,0,1,0,0,0
1987.5,1,1,0,1,0,55,14,14,2,0,0,0,0,0,0,0,0,0,0,0,0
1987.5,1,1,0,1,0,60,4,4,0,0,0,0,0,0,0,0,0,0,0,0,0
1987.5,1,1,0,1,0,100,0,0,0,0,0,0,0,0,0,0,0,0,0,0,0
1987.5,1,1,0,1,1,0,0,0,0,0,0,0,0,0,0,0,0,0,0,0,0
1987.5,1,1,0,1,1,5,0,0,0,0,0,0,0,0,0,0,0,0,0,0,0
1987.5,1,1,0,1,1,10,0,0,0,0,0,0,0,0,0,0,0,0,0,0,0
1987.5,1,1,0,1,1,15,0,0,0,0,0,0,0,0,0,0,0,0,0,0,0
1987.5,1,1,0,1,1,20,0,0,0,0,0,0,0,0,0,0,0,0,0,0,0
1987.5,1,1,0,1,1,25,0,0,0,0,0,0,0,0,0,0,0,0,0,0,0
1987.5,1,1,0,1,1,30,0,0,0,0,0,0,0,0,0,0,0,0,0,0,0
1987.5,1,1,0,1,1,35,0,0,0,0,0,0,0,0,0,0,0,0,0,0,0
1987.5,1,1,0,1,1,40,0,0,0,0,0,0,0,0,0,0,0,0,0,0,0
1987.5,1,1,0,1,1,45,0,0,0,0,0,0,0,0,0,0,0,0,0,0,0
1987.5,1,1,0,1,1,50,0,0,0,0,0,0,0,0,0,0,0,0,0,0,0
1987.5,1,1,0,1,1,55,0,0,0,0,0,0,0,0,0,0,0,0,0,0,0
1987.5,1,1,0,1,1,60,0,0,0,0,0,0,0,0,0,0,0,0,0,0,0
1987.5,1,1,0,1,1,100,0,0,0,0,0,0,0,0,0,0,0,0,0,0,0
1988,1,0,0,0,0,0,4018,0,0,0,40,0,0,0,0,0,0,0,0,0,0
1988,1,0,0,0,0,5,3228,0,0,0,2,0,0,0,0,0,0,0,0,0,0
1988,1,0,0,0,0,10,2882,0,0,0,2,0,0,0,0,0,0,0,0,0,2
1988,1,0,0,0,0,15,2547,0,0,0,1,0,0,0,0,0,0,0,0,0,5
1988,1,0,0,0,0,20,2082,0,0,0,8,0,0,0,0,0,0,0,0,0,8
1988,1,0,0,0,0,25,1185,0,0,0,1,0,0,0,0,0,0,0,0,0,1
1988,1,0,0,0,0,30,729,0,0,0,1,0,0,0,0,0,0,0,0,0,0
1988,1,0,0,0,0,35,649,0,0,0,1,0,0,0,0,0,0,0,0,0,0
1988,1,0,0,0,0,40,634,0,0,0,0,0,0,0,0,0,0,0,0,0,0
1988,1,0,0,0,0,45,691,0,0,0,1,0,0,0,0,0,0,0,0,0,0
1988,1,0,0,0,0,50,568,0,0,0,5,0,0,0,0,0,0,0,0,0,0
1988,1,0,0,0,0,55,427,0,0,0,8,0,0,0,0,0,0,0,0,0,0
1988,1,0,0,0,0,60,590,0,0,0,24,0,0,0,0,0,0,0,0,0,0
1988,1,0,0,0,0,100,1,0,0,0,0,0,0,0,0,0,0,0,0,0,0
1988,1,0,0,0,1,0,0,0,0,0,0,0,0,0,0,0,0,0,0,0,0
1988,1,0,0,0,1,5,0,0,0,0,0,0,0,0,0,0,0,0,0,0,0
1988,1,0,0,0,1,10,0,0,0,0,0,0,0,0,0,0,0,0,0,0,0
1988,1,0,0,0,1,15,0,0,0,0,0,0,0,0,0,0,0,0,0,0,0
1988,1,0,0,0,1,20,0,0,0,0,0,0,0,0,0,0,0,0,0,0,0
1988,1,0,0,0,1,25,0,0,0,0,0,0,0,0,0,0,0,0,0,0,0
1988,1,0,0,0,1,30,0,0,0,0,0,0,0,0,0,0,0,0,0,0,0
1988,1,0,0,0,1,35,0,0,0,0,0,0,0,0,0,0,0,0,0,0,0
1988,1,0,0,0,1,40,0,0,0,0,0,0,0,0,0,0,0,0,0,0,0
1988,1,0,0,0,1,45,0,0,0,0,0,0,0,0,0,0,0,0,0,0,0
1988,1,0,0,0,1,50,0,0,0,0,0,0,0,0,0,0,0,0,0,0,0
1988,1,0,0,0,1,55,0,0,0,0,0,0,0,0,0,0,0,0,0,0,0
1988,1,0,0,0,1,60,0,0,0,0,0,0,0,0,0,0,0,0,0,0,0
1988,1,0,0,0,1,100,0,0,0,0,0,0,0,0,0,0,0,0,0,0,0
1988,1,0,0,1,0,0,76,76,30,0,13,13,0,0,0,0,0,0,0,0,0
1988,1,0,0,1,0,5,2,2,0,0,0,0,0,0,0,0,0,0,0,0,0
1988,1,0,0,1,0,10,0,0,0,0,0,0,0,0,0,0,0,0,0,0,0
1988,1,0,0,1,0,15,38,38,14,0,0,0,0,0,0,0,0,8,0,0,0
1988,1,0,0,1,0,20,175,175,23,0,3,3,0,0,0,0,0,35,0,0,1
1988,1,0,0,1,0,25,226,226,10,0,3,3,0,0,0,0,0,33,0,0,1
1988,1,0,0,1,0,30,177,177,15,0,5,5,0,0,0,0,0,28,0,0,0
1988,1,0,0,1,0,35,135,135,13,0,4,4,0,0,0,0,0,21,0,0,0
1988,1,0,0,1,0,40,83,83,7,0,3,3,0,0,0,0,0,13,0,0,0
1988,1,0,0,1,0,45,45,45,5,0,2,1,0,0,0,0,0,10,0,0,0
1988,1,0,0,1,0,50,22,22,4,0,0,0,0,0,0,0,0,4,0,0,0
1988,1,0,0,1,0,55,14,14,2,0,0,0,0,0,0,0,0,2,0,0,0
1988,1,0,0,1,0,60,6,6,3,0,0,0,0,0,0,0,0,0,0,0,0
1988,1,0,0,1,0,100,0,0,0,0,0,0,0,0,0,0,0,0,0,0,0
1988,1,0,0,1,1,0,0,0,0,0,0,0,0,0,0,0,0,0,0,0,0
1988,1,0,0,1,1,5,0,0,0,0,0,0,0,0,0,0,0,0,0,0,0
1988,1,0,0,1,1,10,0,0,0,0,0,0,0,0,0,0,0,0,0,0,0
1988,1,0,0,1,1,15,0,0,0,0,0,0,0,0,0,0,0,0,0,0,0
1988,1,0,0,1,1,20,0,0,0,0,0,0,0,0,0,0,0,0,0,0,0
1988,1,0,0,1,1,25,0,0,0,0,0,0,0,0,0,0,0,0,0,0,0
1988,1,0,0,1,1,30,0,0,0,0,0,0,0,0,0,0,0,0,0,0,0
1988,1,0,0,1,1,35,0,0,0,0,0,0,0,0,0,0,0,0,0,0,0
1988,1,0,0,1,1,40,0,0,0,0,0,0,0,0,0,0,0,0,0,0,0
1988,1,0,0,1,1,45,0,0,0,0,0,0,0,0,0,0,0,0,0,0,0
1988,1,0,0,1,1,50,0,0,0,0,0,0,0,0,0,0,0,0,0,0,0
1988,1,0,0,1,1,55,0,0,0,0,0,0,0,0,0,0,0,0,0,0,0
1988,1,0,0,1,1,60,0,0,0,0,0,0,0,0,0,0,0,0,0,0,0
1988,1,0,0,1,1,100,0,0,0,0,0,0,0,0,0,0,0,0,0,0,0
1988,1,0,1,0,0,0,0,0,0,0,0,0,0,0,0,0,0,0,0,0,0
1988,1,0,1,0,0,5,0,0,0,0,0,0,0,0,0,0,0,0,0,0,0
1988,1,0,1,0,0,10,6,0,0,0,0,0,0,0,0,0,0,0,0,0,0
1988,1,0,1,0,0,15,65,0,0,0,0,0,0,0,0,0,0,0,0,0,0
1988,1,0,1,0,0,20,131,0,0,0,0,0,0,0,0,0,0,0,0,0,0
1988,1,0,1,0,0,25,111,0,0,0,0,0,0,0,0,0,0,0,0,0,0
1988,1,0,1,0,0,30,70,0,0,0,0,0,0,0,0,0,0,0,0,0,0
1988,1,0,1,0,0,35,60,0,0,0,1,0,0,0,0,0,0,0,0,0,0
1988,1,0,1,0,0,40,57,0,0,0,0,0,0,0,0,0,0,0,0,0,0
1988,1,0,1,0,0,45,65,0,0,0,1,0,0,0,0,0,0,0,0,0,0
1988,1,0,1,0,0,50,57,0,0,0,0,0,0,0,0,0,0,0,0,0,0
1988,1,0,1,0,0,55,47,0,0,0,2,0,0,0,0,0,0,0,0,0,0
1988,1,0,1,0,0,60,42,0,0,0,1,0,0,0,0,0,0,0,0,0,0
1988,1,0,1,0,0,100,0,0,0,0,0,0,0,0,0,0,0,0,0,0,0
1988,1,0,1,0,1,0,0,0,0,0,0,0,0,0,0,0,0,0,0,0,0
1988,1,0,1,0,1,5,0,0,0,0,0,0,0,0,0,0,0,0,0,0,0
1988,1,0,1,0,1,10,0,0,0,0,0,0,0,0,0,0,0,0,0,0,0
1988,1,0,1,0,1,15,0,0,0,0,0,0,0,0,0,0,0,0,0,0,0
1988,1,0,1,0,1,20,0,0,0,0,0,0,0,0,0,0,0,0,0,0,0
1988,1,0,1,0,1,25,0,0,0,0,0,0,0,0,0,0,0,0,0,0,0
1988,1,0,1,0,1,30,0,0,0,0,0,0,0,0,0,0,0,0,0,0,0
1988,1,0,1,0,1,35,0,0,0,0,0,0,0,0,0,0,0,0,0,0,0
1988,1,0,1,0,1,40,0,0,0,0,0,0,0,0,0,0,0,0,0,0,0
1988,1,0,1,0,1,45,0,0,0,0,0,0,0,0,0,0,0,0,0,0,0
1988,1,0,1,0,1,50,0,0,0,0,0,0,0,0,0,0,0,0,0,0,0
1988,1,0,1,0,1,55,0,0,0,0,0,0,0,0,0,0,0,0,0,0,0
1988,1,0,1,0,1,60,0,0,0,0,0,0,0,0,0,0,0,0,0,0,0
1988,1,0,1,0,1,100,0,0,0,0,0,0,0,0,0,0,0,0,0,0,0
1988,1,0,1,1,0,0,0,0,0,0,0,0,0,0,0,0,0,0,0,0,0
1988,1,0,1,1,0,5,0,0,0,0,0,0,0,0,0,0,0,0,0,0,0
1988,1,0,1,1,0,10,0,0,0,0,0,0,0,0,0,0,0,0,0,0,0
1988,1,0,1,1,0,15,1,1,0,0,0,0,0,0,0,0,0,0,0,0,0
1988,1,0,1,1,0,20,6,6,0,0,0,0,0,0,0,0,0,1,0,0,0
1988,1,0,1,1,0,25,12,12,1,0,0,0,0,0,0,0,0,0,0,0,0
1988,1,0,1,1,0,30,8,8,0,0,1,1,0,0,0,0,0,4,0,0,0
1988,1,0,1,1,0,35,11,11,0,0,0,0,0,0,0,0,0,2,0,0,0
1988,1,0,1,1,0,40,7,7,0,0,0,0,0,0,0,0,0,1,0,0,0
1988,1,0,1,1,0,45,6,6,0,0,0,0,0,0,0,0,0,1,0,0,0
1988,1,0,1,1,0,50,0,0,0,0,1,1,0,0,0,0,0,0,0,0,0
1988,1,0,1,1,0,55,1,1,0,0,0,0,0,0,0,0,0,0,0,0,0
1988,1,0,1,1,0,60,0,0,0,0,0,0,0,0,0,0,0,0,0,0,0
1988,1,0,1,1,0,100,0,0,0,0,0,0,0,0,0,0,0,0,0,0,0
1988,1,0,1,1,1,0,0,0,0,0,0,0,0,0,0,0,0,0,0,0,0
1988,1,0,1,1,1,5,0,0,0,0,0,0,0,0,0,0,0,0,0,0,0
1988,1,0,1,1,1,10,0,0,0,0,0,0,0,0,0,0,0,0,0,0,0
1988,1,0,1,1,1,15,0,0,0,0,0,0,0,0,0,0,0,0,0,0,0
1988,1,0,1,1,1,20,0,0,0,0,0,0,0,0,0,0,0,0,0,0,0
1988,1,0,1,1,1,25,0,0,0,0,0,0,0,0,0,0,0,0,0,0,0
1988,1,0,1,1,1,30,0,0,0,0,0,0,0,0,0,0,0,0,0,0,0
1988,1,0,1,1,1,35,0,0,0,0,0,0,0,0,0,0,0,0,0,0,0
1988,1,0,1,1,1,40,0,0,0,0,0,0,0,0,0,0,0,0,0,0,0
1988,1,0,1,1,1,45,0,0,0,0,0,0,0,0,0,0,0,0,0,0,0
1988,1,0,1,1,1,50,0,0,0,0,0,0,0,0,0,0,0,0,0,0,0
1988,1,0,1,1,1,55,0,0,0,0,0,0,0,0,0,0,0,0,0,0,0
1988,1,0,1,1,1,60,0,0,0,0,0,0,0,0,0,0,0,0,0,0,0
1988,1,0,1,1,1,100,0,0,0,0,0,0,0,0,0,0,0,0,0,0,0
1988,1,1,0,0,0,0,4173,0,0,0,24,0,0,0,0,0,0,0,0,0,0
1988,1,1,0,0,0,5,3448,0,0,0,4,0,0,0,0,0,0,0,0,0,0
1988,1,1,0,0,0,10,2957,0,0,0,1,0,0,0,0,0,0,0,0,0,0
1988,1,1,0,0,0,15,2595,0,0,0,4,0,0,0,0,0,0,0,0,0,0
1988,1,1,0,0,0,20,2122,0,0,0,3,0,0,0,0,0,0,0,0,0,0
1988,1,1,0,0,0,25,1171,0,0,0,0,0,0,0,0,0,0,0,0,0,0
1988,1,1,0,0,0,30,772,0,0,0,1,0,0,0,0,0,0,0,0,0,0
1988,1,1,0,0,0,35,767,0,0,0,2,0,0,0,0,0,0,0,0,0,0
1988,1,1,0,0,0,40,800,0,0,0,1,0,0,0,0,0,0,0,0,0,0
1988,1,1,0,0,0,45,832,0,0,0,3,0,0,0,0,0,0,0,0,0,0
1988,1,1,0,0,0,50,797,0,0,0,4,0,0,0,0,0,0,0,0,0,0
1988,1,1,0,0,0,55,557,0,0,0,3,0,0,0,0,0,0,0,0,0,0
1988,1,1,0,0,0,60,951,0,0,0,31,0,0,0,0,0,0,0,0,0,0
1988,1,1,0,0,0,100,1,0,0,0,0,0,0,0,0,0,0,0,0,0,0
1988,1,1,0,0,1,0,0,0,0,0,0,0,0,0,0,0,0,0,0,0,0
1988,1,1,0,0,1,5,0,0,0,0,0,0,0,0,0,0,0,0,0,0,0
1988,1,1,0,0,1,10,0,0,0,0,0,0,0,0,0,0,0,0,0,0,0
1988,1,1,0,0,1,15,0,0,0,0,0,0,0,0,0,0,0,0,0,0,0
1988,1,1,0,0,1,20,0,0,0,0,0,0,0,0,0,0,0,0,0,0,0
1988,1,1,0,0,1,25,0,0,0,0,0,0,0,0,0,0,0,0,0,0,0
1988,1,1,0,0,1,30,0,0,0,0,0,0,0,0,0,0,0,0,0,0,0
1988,1,1,0,0,1,35,0,0,0,0,0,0,0,0,0,0,0,0,0,0,0
1988,1,1,0,0,1,40,0,0,0,0,0,0,0,0,0,0,0,0,0,0,0
1988,1,1,0,0,1,45,0,0,0,0,0,0,0,0,0,0,0,0,0,0,0
1988,1,1,0,0,1,50,0,0,0,0,0,0,0,0,0,0,0,0,0,0,0
1988,1,1,0,0,1,55,0,0,0,0,0,0,0,0,0,0,0,0,0,0,0
1988,1,1,0,0,1,60,0,0,0,0,0,0,0,0,0,0,0,0,0,0,0
1988,1,1,0,0,1,100,0,0,0,0,0,0,0,0,0,0,0,0,0,0,0
1988,1,1,0,1,0,0,68,68,18,0,10,10,0,0,0,0,0,0,0,0,0
1988,1,1,0,1,0,5,1,1,0,0,0,0,0,0,0,0,0,0,0,0,0
1988,1,1,0,1,0,10,7,7,6,0,2,2,0,0,0,0,0,1,0,0,0
1988,1,1,0,1,0,15,140,140,35,0,4,3,0,0,0,0,0,19,0,0,0
1988,1,1,0,1,0,20,374,374,50,0,3,3,0,0,0,0,0,28,0,0,0
1988,1,1,0,1,0,25,346,346,20,0,5,4,0,0,0,0,0,20,0,0,0
1988,1,1,0,1,0,30,186,186,19,0,6,5,0,0,0,0,0,7,0,0,0
1988,1,1,0,1,0,35,159,159,16,0,3,3,0,0,0,0,0,9,0,0,0
1988,1,1,0,1,0,40,94,94,7,0,0,0,0,0,0,0,0,6,0,0,0
1988,1,1,0,1,0,45,36,36,3,0,3,3,0,0,0,0,0,3,0,0,0
1988,1,1,0,1,0,50,26,26,4,0,2,1,0,0,0,0,0,2,0,0,0
1988,1,1,0,1,0,55,16,16,2,0,0,0,0,0,0,0,0,2,0,0,0
1988,1,1,0,1,0,60,6,6,1,0,0,0,0,0,0,0,0,0,0,0,0
1988,1,1,0,1,0,100,0,0,0,0,0,0,0,0,0,0,0,0,0,0,0
1988,1,1,0,1,1,0,0,0,0,0,0,0,0,0,0,0,0,0,0,0,0
1988,1,1,0,1,1,5,0,0,0,0,0,0,0,0,0,0,0,0,0,0,0
1988,1,1,0,1,1,10,0,0,0,0,0,0,0,0,0,0,0,0,0,0,0
1988,1,1,0,1,1,15,0,0,0,0,0,0,0,0,0,0,0,0,0,0,0
1988,1,1,0,1,1,20,0,0,0,0,0,0,0,0,0,0,0,0,0,0,0
1988,1,1,0,1,1,25,0,0,0,0,0,0,0,0,0,0,0,0,0,0,0
1988,1,1,0,1,1,30,0,0,0,0,0,0,0,0,0,0,0,0,0,0,0
1988,1,1,0,1,1,35,0,0,0,0,0,0,0,0,0,0,0,0,0,0,0
1988,1,1,0,1,1,40,0,0,0,0,0,0,0,0,0,0,0,0,0,0,0
1988,1,1,0,1,1,45,0,0,0,0,0,0,0,0,0,0,0,0,0,0,0
1988,1,1,0,1,1,50,0,0,0,0,0,0,0,0,0,0,0,0,0,0,0
1988,1,1,0,1,1,55,0,0,0,0,0,0,0,0,0,0,0,0,0,0,0
1988,1,1,0,1,1,60,0,0,0,0,0,0,0,0,0,0,0,0,0,0,0
1988,1,1,0,1,1,100,0,0,0,0,0,0,0,0,0,0,0,0,0,0,0
1988.5,1,0,0,0,0,0,4092,0,0,0,38,0,0,0,0,0,0,0,0,0,0
1988.5,1,0,0,0,0,5,3278,0,0,0,1,0,0,0,0,0,0,0,0,0,0
1988.5,1,0,0,0,0,10,2893,0,0,0,0,0,0,0,0,0,0,0,0,0,3
1988.5,1,0,0,0,0,15,2571,0,0,0,2,0,0,0,0,0,0,0,0,0,8
1988.5,1,0,0,0,0,20,2102,0,0,0,3,0,0,0,0,0,0,0,0,0,9
1988.5,1,0,0,0,0,25,1264,0,0,0,3,0,0,0,0,0,0,0,0,0,6
1988.5,1,0,0,0,0,30,720,0,0,0,4,0,0,0,0,0,0,0,0,0,0
1988.5,1,0,0,0,0,35,645,0,0,0,1,0,0,0,0,0,0,0,0,0,0
1988.5,1,0,0,0,0,40,619,0,0,0,1,0,0,0,0,0,0,0,0,0,0
1988.5,1,0,0,0,0,45,674,0,0,0,5,0,0,0,0,0,0,0,0,0,0
1988.5,1,0,0,0,0,50,582,0,0,0,6,0,0,0,0,0,0,0,0,0,0
1988.5,1,0,0,0,0,55,430,0,0,0,8,0,0,0,0,0,0,0,0,0,0
1988.5,1,0,0,0,0,60,604,0,0,0,17,0,0,0,0,0,0,0,0,0,0
1988.5,1,0,0,0,0,100,0,0,0,0,1,0,0,0,0,0,0,0,0,0,0
1988.5,1,0,0,0,1,0,0,0,0,0,0,0,0,0,0,0,0,0,0,0,0
1988.5,1,0,0,0,1,5,0,0,0,0,0,0,0,0,0,0,0,0,0,0,0
1988.5,1,0,0,0,1,10,0,0,0,0,0,0,0,0,0,0,0,0,0,0,0
1988.5,1,0,0,0,1,15,0,0,0,0,0,0,0,0,0,0,0,0,0,0,0
1988.5,1,0,0,0,1,20,0,0,0,0,0,0,0,0,0,0,0,0,0,0,0
1988.5,1,0,0,0,1,25,0,0,0,0,0,0,0,0,0,0,0,0,0,0,0
1988.5,1,0,0,0,1,30,0,0,0,0,0,0,0,0,0,0,0,0,0,0,0
1988.5,1,0,0,0,1,35,0,0,0,0,0,0,0,0,0,0,0,0,0,0,0
1988.5,1,0,0,0,1,40,0,0,0,0,0,0,0,0,0,0,0,0,0,0,0
1988.5,1,0,0,0,1,45,0,0,0,0,0,0,0,0,0,0,0,0,0,0,0
1988.5,1,0,0,0,1,50,0,0,0,0,0,0,0,0,0,0,0,0,0,0,0
1988.5,1,0,0,0,1,55,0,0,0,0,0,0,0,0,0,0,0,0,0,0,0
1988.5,1,0,0,0,1,60,0,0,0,0,0,0,0,0,0,0,0,0,0,0,0
1988.5,1,0,0,0,1,100,0,0,0,0,0,0,0,0,0,0,0,0,0,0,0
1988.5,1,0,0,1,0,0,80,80,17,0,14,14,0,0,0,0,0,0,0,0,0
1988.5,1,0,0,1,0,5,4,4,0,0,0,0,0,0,0,0,0,0,0,0,0
1988.5,1,0,0,1,0,10,0,0,0,0,0,0,0,0,0,0,0,0,0,0,0
1988.5,1,0,0,1,0,15,42,42,14,0,0,0,0,0,0,0,0,15,0,0,0
1988.5,1,0,0,1,0,20,189,189,30,0,3,3,0,0,0,0,0,34,0,0,1
1988.5,1,0,0,1,0,25,250,250,24,0,3,3,0,0,0,0,0,39,0,0,0
1988.5,1,0,0,1,0,30,190,190,13,0,6,6,0,0,0,0,0,26,0,0,0
1988.5,1,0,0,1,0,35,140,140,5,0,1,1,0,0,0,0,0,12,0,0,0
1988.5,1,0,0,1,0,40,91,91,7,0,2,2,0,0,0,0,0,23,0,0,0
1988.5,1,0,0,1,0,45,57,57,9,0,2,2,0,0,0,0,0,10,0,0,0
1988.5,1,0,0,1,0,50,27,27,3,0,0,0,0,0,0,0,0,8,0,0,0
1988.5,1,0,0,1,0,55,17,17,4,0,1,1,0,0,0,0,0,2,0,0,0
1988.5,1,0,0,1,0,60,11,11,4,0,0,0,0,0,0,0,0,4,0,0,0
1988.5,1,0,0,1,0,100,0,0,0,0,0,0,0,0,0,0,0,0,0,0,0
1988.5,1,0,0,1,1,0,0,0,0,0,0,0,0,0,0,0,0,0,0,0,0
1988.5,1,0,0,1,1,5,0,0,0,0,0,0,0,0,0,0,0,0,0,0,0
1988.5,1,0,0,1,1,10,0,0,0,0,0,0,0,0,0,0,0,0,0,0,0
1988.5,1,0,0,1,1,15,0,0,0,0,0,0,0,0,0,0,0,0,0,0,0
1988.5,1,0,0,1,1,20,0,0,0,0,0,0,0,0,0,0,0,0,0,0,0
1988.5,1,0,0,1,1,25,0,0,0,0,0,0,0,0,0,0,0,0,0,0,0
1988.5,1,0,0,1,1,30,0,0,0,0,0,0,0,0,0,0,0,0,0,0,0
1988.5,1,0,0,1,1,35,0,0,0,0,0,0,0,0,0,0,0,0,0,0,0
1988.5,1,0,0,1,1,40,0,0,0,0,0,0,0,0,0,0,0,0,0,0,0
1988.5,1,0,0,1,1,45,0,0,0,0,0,0,0,0,0,0,0,0,0,0,0
1988.5,1,0,0,1,1,50,0,0,0,0,0,0,0,0,0,0,0,0,0,0,0
1988.5,1,0,0,1,1,55,0,0,0,0,0,0,0,0,0,0,0,0,0,0,0
1988.5,1,0,0,1,1,60,0,0,0,0,0,0,0,0,0,0,0,0,0,0,0
1988.5,1,0,0,1,1,100,0,0,0,0,0,0,0,0,0,0,0,0,0,0,0
1988.5,1,0,1,0,0,0,0,0,0,0,0,0,0,0,0,0,0,0,0,0,0
1988.5,1,0,1,0,0,5,0,0,0,0,0,0,0,0,0,0,0,0,0,0,0
1988.5,1,0,1,0,0,10,7,0,0,0,0,0,0,0,0,0,0,0,0,0,0
1988.5,1,0,1,0,0,15,65,0,0,0,0,0,0,0,0,0,0,0,0,0,0
1988.5,1,0,1,0,0,20,143,0,0,0,0,0,0,0,0,0,0,0,0,0,0
1988.5,1,0,1,0,0,25,114,0,0,0,1,0,0,0,0,0,0,0,0,0,0
1988.5,1,0,1,0,0,30,70,0,0,0,1,0,0,0,0,0,0,0,0,0,0
1988.5,1,0,1,0,0,35,54,0,0,0,0,0,0,0,0,0,0,0,0,0,0
1988.5,1,0,1,0,0,40,63,0,0,0,0,0,0,0,0,0,0,0,0,0,0
1988.5,1,0,1,0,0,45,62,0,0,0,0,0,0,0,0,0,0,0,0,0,0
1988.5,1,0,1,0,0,50,59,0,0,0,0,0,0,0,0,0,0,0,0,0,0
1988.5,1,0,1,0,0,55,45,0,0,0,0,0,0,0,0,0,0,0,0,0,0
1988.5,1,0,1,0,0,60,47,0,0,0,1,0,0,0,0,0,0,0,0,0,0
1988.5,1,0,1,0,0,100,0,0,0,0,0,0,0,0,0,0,0,0,0,0,0
1988.5,1,0,1,0,1,0,0,0,0,0,0,0,0,0,0,0,0,0,0,0,0
1988.5,1,0,1,0,1,5,0,0,0,0,0,0,0,0,0,0,0,0,0,0,0
1988.5,1,0,1,0,1,10,0,0,0,0,0,0,0,0,0,0,0,0,0,0,0
1988.5,1,0,1,0,1,15,0,0,0,0,0,0,0,0,0,0,0,0,0,0,0
1988.5,1,0,1,0,1,20,0,0,0,0,0,0,0,0,0,0,0,0,0,0,0
1988.5,1,0,1,0,1,25,0,0,0,0,0,0,0,0,0,0,0,0,0,0,0
1988.5,1,0,1,0,1,30,0,0,0,0,0,0,0,0,0,0,0,0,0,0,0
1988.5,1,0,1,0,1,35,0,0,0,0,0,0,0,0,0,0,0,0,0,0,0
1988.5,1,0,1,0,1,40,0,0,0,0,0,0,0,0,0,0,0,0,0,0,0
1988.5,1,0,1,0,1,45,0,0,0,0,0,0,0,0,0,0,0,0,0,0,0
1988.5,1,0,1,0,1,50,0,0,0,0,0,0,0,0,0,0,0,0,0,0,0
1988.5,1,0,1,0,1,55,0,0,0,0,0,0,0,0,0,0,0,0,0,0,0
1988.5,1,0,1,0,1,60,0,0,0,0,0,0,0,0,0,0,0,0,0,0,0
1988.5,1,0,1,0,1,100,0,0,0,0,0,0,0,0,0,0,0,0,0,0,0
1988.5,1,0,1,1,0,0,0,0,0,0,0,0,0,0,0,0,0,0,0,0,0
1988.5,1,0,1,1,0,5,0,0,0,0,0,0,0,0,0,0,0,0,0,0,0
1988.5,1,0,1,1,0,10,0,0,0,0,0,0,0,0,0,0,0,0,0,0,0
1988.5,1,0,1,1,0,15,1,1,0,0,0,0,0,0,0,0,0,0,0,0,0
1988.5,1,0,1,1,0,20,4,4,0,0,0,0,0,0,0,0,0,0,0,0,0
1988.5,1,0,1,1,0,25,15,15,2,0,0,0,0,0,0,0,0,3,0,0,0
1988.5,1,0,1,1,0,30,9,9,1,0,0,0,0,0,0,0,0,0,0,0,0
1988.5,1,0,1,1,0,35,11,11,0,0,0,0,0,0,0,0,0,2,0,0,0
1988.5,1,0,1,1,0,40,8,8,1,0,0,0,0,0,0,0,0,3,0,0,0
1988.5,1,0,1,1,0,45,6,6,0,0,0,0,0,0,0,0,0,0,0,0,0
1988.5,1,0,1,1,0,50,0,0,0,0,1,1,0,0,0,0,0,0,0,0,0
1988.5,1,0,1,1,0,55,1,1,0,0,0,0,0,0,0,0,0,0,0,0,0
1988.5,1,0,1,1,0,60,0,0,0,0,0,0,0,0,0,0,0,0,0,0,0
1988.5,1,0,1,1,0,100,0,0,0,0,0,0,0,0,0,0,0,0,0,0,0
1988.5,1,0,1,1,1,0,0,0,0,0,0,0,0,0,0,0,0,0,0,0,0
1988.5,1,0,1,1,1,5,0,0,0,0,0,0,0,0,0,0,0,0,0,0,0
1988.5,1,0,1,1,1,10,0,0,0,0,0,0,0,0,0,0,0,0,0,0,0
1988.5,1,0,1,1,1,15,0,0,0,0,0,0,0,0,0,0,0,0,0,0,0
1988.5,1,0,1,1,1,20,0,0,0,0,0,0,0,0,0,0,0,0,0,0,0
1988.5,1,0,1,1,1,25,0,0,0,0,0,0,0,0,0,0,0,0,0,0,0
1988.5,1,0,1,1,1,30,0,0,0,0,0,0,0,0,0,0,0,0,0,0,0
1988.5,1,0,1,1,1,35,0,0,0,0,0,0,0,0,0,0,0,0,0,0,0
1988.5,1,0,1,1,1,40,0,0,0,0,0,0,0,0,0,0,0,0,0,0,0
1988.5,1,0,1,1,1,45,0,0,0,0,0,0,0,0,0,0,0,0,0,0,0
1988.5,1,0,1,1,1,50,0,0,0,0,0,0,0,0,0,0,0,0,0,0,0
1988.5,1,0,1,1,1,55,0,0,0,0,0,0,0,0,0,0,0,0,0,0,0
1988.5,1,0,1,1,1,60,0,0,0,0,0,0,0,0,0,0,0,0,0,0,0
1988.5,1,0,1,1,1,100,0,0,0,0,0,0,0,0,0,0,0,0,0,0,0
1988.5,1,1,0,0,0,0,4203,0,0,0,22,0,0,0,0,0,0,0,0,0,0
1988.5,1,1,0,0,0,5,3506,0,0,0,1,0,0,0,0,0,0,0,0,0,0
1988.5,1,1,0,0,0,10,3032,0,0,0,2,0,0,0,0,0,0,0,0,0,0
1988.5,1,1,0,0,0,15,2571,0,0,0,2,0,0,0,0,0,0,0,0,0,0
1988.5,1,1,0,0,0,20,2129,0,0,0,3,0,0,0,0,0,0,0,0,0,0
1988.5,1,1,0,0,0,25,1233,0,0,0,1,0,0,0,0,0,0,0,0,0,0
1988.5,1,1,0,0,0,30,773,0,0,0,4,0,0,0,0,0,0,0,0,0,0
1988.5,1,1,0,0,0,35,750,0,0,0,0,0,0,0,0,0,0,0,0,0,0
1988.5,1,1,0,0,0,40,773,0,0,0,3,0,0,0,0,0,0,0,0,0,0
1988.5,1,1,0,0,0,45,822,0,0,0,4,0,0,0,0,0,0,0,0,0,0
1988.5,1,1,0,0,0,50,800,0,0,0,1,0,0,0,0,0,0,0,0,0,0
1988.5,1,1,0,0,0,55,581,0,0,0,5,0,0,0,0,0,0,0,0,0,0
1988.5,1,1,0,0,0,60,961,0,0,0,19,0,0,0,0,0,0,0,0,0,0
1988.5,1,1,0,0,0,100,1,0,0,0,0,0,0,0,0,0,0,0,0,0,0
1988.5,1,1,0,0,1,0,0,0,0,0,0,0,0,0,0,0,0,0,0,0,0
1988.5,1,1,0,0,1,5,0,0,0,0,0,0,0,0,0,0,0,0,0,0,0
1988.5,1,1,0,0,1,10,0,0,0,0,0,0,0,0,0,0,0,0,0,0,0
1988.5,1,1,0,0,1,15,0,0,0,0,0,0,0,0,0,0,0,0,0,0,0
1988.5,1,1,0,0,1,20,0,0,0,0,0,0,0,0,0,0,0,0,0,0,0
1988.5,1,1,0,0,1,25,0,0,0,0,0,0,0,0,0,0,0,0,0,0,0
1988.5,1,1,0,0,1,30,0,0,0,0,0,0,0,0,0,0,0,0,0,0,0
1988.5,1,1,0,0,1,35,0,0,0,0,0,0,0,0,0,0,0,0,0,0,0
1988.5,1,1,0,0,1,40,0,0,0,0,0,0,0,0,0,0,0,0,0,0,0
1988.5,1,1,0,0,1,45,0,0,0,0,0,0,0,0,0,0,0,0,0,0,0
1988.5,1,1,0,0,1,50,0,0,0,0,0,0,0,0,0,0,0,0,0,0,0
1988.5,1,1,0,0,1,55,0,0,0,0,0,0,0,0,0,0,0,0,0,0,0
1988.5,1,1,0,0,1,60,0,0,0,0,0,0,0,0,0,0,0,0,0,0,0
1988.5,1,1,0,0,1,100,0,0,0,0,0,0,0,0,0,0,0,0,0,0,0
1988.5,1,1,0,1,0,0,70,70,11,0,8,8,0,0,0,0,0,0,0,0,0
1988.5,1,1,0,1,0,5,3,3,0,0,0,0,0,0,0,0,0,0,0,0,0
1988.5,1,1,0,1,0,10,8,8,6,0,2,2,0,0,0,0,0,2,0,0,0
1988.5,1,1,0,1,0,15,149,149,42,0,0,0,0,0,0,0,0,37,0,0,0
1988.5,1,1,0,1,0,20,406,406,45,0,1,1,0,0,0,0,0,26,0,0,0
1988.5,1,1,0,1,0,25,398,398,28,0,4,4,0,0,0,0,0,27,0,0,0
1988.5,1,1,0,1,0,30,195,195,12,0,4,2,0,0,0,0,0,3,0,0,0
1988.5,1,1,0,1,0,35,167,167,13,0,7,7,0,0,0,0,0,6,0,0,0
1988.5,1,1,0,1,0,40,112,112,14,0,1,1,0,0,0,0,0,9,0,0,0
1988.5,1,1,0,1,0,45,48,48,10,0,1,1,0,0,0,0,0,3,0,0,0
1988.5,1,1,0,1,0,50,27,27,6,0,3,2,0,0,0,0,0,1,0,0,0
1988.5,1,1,0,1,0,55,23,23,3,0,0,0,0,0,0,0,0,2,0,0,0
1988.5,1,1,0,1,0,60,9,9,2,0,0,0,0,0,0,0,0,1,0,0,0
1988.5,1,1,0,1,0,100,0,0,0,0,0,0,0,0,0,0,0,0,0,0,0
1988.5,1,1,0,1,1,0,0,0,0,0,0,0,0,0,0,0,0,0,0,0,0
1988.5,1,1,0,1,1,5,0,0,0,0,0,0,0,0,0,0,0,0,0,0,0
1988.5,1,1,0,1,1,10,0,0,0,0,0,0,0,0,0,0,0,0,0,0,0
1988.5,1,1,0,1,1,15,0,0,0,0,0,0,0,0,0,0,0,0,0,0,0
1988.5,1,1,0,1,1,20,0,0,0,0,0,0,0,0,0,0,0,0,0,0,0
1988.5,1,1,0,1,1,25,0,0,0,0,0,0,0,0,0,0,0,0,0,0,0
1988.5,1,1,0,1,1,30,0,0,0,0,0,0,0,0,0,0,0,0,0,0,0
1988.5,1,1,0,1,1,35,0,0,0,0,0,0,0,0,0,0,0,0,0,0,0
1988.5,1,1,0,1,1,40,0,0,0,0,0,0,0,0,0,0,0,0,0,0,0
1988.5,1,1,0,1,1,45,0,0,0,0,0,0,0,0,0,0,0,0,0,0,0
1988.5,1,1,0,1,1,50,0,0,0,0,0,0,0,0,0,0,0,0,0,0,0
1988.5,1,1,0,1,1,55,0,0,0,0,0,0,0,0,0,0,0,0,0,0,0
1988.5,1,1,0,1,1,60,0,0,0,0,0,0,0,0,0,0,0,0,0,0,0
1988.5,1,1,0,1,1,100,0,0,0,0,0,0,0,0,0,0,0,0,0,0,0
1989,1,0,0,0,0,0,4144,0,0,0,35,0,0,0,0,0,0,0,0,0,0
1989,1,0,0,0,0,5,3323,0,0,0,2,0,0,0,0,0,0,0,0,0,0
1989,1,0,0,0,0,10,2941,0,0,0,2,0,0,0,0,0,0,0,0,0,0
1989,1,0,0,0,0,15,2596,0,0,0,2,0,0,0,0,0,0,0,0,0,13
1989,1,0,0,0,0,20,2094,0,0,0,7,0,0,0,0,0,0,0,0,0,8
1989,1,0,0,0,0,25,1334,0,0,0,4,0,0,0,0,0,0,0,0,0,6
1989,1,0,0,0,0,30,694,0,0,0,2,0,0,0,0,0,0,0,0,0,0
1989,1,0,0,0,0,35,659,0,0,0,2,0,0,0,0,0,0,0,0,0,0
1989,1,0,0,0,0,40,623,0,0,0,3,0,0,0,0,0,0,0,0,0,0
1989,1,0,0,0,0,45,640,0,0,0,7,0,0,0,0,0,0,0,0,0,0
1989,1,0,0,0,0,50,597,0,0,0,12,0,0,0,0,0,0,0,0,0,0
1989,1,0,0,0,0,55,432,0,0,0,7,0,0,0,0,0,0,0,0,0,0
1989,1,0,0,0,0,60,617,0,0,0,20,0,0,0,0,0,0,0,0,0,0
1989,1,0,0,0,0,100,0,0,0,0,0,0,0,0,0,0,0,0,0,0,0
1989,1,0,0,0,1,0,0,0,0,0,0,0,0,0,0,0,0,0,0,0,0
1989,1,0,0,0,1,5,0,0,0,0,0,0,0,0,0,0,0,0,0,0,0
1989,1,0,0,0,1,10,0,0,0,0,0,0,0,0,0,0,0,0,0,0,0
1989,1,0,0,0,1,15,0,0,0,0,0,0,0,0,0,0,0,0,0,0,0
1989,1,0,0,0,1,20,0,0,0,0,0,0,0,0,0,0,0,0,0,0,0
1989,1,0,0,0,1,25,0,0,0,0,0,0,0,0,0,0,0,0,0,0,0
1989,1,0,0,0,1,30,0,0,0,0,0,0,0,0,0,0,0,0,0,0,0
1989,1,0,0,0,1,35,0,0,0,0,0,0,0,0,0,0,0,0,0,0,0
1989,1,0,0,0,1,40,0,0,0,0,0,0,0,0,0,0,0,0,0,0,0
1989,1,0,0,0,1,45,0,0,0,0,0,0,0,0,0,0,0,0,0,0,0
1989,1,0,0,0,1,50,0,0,0,0,0,0,0,0,0,0,0,0,0,0,0
1989,1,0,0,0,1,55,0,0,0,0,0,0,0,0,0,0,0,0,0,0,0
1989,1,0,0,0,1,60,0,0,0,0,0,0,0,0,0,0,0,0,0,0,0
1989,1,0,0,0,1,100,0,0,0,0,0,0,0,0,0,0,0,0,0,0,0
1989,1,0,0,1,0,0,93,93,24,0,9,8,0,0,0,0,0,0,0,0,0
1989,1,0,0,1,0,5,6,6,0,0,0,0,0,0,0,0,0,0,0,0,0
1989,1,0,0,1,0,10,0,0,0,0,0,0,0,0,0,0,0,0,0,0,0
1989,1,0,0,1,0,15,40,40,10,0,1,1,0,0,0,0,0,6,0,0,0
1989,1,0,0,1,0,20,197,197,29,0,1,0,0,0,0,0,0,38,0,0,1
1989,1,0,0,1,0,25,283,283,26,0,5,4,0,0,0,0,0,41,0,0,0
1989,1,0,0,1,0,30,202,202,13,0,5,3,0,0,0,0,0,30,0,0,0
1989,1,0,0,1,0,35,144,144,6,0,7,6,0,0,0,0,0,13,0,0,0
1989,1,0,0,1,0,40,104,104,8,0,2,2,0,0,0,0,0,15,0,0,0
1989,1,0,0,1,0,45,58,58,2,0,3,3,0,0,0,0,0,9,0,0,0
1989,1,0,0,1,0,50,33,33,4,0,3,2,0,0,0,0,0,3,0,0,0
1989,1,0,0,1,0,55,16,16,1,0,1,1,0,0,0,0,0,1,0,0,0
1989,1,0,0,1,0,60,16,16,3,0,0,0,0,0,0,0,0,0,0,0,0
1989,1,0,0,1,0,100,0,0,0,0,0,0,0,0,0,0,0,0,0,0,0
1989,1,0,0,1,1,0,0,0,0,0,0,0,0,0,0,0,0,0,0,0,0
1989,1,0,0,1,1,5,0,0,0,0,0,0,0,0,0,0,0,0,0,0,0
1989,1,0,0,1,1,10,0,0,0,0,0,0,0,0,0,0,0,0,0,0,0
1989,1,0,0,1,1,15,0,0,0,0,0,0,0,0,0,0,0,0,0,0,0
1989,1,0,0,1,1,20,0,0,0,0,0,0,0,0,0,0,0,0,0,0,0
1989,1,0,0,1,1,25,0,0,0,0,0,0,0,0,0,0,0,0,0,0,0
1989,1,0,0,1,1,30,0,0,0,0,0,0,0,0,0,0,0,0,0,0,0
1989,1,0,0,1,1,35,0,0,0,0,0,0,0,0,0,0,0,0,0,0,0
1989,1,0,0,1,1,40,0,0,0,0,0,0,0,0,0,0,0,0,0,0,0
1989,1,0,0,1,1,45,0,0,0,0,0,0,0,0,0,0,0,0,0,0,0
1989,1,0,0,1,1,50,0,0,0,0,0,0,0,0,0,0,0,0,0,0,0
1989,1,0,0,1,1,55,0,0,0,0,0,0,0,0,0,0,0,0,0,0,0
1989,1,0,0,1,1,60,0,0,0,0,0,0,0,0,0,0,0,0,0,0,0
1989,1,0,0,1,1,100,0,0,0,0,0,0,0,0,0,0,0,0,0,0,0
1989,1,0,1,0,0,0,0,0,0,0,0,0,0,0,0,0,0,0,0,0,0
1989,1,0,1,0,0,5,0,0,0,0,0,0,0,0,0,0,0,0,0,0,0
1989,1,0,1,0,0,10,5,0,0,0,0,0,0,0,0,0,0,0,0,0,0
1989,1,0,1,0,0,15,64,0,0,0,0,0,0,0,0,0,0,0,0,0,0
1989,1,0,1,0,0,20,149,0,0,0,0,0,0,0,0,0,0,0,0,0,0
1989,1,0,1,0,0,25,128,0,0,0,0,0,0,0,0,0,0,0,0,0,0
1989,1,0,1,0,0,30,68,0,0,0,0,0,0,0,0,0,0,0,0,0,0
1989,1,0,1,0,0,35,56,0,0,0,0,0,0,0,0,0,0,0,0,0,0
1989,1,0,1,0,0,40,56,0,0,0,1,0,0,0,0,0,0,0,0,0,0
1989,1,0,1,0,0,45,69,0,0,0,1,0,0,0,0,0,0,0,0,0,0
1989,1,0,1,0,0,50,58,0,0,0,0,0,0,0,0,0,0,0,0,0,0
1989,1,0,1,0,0,55,45,0,0,0,1,0,0,0,0,0,0,0,0,0,0
1989,1,0,1,0,0,60,48,0,0,0,0,0,0,0,0,0,0,0,0,0,0
1989,1,0,1,0,0,100,0,0,0,0,0,0,0,0,0,0,0,0,0,0,0
1989,1,0,1,0,1,0,0,0,0,0,0,0,0,0,0,0,0,0,0,0,0
1989,1,0,1,0,1,5,0,0,0,0,0,0,0,0,0,0,0,0,0,0,0
1989,1,0,1,0,1,10,0,0,0,0,0,0,0,0,0,0,0,0,0,0,0
1989,1,0,1,0,1,15,0,0,0,0,0,0,0,0,0,0,0,0,0,0,0
1989,1,0,1,0,1,20,0,0,0,0,0,0,0,0,0,0,0,0,0,0,0
1989,1,0,1,0,1,25,0,0,0,0,0,0,0,0,0,0,0,0,0,0,0
1989,1,0,1,0,1,30,0,0,0,0,0,0,0,0,0,0,0,0,0,0,0
1989,1,0,1,0,1,35,0,0,0,0,0,0,0,0,0,0,0,0,0,0,0
1989,1,0,1,0,1,40,0,0,0,0,0,0,0,0,0,0,0,0,0,0,0
1989,1,0,1,0,1,45,0,0,0,0,0,0,0,0,0,0,0,0,0,0,0
1989,1,0,1,0,1,50,0,0,0,0,0,0,0,0,0,0,0,0,0,0,0
1989,1,0,1,0,1,55,0,0,0,0,0,0,0,0,0,0,0,0,0,0,0
1989,1,0,1,0,1,60,0,0,0,0,0,0,0,0,0,0,0,0,0,0,0
1989,1,0,1,0,1,100,0,0,0,0,0,0,0,0,0,0,0,0,0,0,0
1989,1,0,1,1,0,0,0,0,0,0,0,0,0,0,0,0,0,0,0,0,0
1989,1,0,1,1,0,5,0,0,0,0,0,0,0,0,0,0,0,0,0,0,0
1989,1,0,1,1,0,10,0,0,0,0,0,0,0,0,0,0,0,0,0,0,0
1989,1,0,1,1,0,15,0,0,0,0,0,0,0,0,0,0,0,0,0,0,0
1989,1,0,1,1,0,20,5,5,2,0,0,0,0,0,0,0,0,0,0,0,0
1989,1,0,1,1,0,25,19,19,1,0,0,0,0,0,0,0,0,1,0,0,0
1989,1,0,1,1,0,30,11,11,3,0,0,0,0,0,0,0,0,1,0,0,0
1989,1,0,1,1,0,35,11,11,0,0,0,0,0,0,0,0,0,1,0,0,0
1989,1,0,1,1,0,40,8,8,0,0,0,0,0,0,0,0,0,1,0,0,0
1989,1,0,1,1,0,45,6,6,0,0,0,0,0,0,0,0,0,3,0,0,0
1989,1,0,1,1,0,50,1,1,0,0,0,0,0,0,0,0,0,0,0,0,0
1989,1,0,1,1,0,55,1,1,0,0,0,0,0,0,0,0,0,0,0,0,0
1989,1,0,1,1,0,60,1,1,1,0,0,0,0,0,0,0,0,0,0,0,0
1989,1,0,1,1,0,100,0,0,0,0,0,0,0,0,0,0,0,0,0,0,0
1989,1,0,1,1,1,0,0,0,0,0,0,0,0,0,0,0,0,0,0,0,0
1989,1,0,1,1,1,5,0,0,0,0,0,0,0,0,0,0,0,0,0,0,0
1989,1,0,1,1,1,10,0,0,0,0,0,0,0,0,0,0,0,0,0,0,0
1989,1,0,1,1,1,15,0,0,0,0,0,0,0,0,0,0,0,0,0,0,0
1989,1,0,1,1,1,20,0,0,0,0,0,0,0,0,0,0,0,0,0,0,0
1989,1,0,1,1,1,25,0,0,0,0,0,0,0,0,0,0,0,0,0,0,0
1989,1,0,1,1,1,30,0,0,0,0,0,0,0,0,0,0,0,0,0,0,0
1989,1,0,1,1,1,35,0,0,0,0,0,0,0,0,0,0,0,0,0,0,0
1989,1,0,1,1,1,40,0,0,0,0,0,0,0,0,0,0,0,0,0,0,0
1989,1,0,1,1,1,45,0,0,0,0,0,0,0,0,0,0,0,0,0,0,0
1989,1,0,1,1,1,50,0,0,0,0,0,0,0,0,0,0,0,0,0,0,0
1989,1,0,1,1,1,55,0,0,0,0,0,0,0,0,0,0,0,0,0,0,0
1989,1,0,1,1,1,60,0,0,0,0,0,0,0,0,0,0,0,0,0,0,0
1989,1,0,1,1,1,100,0,0,0,0,0,0,0,0,0,0,0,0,0,0,0
1989,1,1,0,0,0,0,4293,0,0,0,29,0,0,0,0,0,0,0,0,0,0
1989,1,1,0,0,0,5,3563,0,0,0,2,0,0,0,0,0,0,0,0,0,0
1989,1,1,0,0,0,10,3058,0,0,0,2,0,0,0,0,0,0,0,0,0,0
1989,1,1,0,0,0,15,2573,0,0,0,2,0,0,0,0,0,0,0,0,0,0
1989,1,1,0,0,0,20,2143,0,0,0,3,0,0,0,0,0,0,0,0,0,0
1989,1,1,0,0,0,25,1295,0,0,0,2,0,0,0,0,0,0,0,0,0,0
1989,1,1,0,0,0,30,765,0,0,0,1,0,0,0,0,0,0,0,0,0,0
1989,1,1,0,0,0,35,722,0,0,0,3,0,0,0,0,0,0,0,0,0,0
1989,1,1,0,0,0,40,774,0,0,0,1,0,0,0,0,0,0,0,0,0,0
1989,1,1,0,0,0,45,819,0,0,0,2,0,0,0,0,0,0,0,0,0,0
1989,1,1,0,0,0,50,786,0,0,0,3,0,0,0,0,0,0,0,0,0,0
1989,1,1,0,0,0,55,612,0,0,0,4,0,0,0,0,0,0,0,0,0,0
1989,1,1,0,0,0,60,981,0,0,0,28,0,0,0,0,0,0,0,0,0,0
1989,1,1,0,0,0,100,1,0,0,0,0,0,0,0,0,0,0,0,0,0,0
1989,1,1,0,0,1,0,0,0,0,0,0,0,0,0,0,0,0,0,0,0,0
1989,1,1,0,0,1,5,0,0,0,0,0,0,0,0,0,0,0,0,0,0,0
1989,1,1,0,0,1,10,0,0,0,0,0,0,0,0,0,0,0,0,0,0,0
1989,1,1,0,0,1,15,0,0,0,0,0,0,0,0,0,0,0,0,0,0,0
1989,1,1,0,0,1,20,0,0,0,0,0,0,0,0,0,0,0,0,0,0,0
1989,1,1,0,0,1,25,0,0,0,0,0,0,0,0,0,0,0,0,0,0,0
1989,1,1,0,0,1,30,0,0,0,0,0,0,0,0,0,0,0,0,0,0,0
1989,1,1,0,0,1,35,0,0,0,0,0,0,0,0,0,0,0,0,0,0,0
1989,1,1,0,0,1,40,0,0,0,0,0,0,0,0,0,0,0,0,0,0,0
1989,1,1,0,0,1,45,0,0,0,0,0,0,0,0,0,0,0,0,0,0,0
1989,1,1,0,0,1,50,0,0,0,0,0,0,0,0,0,0,0,0,0,0,0
1989,1,1,0,0,1,55,0,0,0,0,0,0,0,0,0,0,0,0,0,0,0
1989,1,1,0,0,1,60,0,0,0,0,0,0,0,0,0,0,0,0,0,0,0
1989,1,1,0,0,1,100,0,0,0,0,0,0,0,0,0,0,0,0,0,0,0
1989,1,1,0,1,0,0,82,82,30,0,15,13,0,0,0,0,0,0,0,0,0
1989,1,1,0,1,0,5,5,5,0,0,0,0,0,0,0,0,0,0,0,0,0
1989,1,1,0,1,0,10,9,9,8,0,3,3,0,0,0,0,0,1,0,0,0
1989,1,1,0,1,0,15,153,153,34,0,4,4,0,0,0,0,0,19,0,0,0
1989,1,1,0,1,0,20,436,436,43,0,3,2,0,0,0,0,0,35,0,0,0
1989,1,1,0,1,0,25,434,434,32,0,6,5,0,0,0,0,0,24,0,0,0
1989,1,1,0,1,0,30,229,229,18,0,4,4,0,0,0,0,0,12,0,0,0
1989,1,1,0,1,0,35,175,175,11,0,3,2,0,0,0,0,0,11,0,0,0
1989,1,1,0,1,0,40,121,121,6,0,3,3,0,0,0,0,0,2,0,0,0
1989,1,1,0,1,0,45,59,59,5,0,0,0,0,0,0,0,0,3,0,0,0
1989,1,1,0,1,0,50,30,30,4,0,0,0,0,0,0,0,0,2,0,0,0
1989,1,1,0,1,0,55,23,23,0,0,1,0,0,0,0,0,0,0,0,0,0
1989,1,1,0,1,0,60,12,12,2,0,0,0,0,0,0,0,0,0,0,0,0
1989,1,1,0,1,0,100,0,0,0,0,0,0,0,0,0,0,0,0,0,0,0
1989,1,1,0,1,1,0,0,0,0,0,0,0,0,0,0,0,0,0,0,0,0
1989,1,1,0,1,1,5,0,0,0,0,0,0,0,0,0,0,0,0,0,0,0
1989,1,1,0,1,1,10,0,0,0,0,0,0,0,0,0,0,0,0,0,0,0
1989,1,1,0,1,1,15,0,0,0,0,0,0,0,0,0,0,0,0,0,0,0
1989,1,1,0,1,1,20,0,0,0,0,0,0,0,0,0,0,0,0,0,0,0
1989,1,1,0,1,1,25,0,0,0,0,0,0,0,0,0,0,0,0,0,0,0
1989,1,1,0,1,1,30,0,0,0,0,0,0,0,0,0,0,0,0,0,0,0
1989,1,1,0,1,1,35,0,0,0,0,0,0,0,0,0,0,0,0,0,0,0
1989,1,1,0,1,1,40,0,0,0,0,0,0,0,0,0,0,0,0,0,0,0
1989,1,1,0,1,1,45,0,0,0,0,0,0,0,0,0,0,0,0,0,0,0
1989,1,1,0,1,1,50,0,0,0,0,0,0,0,0,0,0,0,0,0,0,0
1989,1,1,0,1,1,55,0,0,0,0,0,0,0,0,0,0,0,0,0,0,0
1989,1,1,0,1,1,60,0,0,0,0,0,0,0,0,0,0,0,0,0,0,0
1989,1,1,0,1,1,100,0,0,0,0,0,0,0,0,0,0,0,0,0,0,0
1989.5,1,0,0,0,0,0,4202,0,0,0,38,0,0,0,0,0,0,0,0,0,0
1989.5,1,0,0,0,0,5,3376,0,0,0,1,0,0,0,0,0,0,0,0,0,0
1989.5,1,0,0,0,0,10,2990,0,0,0,3,0,0,0,0,0,0,0,0,0,4
1989.5,1,0,0,0,0,15,2630,0,0,0,7,0,0,0,0,0,0,0,0,0,4
1989.5,1,0,0,0,0,20,2088,0,0,0,4,0,0,0,0,0,0,0,0,0,13
1989.5,1,0,0,0,0,25,1399,0,0,0,5,0,0,0,0,0,0,0,0,0,8
1989.5,1,0,0,0,0,30,689,0,0,0,2,0,0,0,0,0,0,0,0,0,0
1989.5,1,0,0,0,0,35,657,0,0,0,1,0,0,0,0,0,0,0,0,0,0
1989.5,1,0,0,0,0,40,604,0,0,0,3,0,0,0,0,0,0,0,0,0,0
1989.5,1,0,0,0,0,45,638,0,0,0,1,0,0,0,0,0,0,0,0,0,0
1989.5,1,0,0,0,0,50,618,0,0,0,9,0,0,0,0,0,0,0,0,0,0
1989.5,1,0,0,0,0,55,440,0,0,0,2,0,0,0,0,0,0,0,0,0,0
1989.5,1,0,0,0,0,60,625,0,0,0,20,0,0,0,0,0,0,0,0,0,0
1989.5,1,0,0,0,0,100,0,0,0,0,0,0,0,0,0,0,0,0,0,0,0
1989.5,1,0,0,0,1,0,0,0,0,0,0,0,0,0,0,0,0,0,0,0,0
1989.5,1,0,0,0,1,5,0,0,0,0,0,0,0,0,0,0,0,0,0,0,0
1989.5,1,0,0,0,1,10,0,0,0,0,0,0,0,0,0,0,0,0,0,0,0
1989.5,1,0,0,0,1,15,0,0,0,0,0,0,0,0,0,0,0,0,0,0,0
1989.5,1,0,0,0,1,20,0,0,0,0,0,0,0,0,0,0,0,0,0,0,0
1989.5,1,0,0,0,1,25,0,0,0,0,0,0,0,0,0,0,0,0,0,0,0
1989.5,1,0,0,0,1,30,0,0,0,0,0,0,0,0,0,0,0,0,0,0,0
1989.5,1,0,0,0,1,35,0,0,0,0,0,0,0,0,0,0,0,0,0,0,0
1989.5,1,0,0,0,1,40,0,0,0,0,0,0,0,0,0,0,0,0,0,0,0
1989.5,1,0,0,0,1,45,0,0,0,0,0,0,0,0,0,0,0,0,0,0,0
1989.5,1,0,0,0,1,50,0,0,0,0,0,0,0,0,0,0,0,0,0,0,0
1989.5,1,0,0,0,1,55,0,0,0,0,0,0,0,0,0,0,0,0,0,0,0
1989.5,1,0,0,0,1,60,0,0,0,0,0,0,0,0,0,0,0,0,0,0,0
1989.5,1,0,0,0,1,100,0,0,0,0,0,0,0,0,0,0,0,0,0,0,0
1989.5,1,0,0,1,0,0,103,103,25,0,7,5,0,0,0,0,0,0,0,0,0
1989.5,1,0,0,1,0,5,9,9,0,0,0,0,0,0,0,0,0,0,0,0,0
1989.5,1,0,0,1,0,10,0,0,0,0,0,0,0,0,0,0,0,0,0,0,0
1989.5,1,0,0,1,0,15,45,45,15,0,0,0,0,0,0,0,0,9,0,0,0
1989.5,1,0,0,1,0,20,199,199,22,0,2,2,0,0,0,0,0,29,0,0,2
1989.5,1,0,0,1,0,25,309,309,24,0,5,5,0,0,0,0,0,45,0,0,3
1989.5,1,0,0,1,0,30,207,207,13,0,1,1,0,0,0,0,0,23,0,0,0
1989.5,1,0,0,1,0,35,144,144,1,0,5,5,0,0,0,0,0,20,0,0,0
1989.5,1,0,0,1,0,40,120,120,7,0,3,3,0,0,0,0,0,20,0,0,0
1989.5,1,0,0,1,0,45,54,54,5,0,3,2,0,0,0,0,0,13,0,0,0
1989.5,1,0,0,1,0,50,36,36,1,0,1,0,0,0,0,0,0,5,0,0,0
1989.5,1,0,0,1,0,55,20,20,3,0,2,2,0,0,0,0,0,2,0,0,0
1989.5,1,0,0,1,0,60,18,18,2,0,0,0,0,0,0,0,0,0,0,0,0
1989.5,1,0,0,1,0,100,0,0,0,0,0,0,0,0,0,0,0,0,0,0,0
1989.5,1,0,0,1,1,0,0,0,0,0,0,0,0,0,0,0,0,0,0,0,0
1989.5,1,0,0,1,1,5,0,0,0,0,0,0,0,0,0,0,0,0,0,0,0
1989.5,1,0,0,1,1,10,0,0,0,0,0,0,0,0,0,0,0,0,0,0,0
1989.5,1,0,0,1,1,15,0,0,0,0,0,0,0,0,0,0,0,0,0,0,0
1989.5,1,0,0,1,1,20,0,0,0,0,0,0,0,0,0,0,0,0,0,0,0
1989.5,1,0,0,1,1,25,0,0,0,0,0,0,0,0,0,0,0,0,0,0,0
1989.5,1,0,0,1,1,30,0,0,0,0,0,0,0,0,0,0,0,0,0,0,0
1989.5,1,0,0,1,1,35,0,0,0,0,0,0,0,0,0,0,0,0,0,0,0
1989.5,1,0,0,1,1,40,0,0,0,0,0,0,0,0,0,0,0,0,0,0,0
1989.5,1,0,0,1,1,45,0,0,0,0,0,0,0,0,0,0,0,0,0,0,0
1989.5,1,0,0,1,1,50,0,0,0,0,0,0,0,0,0,0,0,0,0,0,0
1989.5,1,0,0,1,1,55,0,0,0,0,0,0,0,0,0,0,0,0,0,0,0
1989.5,1,0,0,1,1,60,0,0,0,0,0,0,0,0,0,0,0,0,0,0,0
1989.5,1,0,0,1,1,100,0,0,0,0,0,0,0,0,0,0,0,0,0,0,0
1989.5,1,0,1,0,0,0,0,0,0,0,0,0,0,0,0,0,0,0,0,0,0
1989.5,1,0,1,0,0,5,0,0,0,0,0,0,0,0,0,0,0,0,0,0,0
1989.5,1,0,1,0,0,10,9,0,0,0,0,0,0,0,0,0,0,0,0,0,0
1989.5,1,0,1,0,0,15,52,0,0,0,0,0,0,0,0,0,0,0,0,0,0
1989.5,1,0,1,0,0,20,155,0,0,0,0,0,0,0,0,0,0,0,0,0,0
1989.5,1,0,1,0,0,25,147,0,0,0,0,0,0,0,0,0,0,0,0,0,0
1989.5,1,0,1,0,0,30,70,0,0,0,0,0,0,0,0,0,0,0,0,0,0
1989.5,1,0,1,0,0,35,48,0,0,0,0,0,0,0,0,0,0,0,0,0,0
1989.5,1,0,1,0,0,40,62,0,0,0,0,0,0,0,0,0,0,0,0,0,0
1989.5,1,0,1,0,0,45,65,0,0,0,2,0,0,0,0,0,0,0,0,0,0
1989.5,1,0,1,0,0,50,54,0,0,0,0,0,0,0,0,0,0,0,0,0,0
1989.5,1,0,1,0,0,55,47,0,0,0,0,0,0,0,0,0,0,0,0,0,0
1989.5,1,0,1,0,0,60,53,0,0,0,0,0,0,0,0,0,0,0,0,0,0
1989.5,1,0,1,0,0,100,0,0,0,0,0,0,0,0,0,0,0,0,0,0,0
1989.5,1,0,1,0,1,0,0,0,0,0,0,0,0,0,0,0,0,0,0,0,0
1989.5,1,0,1,0,1,5,0,0,0,0,0,0,0,0,0,0,0,0,0,0,0
1989.5,1,0,1,0,1,10,0,0,0,0,0,0,0,0,0,0,0,0,0,0,0
1989.5,1,0,1,0,1,15,0,0,0,0,0,0,0,0,0,0,0,0,0,0,0
1989.5,1,0,1,0,1,20,0,0,0,0,0,0,0,0,0,0,0,0,0,0,0
1989.5,1,0,1,0,1,25,0,0,0,0,0,0,0,0,0,0,0,0,0,0,0
1989.5,1,0,1,0,1,30,0,0,0,0,0,0,0,0,0,0,0,0,0,0,0
1989.5,1,0,1,0,1,35,0,0,0,0,0,0,0,0,0,0,0,0,0,0,0
1989.5,1,0,1,0,1,40,0,0,0,0,0,0,0,0,0,0,0,0,0,0,0
1989.5,1,0,1,0,1,45,0,0,0,0,0,0,0,0,0,0,0,0,0,0,0
1989.5,1,0,1,0,1,50,0,0,0,0,0,0,0,0,0,0,0,0,0,0,0
1989.5,1,0,1,0,1,55,0,0,0,0,0,0,0,0,0,0,0,0,0,0,0
1989.5,1,0,1,0,1,60,0,0,0,0,0,0,0,0,0,0,0,0,0,0,0
1989.5,1,0,1,0,1,100,0,0,0,0,0,0,0,0,0,0,0,0,0,0,0
1989.5,1,0,1,1,0,0,0,0,0,0,0,0,0,0,0,0,0,0,0,0,0
1989.5,1,0,1,1,0,5,0,0,0,0,0,0,0,0,0,0,0,0,0,0,0
1989.5,1,0,1,1,0,10,0,0,0,0,0,0,0,0,0,0,0,0,0,0,0
1989.5,1,0,1,1,0,15,1,1,1,0,0,0,0,0,0,0,0,1,0,0,0
1989.5,1,0,1,1,0,20,7,7,1,0,0,0,0,0,0,0,0,2,0,0,0
1989.5,1,0,1,1,0,25,23,23,2,0,0,0,0,0,0,0,0,0,0,0,0
1989.5,1,0,1,1,0,30,14,14,2,0,0,0,0,0,0,0,0,3,0,0,0
1989.5,1,0,1,1,0,35,12,12,1,0,0,0,0,0,0,0,0,1,0,0,0
1989.5,1,0,1,1,0,40,10,10,2,0,0,0,0,0,0,0,0,0,0,0,0
1989.5,1,0,1,1,0,45,7,7,1,0,0,0,0,0,0,0,0,0,0,0,0
1989.5,1,0,1,1,0,50,3,3,1,0,0,0,0,0,0,0,0,0,0,0,0
1989.5,1,0,1,1,0,55,1,1,1,0,0,0,0,0,0,0,0,0,0,0,0
1989.5,1,0,1,1,0,60,2,2,0,0,0,0,0,0,0,0,0,2,0,0,0
1989.5,1,0,1,1,0,100,0,0,0,0,0,0,0,0,0,0,0,0,0,0,0
1989.5,1,0,1,1,1,0,0,0,0,0,0,0,0,0,0,0,0,0,0,0,0
1989.5,1,0,1,1,1,5,0,0,0,0,0,0,0,0,0,0,0,0,0,0,0
1989.5,1,0,1,1,1,10,0,0,0,0,0,0,0,0,0,0,0,0,0,0,0
1989.5,1,0,1,1,1,15,0,0,0,0,0,0,0,0,0,0,0,0,0,0,0
1989.5,1,0,1,1,1,20,0,0,0,0,0,0,0,0,0,0,0,0,0,0,0
1989.5,1,0,1,1,1,25,0,0,0,0,0,0,0,0,0,0,0,0,0,0,0
1989.5,1,0,1,1,1,30,0,0,0,0,0,0,0,0,0,0,0,0,0,0,0
1989.5,1,0,1,1,1,35,0,0,0,0,0,0,0,0,0,0,0,0,0,0,0
1989.5,1,0,1,1,1,40,0,0,0,0,0,0,0,0,0,0,0,0,0,0,0
1989.5,1,0,1,1,1,45,0,0,0,0,0,0,0,0,0,0,0,0,0,0,0
1989.5,1,0,1,1,1,50,0,0,0,0,0,0,0,0,0,0,0,0,0,0,0
1989.5,1,0,1,1,1,55,0,0,0,0,0,0,0,0,0,0,0,0,0,0,0
1989.5,1,0,1,1,1,60,0,0,0,0,0,0,0,0,0,0,0,0,0,0,0
1989.5,1,0,1,1,1,100,0,0,0,0,0,0,0,0,0,0,0,0,0,0,0
1989.5,1,1,0,0,0,0,4325,0,0,0,28,0,0,0,0,0,0,0,0,0,0
1989.5,1,1,0,0,0,5,3685,0,0,0,1,0,0,0,0,0,0,0,0,0,0
1989.5,1,1,0,0,0,10,3054,0,0,0,3,0,0,0,0,0,0,0,0,0,0
1989.5,1,1,0,0,0,15,2590,0,0,0,1,0,0,0,0,0,0,0,0,0,0
1989.5,1,1,0,0,0,20,2132,0,0,0,0,0,0,0,0,0,0,0,0,0,0
1989.5,1,1,0,0,0,25,1399,0,0,0,2,0,0,0,0,0,0,0,0,0,0
1989.5,1,1,0,0,0,30,739,0,0,0,3,0,0,0,0,0,0,0,0,0,0
1989.5,1,1,0,0,0,35,735,0,0,0,2,0,0,0,0,0,0,0,0,0,0
1989.5,1,1,0,0,0,40,729,0,0,0,0,0,0,0,0,0,0,0,0,0,0
1989.5,1,1,0,0,0,45,806,0,0,0,2,0,0,0,0,0,0,0,0,0,0
1989.5,1,1,0,0,0,50,799,0,0,0,3,0,0,0,0,0,0,0,0,0,0
1989.5,1,1,0,0,0,55,620,0,0,0,6,0,0,0,0,0,0,0,0,0,0
1989.5,1,1,0,0,0,60,1005,0,0,0,27,0,0,0,0,0,0,0,0,0,0
1989.5,1,1,0,0,0,100,1,0,0,0,0,0,0,0,0,0,0,0,0,0,0
1989.5,1,1,0,0,1,0,0,0,0,0,0,0,0,0,0,0,0,0,0,0,0
1989.5,1,1,0,0,1,5,0,0,0,0,0,0,0,0,0,0,0,0,0,0,0
1989.5,1,1,0,0,1,10,0,0,0,0,0,0,0,0,0,0,0,0,0,0,0
1989.5,1,1,0,0,1,15,0,0,0,0,0,0,0,0,0,0,0,0,0,0,0
1989.5,1,1,0,0,1,20,0,0,0,0,0,0,0,0,0,0,0,0,0,0,0
1989.5,1,1,0,0,1,25,0,0,0,0,0,0,0,0,0,0,0,0,0,0,0
1989.5,1,1,0,0,1,30,0,0,0,0,0,0,0,0,0,0,0,0,0,0,0
1989.5,1,1,0,0,1,35,0,0,0,0,0,0,0,0,0,0,0,0,0,0,0
1989.5,1,1,0,0,1,40,0,0,0,0,0,0,0,0,0,0,0,0,0,0,0
1989.5,1,1,0,0,1,45,0,0,0,0,0,0,0,0,0,0,0,0,0,0,0
1989.5,1,1,0,0,1,50,0,0,0,0,0,0,0,0,0,0,0,0,0,0,0
1989.5,1,1,0,0,1,55,0,0,0,0,0,0,0,0,0,0,0,0,0,0,0
1989.5,1,1,0,0,1,60,0,0,0,0,0,0,0,0,0,0,0,0,0,0,0
1989.5,1,1,0,0,1,100,0,0,0,0,0,0,0,0,0,0,0,0,0,0,0
1989.5,1,1,0,1,0,0,89,89,26,0,9,9,0,0,0,0,0,0,0,0,0
1989.5,1,1,0,1,0,5,7,7,0,0,0,0,0,0,0,0,0,0,0,0,0
1989.5,1,1,0,1,0,10,11,11,9,0,1,1,0,0,0,0,0,5,0,0,0
1989.5,1,1,0,1,0,15,163,163,36,0,1,1,0,0,0,0,0,18,0,0,0
1989.5,1,1,0,1,0,20,475,475,53,0,2,2,0,0,0,0,0,31,0,0,0
1989.5,1,1,0,1,0,25,470,470,20,0,8,8,0,0,0,0,0,18,0,0,0
1989.5,1,1,0,1,0,30,233,233,12,0,5,5,0,0,0,0,0,10,0,0,0
1989.5,1,1,0,1,0,35,189,189,17,0,8,8,0,0,0,0,0,11,0,0,0
1989.5,1,1,0,1,0,40,142,142,7,0,2,2,0,0,0,0,0,5,0,0,0
1989.5,1,1,0,1,0,45,68,68,15,0,2,2,0,0,0,0,0,3,0,0,0
1989.5,1,1,0,1,0,50,35,35,2,0,3,3,0,0,0,0,0,2,0,0,0
1989.5,1,1,0,1,0,55,22,22,1,0,0,0,0,0,0,0,0,1,0,0,0
1989.5,1,1,0,1,0,60,17,17,3,0,1,0,0,0,0,0,0,1,0,0,0
1989.5,1,1,0,1,0,100,0,0,0,0,0,0,0,0,0,0,0,0,0,0,0
1989.5,1,1,0,1,1,0,0,0,0,0,0,0,0,0,0,0,0,0,0,0,0
1989.5,1,1,0,1,1,5,0,0,0,0,0,0,0,0,0,0,0,0,0,0,0
1989.5,1,1,0,1,1,10,0,0,0,0,0,0,0,0,0,0,0,0,0,0,0
1989.5,1,1,0,1,1,15,0,0,0,0,0,0,0,0,0,0,0,0,0,0,0
1989.5,1,1,0,1,1,20,0,0,0,0,0,0,0,0,0,0,0,0,0,0,0
1989.5,1,1,0,1,1,25,0,0,0,0,0,0,0,0,0,0,0,0,0,0,0
1989.5,1,1,0,1,1,30,0,0,0,0,0,0,0,0,0,0,0,0,0,0,0
1989.5,1,1,0,1,1,35,0,0,0,0,0,0,0,0,0,0,0,0,0,0,0
1989.5,1,1,0,1,1,40,0,0,0,0,0,0,0,0,0,0,0,0,0,0,0
1989.5,1,1,0,1,1,45,0,0,0,0,0,0,0,0,0,0,0,0,0,0,0
1989.5,1,1,0,1,1,50,0,0,0,0,0,0,0,0,0,0,0,0,0,0,0
1989.5,1,1,0,1,1,55,0,0,0,0,0,0,0,0,0,0,0,0,0,0,0
1989.5,1,1,0,1,1,60,0,0,0,0,0,0,0,0,0,0,0,0,0,0,0
1989.5,1,1,0,1,1,100,0,0,0,0,0,0,0,0,0,0,0,0,0,0,0
1990,1,0,0,0,0,0,4250,0,0,0,39,0,0,0,0,0,0,0,0,0,0
1990,1,0,0,0,0,5,3433,0,0,0,2,0,0,0,0,0,0,0,0,0,0
1990,1,0,0,0,0,10,3033,0,0,0,2,0,0,0,0,0,0,0,0,0,3
1990,1,0,0,0,0,15,2668,0,0,0,7,0,0,0,0,0,0,0,0,0,11
1990,1,0,0,0,0,20,2079,0,0,0,4,0,0,0,0,0,0,0,0,0,9
1990,1,0,0,0,0,25,1467,0,0,0,0,0,0,0,0,0,0,0,0,0,4
1990,1,0,0,0,0,30,684,0,0,0,2,0,0,0,0,0,0,0,0,0,0
1990,1,0,0,0,0,35,632,0,0,0,3,0,0,0,0,0,0,0,0,0,0
1990,1,0,0,0,0,40,605,0,0,0,4,0,0,0,0,0,0,0,0,0,0
1990,1,0,0,0,0,45,627,0,0,0,6,0,0,0,0,0,0,0,0,0,0
1990,1,0,0,0,0,50,612,0,0,0,7,0,0,0,0,0,0,0,0,0,0
1990,1,0,0,0,0,55,452,0,0,0,6,0,0,0,0,0,0,0,0,0,0
1990,1,0,0,0,0,60,624,0,0,0,27,0,0,0,0,0,0,0,0,0,0
1990,1,0,0,0,0,100,0,0,0,0,0,0,0,0,0,0,0,0,0,0,0
1990,1,0,0,0,1,0,0,0,0,0,0,0,0,0,0,0,0,0,0,0,0
1990,1,0,0,0,1,5,0,0,0,0,0,0,0,0,0,0,0,0,0,0,0
1990,1,0,0,0,1,10,0,0,0,0,0,0,0,0,0,0,0,0,0,0,0
1990,1,0,0,0,1,15,0,0,0,0,0,0,0,0,0,0,0,0,0,0,0
1990,1,0,0,0,1,20,0,0,0,0,0,0,0,0,0,0,0,0,0,0,0
1990,1,0,0,0,1,25,0,0,0,0,0,0,0,0,0,0,0,0,0,0,0
1990,1,0,0,0,1,30,0,0,0,0,0,0,0,0,0,0,0,0,0,0,0
1990,1,0,0,0,1,35,0,0,0,0,0,0,0,0,0,0,0,0,0,0,0
1990,1,0,0,0,1,40,0,0,0,0,0,0,0,0,0,0,0,0,0,0,0
1990,1,0,0,0,1,45,0,0,0,0,0,0,0,0,0,0,0,0,0,0,0
1990,1,0,0,0,1,50,0,0,0,0,0,0,0,0,0,0,0,0,0,0,0
1990,1,0,0,0,1,55,0,0,0,0,0,0,0,0,0,0,0,0,0,0,0
1990,1,0,0,0,1,60,0,0,0,0,0,0,0,0,0,0,0,0,0,0,0
1990,1,0,0,0,1,100,0,0,0,0,0,0,0,0,0,0,0,0,0,0,0
1990,1,0,0,1,0,0,112,112,18,0,12,10,0,0,0,0,0,0,0,0,0
1990,1,0,0,1,0,5,13,13,0,0,0,0,0,0,0,0,0,0,0,0,0
1990,1,0,0,1,0,10,0,0,0,0,0,0,0,0,0,0,0,0,0,0,0
1990,1,0,0,1,0,15,48,48,11,0,0,0,0,0,0,0,0,13,0,0,0
1990,1,0,0,1,0,20,216,216,34,0,3,2,0,0,0,0,0,38,0,0,3
1990,1,0,0,1,0,25,341,341,32,0,4,4,0,0,0,0,0,35,0,0,1
1990,1,0,0,1,0,30,209,209,17,0,3,3,0,0,0,0,0,22,0,0,0
1990,1,0,0,1,0,35,164,164,10,0,4,4,0,0,0,0,0,11,0,0,0
1990,1,0,0,1,0,40,127,127,5,0,5,5,0,0,0,0,0,12,0,0,0
1990,1,0,0,1,0,45,60,60,8,0,2,0,0,0,0,0,0,12,0,0,0
1990,1,0,0,1,0,50,42,42,1,0,0,0,0,0,0,0,0,3,0,0,0
1990,1,0,0,1,0,55,22,22,6,0,1,1,1,1,1,1,0,5,0,0,0
1990,1,0,0,1,0,60,22,22,0,0,0,0,0,0,0,0,0,5,0,0,0
1990,1,0,0,1,0,100,0,0,0,0,0,0,0,0,0,0,0,0,0,0,0
1990,1,0,0,1,1,0,0,0,0,0,0,0,0,0,0,0,0,0,0,0,0
1990,1,0,0,1,1,5,0,0,0,0,0,0,0,0,0,0,0,0,0,0,0
1990,1,0,0,1,1,10,0,0,0,0,0,0,0,0,0,0,0,0,0,0,0
1990,1,0,0,1,1,15,0,0,0,0,0,0,0,0,0,0,0,0,0,0,0
1990,1,0,0,1,1,20,0,0,0,0,0,0,0,0,0,0,0,0,0,0,0
1990,1,0,0,1,1,25,0,0,0,0,0,0,0,0,0,0,0,0,0,0,0
1990,1,0,0,1,1,30,0,0,0,0,0,0,0,0,0,0,0,0,0,0,0
1990,1,0,0,1,1,35,0,0,0,0,0,0,0,0,0,0,0,0,0,0,0
1990,1,0,0,1,1,40,0,0,0,0,0,0,0,0,0,0,0,0,0,0,0
1990,1,0,0,1,1,45,0,0,0,0,0,0,0,0,0,0,0,0,0,0,0
1990,1,0,0,1,1,50,0,0,0,0,0,0,0,0,0,0,0,0,0,0,0
1990,1,0,0,1,1,55,0,0,0,0,0,0,0,0,0,0,0,0,0,0,0
1990,1,0,0,1,1,60,0,0,0,0,0,0,0,0,0,0,0,0,0,0,0
1990,1,0,0,1,1,100,0,0,0,0,0,0,0,0,0,0,0,0,0,0,0
1990,1,0,1,0,0,0,0,0,0,0,0,0,0,0,0,0,0,0,0,0,0
1990,1,0,1,0,0,5,0,0,0,0,0,0,0,0,0,0,0,0,0,0,0
1990,1,0,1,0,0,10,11,0,0,0,0,0,0,0,0,0,0,0,0,0,0
1990,1,0,1,0,0,15,58,0,0,0,1,0,0,0,0,0,0,0,0,0,0
1990,1,0,1,0,0,20,152,0,0,0,0,0,0,0,0,0,0,0,0,0,0
1990,1,0,1,0,0,25,159,0,0,0,0,0,0,0,0,0,0,0,0,0,0
1990,1,0,1,0,0,30,69,0,0,0,0,0,0,0,0,0,0,0,0,0,0
1990,1,0,1,0,0,35,48,0,0,0,1,0,0,0,0,0,0,0,0,0,0
1990,1,0,1,0,0,40,59,0,0,0,0,0,0,0,0,0,0,0,0,0,0
1990,1,0,1,0,0,45,58,0,0,0,0,0,0,0,0,0,0,0,0,0,0
1990,1,0,1,0,0,50,61,0,0,0,0,0,0,0,0,0,0,0,0,0,0
1990,1,0,1,0,0,55,48,0,0,0,0,0,0,0,0,0,0,0,0,0,0
1990,1,0,1,0,0,60,54,0,0,0,1,0,0,0,0,0,0,0,0,0,0
1990,1,0,1,0,0,100,0,0,0,0,0,0,0,0,0,0,0,0,0,0,0
1990,1,0,1,0,1,0,0,0,0,0,0,0,0,0,0,0,0,0,0,0,0
1990,1,0,1,0,1,5,0,0,0,0,0,0,0,0,0,0,0,0,0,0,0
1990,1,0,1,0,1,10,0,0,0,0,0,0,0,0,0,0,0,0,0,0,0
1990,1,0,1,0,1,15,0,0,0,0,0,0,0,0,0,0,0,0,0,0,0
1990,1,0,1,0,1,20,0,0,0,0,0,0,0,0,0,0,0,0,0,0,0
1990,1,0,1,0,1,25,0,0,0,0,0,0,0,0,0,0,0,0,0,0,0
1990,1,0,1,0,1,30,0,0,0,0,0,0,0,0,0,0,0,0,0,0,0
1990,1,0,1,0,1,35,0,0,0,0,0,0,0,0,0,0,0,0,0,0,0
1990,1,0,1,0,1,40,0,0,0,0,0,0,0,0,0,0,0,0,0,0,0
1990,1,0,1,0,1,45,0,0,0,0,0,0,0,0,0,0,0,0,0,0,0
1990,1,0,1,0,1,50,0,0,0,0,0,0,0,0,0,0,0,0,0,0,0
1990,1,0,1,0,1,55,0,0,0,0,0,0,0,0,0,0,0,0,0,0,0
1990,1,0,1,0,1,60,0,0,0,0,0,0,0,0,0,0,0,0,0,0,0
1990,1,0,1,0,1,100,0,0,0,0,0,0,0,0,0,0,0,0,0,0,0
1990,1,0,1,1,0,0,0,0,0,0,0,0,0,0,0,0,0,0,0,0,0
1990,1,0,1,1,0,5,0,0,0,0,0,0,0,0,0,0,0,0,0,0,0
1990,1,0,1,1,0,10,0,0,0,0,0,0,0,0,0,0,0,0,0,0,0
1990,1,0,1,1,0,15,0,0,0,0,0,0,0,0,0,0,0,0,0,0,0
1990,1,0,1,1,0,20,10,10,1,0,0,0,0,0,0,0,0,0,0,0,0
1990,1,0,1,1,0,25,26,26,1,0,0,0,0,0,0,0,0,6,0,0,0
1990,1,0,1,1,0,30,16,16,3,0,0,0,0,0,0,0,0,1,0,0,0
1990,1,0,1,1,0,35,14,14,0,0,0,0,0,0,0,0,0,1,0,0,0
1990,1,0,1,1,0,40,11,11,1,0,0,0,0,0,0,0,0,5,0,0,0
1990,1,0,1,1,0,45,7,7,2,0,0,0,0,0,0,0,0,1,0,0,0
1990,1,0,1,1,0,50,5,5,0,0,0,0,0,0,0,0,0,0,0,0,0
1990,1,0,1,1,0,55,1,1,0,0,0,0,0,0,0,0,0,0,0,0,0
1990,1,0,1,1,0,60,1,1,0,0,1,0,0,0,0,0,0,0,0,0,0
1990,1,0,1,1,0,100,0,0,0,0,0,0,0,0,0,0,0,0,0,0,0
1990,1,0,1,1,1,0,0,0,0,0,0,0,0,0,0,0,0,0,0,0,0
1990,1,0,1,1,1,5,0,0,0,0,0,0,0,0,0,0,0,0,0,0,0
1990,1,0,1,1,1,10,0,0,0,0,0,0,0,0,0,0,0,0,0,0,0
1990,1,0,1,1,1,15,0,0,0,0,0,0,0,0,0,0,0,0,0,0,0
1990,1,0,1,1,1,20,0,0,0,0,0,0,0,0,0,0,0,0,0,0,0
1990,1,0,1,1,1,25,0,0,0,0,0,0,0,0,0,0,0,0,0,0,0
1990,1,0,1,1,1,30,0,0,0,0,0,0,0,0,0,0,0,0,0,0,0
1990,1,0,1,1,1,35,0,0,0,0,0,0,0,0,0,0,0,0,0,0,0
1990,1,0,1,1,1,40,0,0,0,0,0,0,0,0,0,0,0,0,0,0,0
1990,1,0,1,1,1,45,0,0,0,0,0,0,0,0,0,0,0,0,0,0,0
1990,1,0,1,1,1,50,0,0,0,0,0,0,0,0,0,0,0,0,0,0,0
1990,1,0,1,1,1,55,0,0,0,0,0,0,0,0,0,0,0,0,0,0,0
1990,1,0,1,1,1,60,0,0,0,0,0,0,0,0,0,0,0,0,0,0,0
1990,1,0,1,1,1,100,0,0,0,0,0,0,0,0,0,0,0,0,0,0,0
1990,1,1,0,0,0,0,4366,0,0,0,28,0,0,0,0,0,0,0,0,0,0
1990,1,1,0,0,0,5,3745,0,0,0,1,0,0,0,0,0,0,0,0,0,0
1990,1,1,0,0,0,10,3116,0,0,0,0,0,0,0,0,0,0,0,0,0,0
1990,1,1,0,0,0,15,2593,0,0,0,1,0,0,0,0,0,0,0,0,0,0
1990,1,1,0,0,0,20,2140,0,0,0,3,0,0,0,0,0,0,0,0,0,0
1990,1,1,0,0,0,25,1498,0,0,0,1,0,0,0,0,0,0,0,0,0,0
1990,1,1,0,0,0,30,697,0,0,0,2,0,0,0,0,0,0,0,0,0,0
1990,1,1,0,0,0,35,707,0,0,0,2,0,0,0,0,0,0,0,0,0,0
1990,1,1,0,0,0,40,738,0,0,0,2,0,0,0,0,0,0,0,0,0,0
1990,1,1,0,0,0,45,797,0,0,0,3,0,0,0,0,0,0,0,0,0,0
1990,1,1,0,0,0,50,802,0,0,0,4,0,0,0,0,0,0,0,0,0,0
1990,1,1,0,0,0,55,610,0,0,0,8,0,0,0,0,0,0,0,0,0,0
1990,1,1,0,0,0,60,1027,0,0,0,26,0,0,0,0,0,0,0,0,0,0
1990,1,1,0,0,0,100,1,0,0,0,0,0,0,0,0,0,0,0,0,0,0
1990,1,1,0,0,1,0,0,0,0,0,0,0,0,0,0,0,0,0,0,0,0
1990,1,1,0,0,1,5,0,0,0,0,0,0,0,0,0,0,0,0,0,0,0
1990,1,1,0,0,1,10,0,0,0,0,0,0,0,0,0,0,0,0,0,0,0
1990,1,1,0,0,1,15,0,0,0,0,0,0,0,0,0,0,0,0,0,0,0
1990,1,1,0,0,1,20,0,0,0,0,0,0,0,0,0,0,0,0,0,0,0
1990,1,1,0,0,1,25,0,0,0,0,0,0,0,0,0,0,0,0,0,0,0
1990,1,1,0,0,1,30,0,0,0,0,0,0,0,0,0,0,0,0,0,0,0
1990,1,1,0,0,1,35,0,0,0,0,0,0,0,0,0,0,0,0,0,0,0
1990,1,1,0,0,1,40,0,0,0,0,0,0,0,0,0,0,0,0,0,0,0
1990,1,1,0,0,1,45,0,0,0,0,0,0,0,0,0,0,0,0,0,0,0
1990,1,1,0,0,1,50,0,0,0,0,0,0,0,0,0,0,0,0,0,0,0
1990,1,1,0,0,1,55,0,0,0,0,0,0,0,0,0,0,0,0,0,0,0
1990,1,1,0,0,1,60,0,0,0,0,0,0,0,0,0,0,0,0,0,0,0
1990,1,1,0,0,1,100,0,0,0,0,0,0,0,0,0,0,0,0,0,0,0
1990,1,1,0,1,0,0,100,100,34,0,21,21,1,1,1,1,0,0,0,0,0
1990,1,1,0,1,0,5,12,12,0,0,0,0,0,0,0,0,0,0,0,0,0
1990,1,1,0,1,0,10,10,10,4,0,0,0,0,0,0,0,0,3,0,0,0
1990,1,1,0,1,0,15,159,159,32,0,7,7,0,0,0,0,0,17,0,0,0
1990,1,1,0,1,0,20,489,489,48,0,5,5,0,0,0,0,0,39,0,0,0
1990,1,1,0,1,0,25,522,522,31,0,8,7,1,1,1,1,0,32,0,0,0
1990,1,1,0,1,0,30,256,256,14,0,10,9,0,0,0,0,0,21,0,0,0
1990,1,1,0,1,0,35,193,193,12,0,1,1,0,0,0,0,0,7,0,0,0
1990,1,1,0,1,0,40,154,154,10,0,8,8,2,2,2,2,0,4,0,0,0
1990,1,1,0,1,0,45,76,76,4,0,0,0,0,0,0,0,0,6,0,0,0
1990,1,1,0,1,0,50,45,45,5,0,2,1,0,0,0,0,0,1,0,0,0
1990,1,1,0,1,0,55,26,26,5,0,1,1,0,0,0,0,0,2,0,0,0
1990,1,1,0,1,0,60,23,23,5,0,0,0,0,0,0,0,0,0,0,0,0
1990,1,1,0,1,0,100,0,0,0,0,0,0,0,0,0,0,0,0,0,0,0
1990,1,1,0,1,1,0,0,0,0,0,0,0,0,0,0,0,0,0,0,0,0
1990,1,1,0,1,1,5,0,0,0,0,0,0,0,0,0,0,0,0,0,0,0
1990,1,1,0,1,1,10,0,0,0,0,0,0,0,0,0,0,0,0,0,0,0
1990,1,1,0,1,1,15,0,0,0,0,0,0,0,0,0,0,0,0,0,0,0
1990,1,1,0,1,1,20,0,0,0,0,0,0,0,0,0,0,0,0,0,0,0
1990,1,1,0,1,1,25,0,0,0,0,0,0,0,0,0,0,0,0,0,0,0
1990,1,1,0,1,1,30,0,0,0,0,0,0,0,0,0,0,0,0,0,0,0
1990,1,1,0,1,1,35,0,0,0,0,0,0,0,0,0,0,0,0,0,0,0
1990,1,1,0,1,1,40,0,0,0,0,0,0,0,0,0,0,0,0,0,0,0
1990,1,1,0,1,1,45,0,0,0,0,0,0,0,0,0,0,0,0,0,0,0
1990,1,1,0,1,1,50,0,0,0,0,0,0,0,0,0,0,0,0,0,0,0
1990,1,1,0,1,1,55,0,0,0,0,0,0,0,0,0,0,0,0,0,0,0
1990,1,1,0,1,1,60,0,0,0,0,0,0,0,0,0,0,0,0,0,0,0
1990,1,1,0,1,1,100,0,0,0,0,0,0,0,0,0,0,0,0,0,0,0
1990.5,1,0,0,0,0,0,4330,0,0,0,43,0,0,0,0,0,0,0,0,0,0
1990.5,1,0,0,0,0,5,3523,0,0,0,1,0,0,0,0,0,0,0,0,0,0
1990.5,1,0,0,0,0,10,3067,0,0,0,1,0,0,0,0,0,0,0,0,0,2
1990.5,1,0,0,0,0,15,2665,0,0,0,7,0,0,0,0,0,0,0,0,0,7
1990.5,1,0,0,0,0,20,2119,0,0,0,1,0,0,0,0,0,0,0,0,0,9
1990.5,1,0,0,0,0,25,1539,0,0,0,4,0,0,0,0,0,0,0,0,0,2
1990.5,1,0,0,0,0,30,686,0,0,0,2,0,0,0,0,0,0,0,0,0,0
1990.5,1,0,0,0,0,35,631,0,0,0,1,0,0,0,0,0,0,0,0,0,0
1990.5,1,0,0,0,0,40,586,0,0,0,10,0,0,0,0,0,0,0,0,0,0
1990.5,1,0,0,0,0,45,609,0,0,0,3,0,0,0,0,0,0,0,0,0,0
1990.5,1,0,0,0,0,50,623,0,0,0,2,0,0,0,0,0,0,0,0,0,0
1990.5,1,0,0,0,0,55,463,0,0,0,6,0,0,0,0,0,0,0,0,0,0
1990.5,1,0,0,0,0,60,627,0,0,0,24,0,0,0,0,0,0,0,0,0,0
1990.5,1,0,0,0,0,100,0,0,0,0,0,0,0,0,0,0,0,0,0,0,0
1990.5,1,0,0,0,1,0,0,0,0,0,0,0,0,0,0,0,0,0,0,0,0
1990.5,1,0,0,0,1,5,0,0,0,0,0,0,0,0,0,0,0,0,0,0,0
1990.5,1,0,0,0,1,10,0,0,0,0,0,0,0,0,0,0,0,0,0,0,0
1990.5,1,0,0,0,1,15,0,0,0,0,0,0,0,0,0,0,0,0,0,0,0
1990.5,1,0,0,0,1,20,0,0,0,0,0,0,0,0,0,0,0,0,0,0,0
1990.5,1,0,0,0,1,25,0,0,0,0,0,0,0,0,0,0,0,0,0,0,0
1990.5,1,0,0,0,1,30,0,0,0,0,0,0,0,0,0,0,0,0,0,0,0
1990.5,1,0,0,0,1,35,0,0,0,0,0,0,0,0,0,0,0,0,0,0,0
1990.5,1,0,0,0,1,40,0,0,0,0,0,0,0,0,0,0,0,0,0,0,0
1990.5,1,0,0,0,1,45,0,0,0,0,0,0,0,0,0,0,0,0,0,0,0
1990.5,1,0,0,0,1,50,0,0,0,0,0,0,0,0,0,0,0,0,0,0,0
1990.5,1,0,0,0,1,55,0,0,0,0,0,0,0,0,0,0,0,0,0,0,0
1990.5,1,0,0,0,1,60,0,0,0,0,0,0,0,0,0,0,0,0,0,0,0
1990.5,1,0,0,0,1,100,0,0,0,0,0,0,0,0,0,0,0,0,0,0,0
1990.5,1,0,0,1,0,0,119,119,41,0,26,23,5,5,5,5,0,0,0,0,0
1990.5,1,0,0,1,0,5,20,20,0,0,0,0,0,0,0,0,0,0,0,0,0
1990.5,1,0,0,1,0,10,0,0,0,0,0,0,0,0,0,0,0,0,0,0,0
1990.5,1,0,0,1,0,15,59,59,16,0,0,0,0,0,0,0,0,7,0,0,0
1990.5,1,0,0,1,0,20,204,204,23,0,6,4,0,0,0,0,0,30,0,0,1
1990.5,1,0,0,1,0,25,369,369,22,0,2,2,3,3,3,4,0,47,0,0,2
1990.5,1,0,0,1,0,30,219,219,12,0,10,10,5,5,5,4,0,20,0,0,0
1990.5,1,0,0,1,0,35,160,160,5,0,4,4,1,1,1,1,0,13,0,0,0
1990.5,1,0,0,1,0,40,142,142,8,0,1,1,5,5,5,5,0,16,0,0,0
1990.5,1,0,0,1,0,45,71,71,5,0,3,3,0,0,0,0,0,12,0,0,0
1990.5,1,0,0,1,0,50,42,42,4,0,3,2,1,1,1,1,0,3,0,0,0
1990.5,1,0,0,1,0,55,28,28,1,0,1,1,1,1,1,0,0,0,0,0,0
1990.5,1,0,0,1,0,60,26,26,3,0,0,0,1,1,1,1,0,9,0,0,0
1990.5,1,0,0,1,0,100,0,0,0,0,0,0,0,0,0,0,0,0,0,0,0
1990.5,1,0,0,1,1,0,0,0,0,0,0,0,0,0,0,0,0,0,0,0,0
1990.5,1,0,0,1,1,5,0,0,0,0,0,0,0,0,0,0,0,0,0,0,0
1990.5,1,0,0,1,1,10,0,0,0,0,0,0,0,0,0,0,0,0,0,0,0
1990.5,1,0,0,1,1,15,0,0,0,0,0,0,0,0,0,0,0,0,0,0,0
1990.5,1,0,0,1,1,20,0,0,0,0,0,0,0,0,0,0,0,0,0,0,0
1990.5,1,0,0,1,1,25,0,0,0,0,0,0,0,0,0,0,0,0,0,0,0
1990.5,1,0,0,1,1,30,0,0,0,0,0,0,0,0,0,0,0,0,0,0,0
1990.5,1,0,0,1,1,35,0,0,0,0,0,0,0,0,0,0,0,0,0,0,0
1990.5,1,0,0,1,1,40,0,0,0,0,0,0,0,0,0,0,0,0,0,0,0
1990.5,1,0,0,1,1,45,0,0,0,0,0,0,0,0,0,0,0,0,0,0,0
1990.5,1,0,0,1,1,50,0,0,0,0,0,0,0,0,0,0,0,0,0,0,0
1990.5,1,0,0,1,1,55,0,0,0,0,0,0,0,0,0,0,0,0,0,0,0
1990.5,1,0,0,1,1,60,0,0,0,0,0,0,0,0,0,0,0,0,0,0,0
1990.5,1,0,0,1,1,100,0,0,0,0,0,0,0,0,0,0,0,0,0,0,0
1990.5,1,0,1,0,0,0,0,0,0,0,0,0,0,0,0,0,0,0,0,0,0
1990.5,1,0,1,0,0,5,0,0,0,0,0,0,0,0,0,0,0,0,0,0,0
1990.5,1,0,1,0,0,10,10,0,0,0,0,0,0,0,0,0,0,0,0,0,0
1990.5,1,0,1,0,0,15,63,0,0,0,0,0,0,0,0,0,0,0,0,0,0
1990.5,1,0,1,0,0,20,149,0,0,0,0,0,0,0,0,0,0,0,0,0,0
1990.5,1,0,1,0,0,25,167,0,0,0,0,0,0,0,0,0,0,0,0,0,0
1990.5,1,0,1,0,0,30,72,0,0,0,0,0,0,0,0,0,0,0,0,0,0
1990.5,1,0,1,0,0,35,52,0,0,0,0,0,0,0,0,0,0,0,0,0,0
1990.5,1,0,1,0,0,40,49,0,0,0,0,0,0,0,0,0,0,0,0,0,0
1990.5,1,0,1,0,0,45,61,0,0,0,0,0,0,0,0,0,0,0,0,0,0
1990.5,1,0,1,0,0,50,57,0,0,0,0,0,0,0,0,0,0,0,0,0,0
1990.5,1,0,1,0,0,55,48,0,0,0,0,0,0,0,0,0,0,0,0,0,0
1990.5,1,0,1,0,0,60,62,0,0,0,0,0,0,0,0,0,0,0,0,0,0
1990.5,1,0,1,0,0,100,0,0,0,0,0,0,0,0,0,0,0,0,0,0,0
1990.5,1,0,1,0,1,0,0,0,0,0,0,0,0,0,0,0,0,0,0,0,0
1990.5,1,0,1,0,1,5,0,0,0,0,0,0,0,0,0,0,0,0,0,0,0
1990.5,1,0,1,0,1,10,0,0,0,0,0,0,0,0,0,0,0,0,0,0,0
1990.5,1,0,1,0,1,15,0,0,0,0,0,0,0,0,0,0,0,0,0,0,0
1990.5,1,0,1,0,1,20,0,0,0,0,0,0,0,0,0,0,0,0,0,0,0
1990.5,1,0,1,0,1,25,0,0,0,0,0,0,0,0,0,0,0,0,0,0,0
1990.5,1,0,1,0,1,30,0,0,0,0,0,0,0,0,0,0,0,0,0,0,0
1990.5,1,0,1,0,1,35,0,0,0,0,0,0,0,0,0,0,0,0,0,0,0
1990.5,1,0,1,0,1,40,0,0,0,0,0,0,0,0,0,0,0,0,0,0,0
1990.5,1,0,1,0,1,45,0,0,0,0,0,0,0,0,0,0,0,0,0,0,0
1990.5,1,0,1,0,1,50,0,0,0,0,0,0,0,0,0,0,0,0,0,0,0
1990.5,1,0,1,0,1,55,0,0,0,0,0,0,0,0,0,0,0,0,0,0,0
1990.5,1,0,1,0,1,60,0,0,0,0,0,0,0,0,0,0,0,0,0,0,0
1990.5,1,0,1,0,1,100,0,0,0,0,0,0,0,0,0,0,0,0,0,0,0
1990.5,1,0,1,1,0,0,0,0,0,0,0,0,0,0,0,0,0,0,0,0,0
1990.5,1,0,1,1,0,5,0,0,0,0,0,0,0,0,0,0,0,0,0,0,0
1990.5,1,0,1,1,0,10,0,0,0,0,0,0,0,0,0,0,0,0,0,0,0
1990.5,1,0,1,1,0,15,0,0,0,0,0,0,0,0,0,0,0,0,0,0,0
1990.5,1,0,1,1,0,20,10,10,0,0,0,0,0,0,0,0,0,1,0,0,0
1990.5,1,0,1,1,0,25,32,32,3,0,0,0,1,1,1,1,0,8,0,0,0
1990.5,1,0,1,1,0,30,16,16,1,0,0,0,0,0,0,0,0,4,0,0,0
1990.5,1,0,1,1,0,35,12,12,0,0,0,0,1,1,1,1,0,1,0,0,0
1990.5,1,0,1,1,0,40,14,14,1,0,0,0,0,0,0,0,0,3,0,0,0
1990.5,1,0,1,1,0,45,7,7,0,0,0,0,0,0,0,0,0,0,0,0,0
1990.5,1,0,1,1,0,50,8,8,2,0,0,0,0,0,0,0,0,0,0,0,0
1990.5,1,0,1,1,0,55,1,1,0,0,0,0,0,0,0,0,0,0,0,0,0
1990.5,1,0,1,1,0,60,1,1,0,0,0,0,0,0,0,0,0,0,0,0,0
1990.5,1,0,1,1,0,100,0,0,0,0,0,0,0,0,0,0,0,0,0,0,0
1990.5,1,0,1,1,1,0,0,0,0,0,0,0,0,0,0,0,0,0,0,0,0
1990.5,1,0,1,1,1,5,0,0,0,0,0,0,0,0,0,0,0,0,0,0,0
1990.5,1,0,1,1,1,10,0,0,0,0,0,0,0,0,0,0,0,0,0,0,0
1990.5,1,0,1,1,1,15,0,0,0,0,0,0,0,0,0,0,0,0,0,0,0
1990.5,1,0,1,1,1,20,0,0,0,0,0,0,0,0,0,0,0,0,0,0,0
1990.5,1,0,1,1,1,25,0,0,0,0,0,0,0,0,0,0,0,0,0,0,0
1990.5,1,0,1,1,1,30,0,0,0,0,0,0,0,0,0,0,0,0,0,0,0
1990.5,1,0,1,1,1,35,0,0,0,0,0,0,0,0,0,0,0,0,0,0,0
1990.5,1,0,1,1,1,40,0,0,0,0,0,0,0,0,0,0,0,0,0,0,0
1990.5,1,0,1,1,1,45,0,0,0,0,0,0,0,0,0,0,0,0,0,0,0
1990.5,1,0,1,1,1,50,0,0,0,0,0,0,0,0,0,0,0,0,0,0,0
1990.5,1,0,1,1,1,55,0,0,0,0,0,0,0,0,0,0,0,0,0,0,0
1990.5,1,0,1,1,1,60,0,0,0,0,0,0,0,0,0,0,0,0,0,0,0
1990.5,1,0,1,1,1,100,0,0,0,0,0,0,0,0,0,0,0,0,0,0,0
1990.5,1,1,0,0,0,0,4405,0,0,0,25,0,0,0,0,0,0,0,0,0,0
1990.5,1,1,0,0,0,5,3811,0,0,0,4,0,0,0,0,0,0,0,0,0,0
1990.5,1,1,0,0,0,10,3195,0,0,0,1,0,0,0,0,0,0,0,0,0,0
1990.5,1,1,0,0,0,15,2615,0,0,0,5,0,0,0,0,0,0,0,0,0,0
1990.5,1,1,0,0,0,20,2125,0,0,0,1,0,0,0,0,0,0,0,0,0,0
1990.5,1,1,0,0,0,25,1574,0,0,0,6,0,0,0,0,0,0,0,0,0,0
1990.5,1,1,0,0,0,30,694,0,0,0,0,0,0,0,0,0,0,0,0,0,0
1990.5,1,1,0,0,0,35,687,0,0,0,1,0,0,0,0,0,0,0,0,0,0
1990.5,1,1,0,0,0,40,702,0,0,0,0,0,0,0,0,0,0,0,0,0,0
1990.5,1,1,0,0,0,45,796,0,0,0,6,0,0,0,0,0,0,0,0,0,0
1990.5,1,1,0,0,0,50,805,0,0,0,5,0,0,0,0,0,0,0,0,0,0
1990.5,1,1,0,0,0,55,632,0,0,0,4,0,0,0,0,0,0,0,0,0,0
1990.5,1,1,0,0,0,60,1045,0,0,0,25,0,0,0,0,0,0,0,0,0,0
1990.5,1,1,0,0,0,100,0,0,0,0,1,0,0,0,0,0,0,0,0,0,0
1990.5,1,1,0,0,1,0,0,0,0,0,0,0,0,0,0,0,0,0,0,0,0
1990.5,1,1,0,0,1,5,0,0,0,0,0,0,0,0,0,0,0,0,0,0,0
1990.5,1,1,0,0,1,10,0,0,0,0,0,0,0,0,0,0,0,0,0,0,0
1990.5,1,1,0,0,1,15,0,0,0,0,0,0,0,0,0,0,0,0,0,0,0
1990.5,1,1,0,0,1,20,0,0,0,0,0,0,0,0,0,0,0,0,0,0,0
1990.5,1,1,0,0,1,25,0,0,0,0,0,0,0,0,0,0,0,0,0,0,0
1990.5,1,1,0,0,1,30,0,0,0,0,0,0,0,0,0,0,0,0,0,0,0
1990.5,1,1,0,0,1,35,0,0,0,0,0,0,0,0,0,0,0,0,0,0,0
1990.5,1,1,0,0,1,40,0,0,0,0,0,0,0,0,0,0,0,0,0,0,0
1990.5,1,1,0,0,1,45,0,0,0,0,0,0,0,0,0,0,0,0,0,0,0
1990.5,1,1,0,0,1,50,0,0,0,0,0,0,0,0,0,0,0,0,0,0,0
1990.5,1,1,0,0,1,55,0,0,0,0,0,0,0,0,0,0,0,0,0,0,0
1990.5,1,1,0,0,1,60,0,0,0,0,0,0,0,0,0,0,0,0,0,0,0
1990.5,1,1,0,0,1,100,0,0,0,0,0,0,0,0,0,0,0,0,0,0,0
1990.5,1,1,0,1,0,0,110,110,33,0,17,14,7,7,7,6,0,0,0,0,0
1990.5,1,1,0,1,0,5,17,17,0,0,0,0,0,0,0,0,0,0,0,0,0
1990.5,1,1,0,1,0,10,11,11,7,0,3,3,1,1,1,1,0,5,0,0,0
1990.5,1,1,0,1,0,15,164,164,34,0,2,2,0,0,0,0,0,21,0,0,0
1990.5,1,1,0,1,0,20,486,486,44,0,2,2,1,1,1,1,0,31,0,0,0
1990.5,1,1,0,1,0,25,589,589,34,0,9,9,1,1,1,1,0,20,0,0,0
1990.5,1,1,0,1,0,30,278,278,12,0,4,4,1,1,1,1,0,11,0,0,0
1990.5,1,1,0,1,0,35,205,205,19,0,5,4,2,2,2,3,0,4,0,0,0
1990.5,1,1,0,1,0,40,169,169,9,0,5,4,5,5,5,3,0,7,0,0,0
1990.5,1,1,0,1,0,45,81,81,5,0,7,5,1,1,1,1,0,3,0,0,0
1990.5,1,1,0,1,0,50,48,48,3,0,1,0,0,0,0,0,0,3,0,0,0
1990.5,1,1,0,1,0,55,27,27,1,0,2,1,0,0,0,0,0,0,0,0,0
1990.5,1,1,0,1,0,60,28,28,6,0,2,2,0,0,0,0,0,1,0,0,0
1990.5,1,1,0,1,0,100,0,0,0,0,0,0,0,0,0,0,0,0,0,0,0
1990.5,1,1,0,1,1,0,0,0,0,0,0,0,0,0,0,0,0,0,0,0,0
1990.5,1,1,0,1,1,5,0,0,0,0,0,0,0,0,0,0,0,0,0,0,0
1990.5,1,1,0,1,1,10,0,0,0,0,0,0,0,0,0,0,0,0,0,0,0
1990.5,1,1,0,1,1,15,0,0,0,0,0,0,0,0,0,0,0,0,0,0,0
1990.5,1,1,0,1,1,20,0,0,0,0,0,0,0,0,0,0,0,0,0,0,0
1990.5,1,1,0,1,1,25,0,0,0,0,0,0,0,0,0,0,0,0,0,0,0
1990.5,1,1,0,1,1,30,0,0,0,0,0,0,0,0,0,0,0,0,0,0,0
1990.5,1,1,0,1,1,35,0,0,0,0,0,0,0,0,0,0,0,0,0,0,0
1990.5,1,1,0,1,1,40,0,0,0,0,0,0,0,0,0,0,0,0,0,0,0
1990.5,1,1,0,1,1,45,0,0,0,0,0,0,0,0,0,0,0,0,0,0,0
1990.5,1,1,0,1,1,50,0,0,0,0,0,0,0,0,0,0,0,0,0,0,0
1990.5,1,1,0,1,1,55,0,0,0,0,0,0,0,0,0,0,0,0,0,0,0
1990.5,1,1,0,1,1,60,0,0,0,0,0,0,0,0,0,0,0,0,0,0,0
1990.5,1,1,0,1,1,100,0,0,0,0,0,0,0,0,0,0,0,0,0,0,0
1991,1,0,0,0,0,0,4302,0,0,0,24,0,0,0,0,0,0,0,0,0,0
1991,1,0,0,0,0,5,3631,0,0,0,2,0,0,0,0,0,0,0,0,0,1
1991,1,0,0,0,0,10,3104,0,0,0,4,0,0,0,0,0,0,0,0,0,1
1991,1,0,0,0,0,15,2679,0,0,0,4,0,0,0,0,0,0,0,0,0,5
1991,1,0,0,0,0,20,2113,0,0,0,8,0,0,0,0,0,0,0,0,0,12
1991,1,0,0,0,0,25,1569,0,0,0,1,0,0,0,0,0,0,0,0,0,3
1991,1,0,0,0,0,30,734,0,0,0,2,0,0,0,0,0,0,0,0,0,0
1991,1,0,0,0,0,35,644,0,0,0,2,0,0,0,0,0,0,0,0,0,0
1991,1,0,0,0,0,40,561,0,0,0,2,0,0,0,0,0,0,0,0,0,0
1991,1,0,0,0,0,45,592,0,0,0,0,0,0,0,0,0,0,0,0,0,0
1991,1,0,0,0,0,50,618,0,0,0,4,0,0,0,0,0,0,0,0,0,0
1991,1,0,0,0,0,55,467,0,0,0,9,0,0,0,0,0,0,0,0,0,0
1991,1,0,0,0,0,60,650,0,0,0,19,0,0,0,0,0,0,0,0,0,0
1991,1,0,0,0,0,100,0,0,0,0,0,0,0,0,0,0,0,0,0,0,0
1991,1,0,0,0,1,0,0,0,0,0,0,0,0,0,0,0,0,0,0,0,0
1991,1,0,0,0,1,5,0,0,0,0,0,0,0,0,0,0,0,0,0,0,0
1991,1,0,0,0,1,10,0,0,0,0,0,0,0,0,0,0,0,0,0,0,0
1991,1,0,0,0,1,15,0,0,0,0,0,0,0,0,0,0,0,0,0,0,0
1991,1,0,0,0,1,20,0,0,0,0,0,0,0,0,0,0,0,0,0,0,0
1991,1,0,0,0,1,25,0,0,0,0,0,0,0,0,0,0,0,0,0,0,0
1991,1,0,0,0,1,30,0,0,0,0,0,0,0,0,0,0,0,0,0,0,0
1991,1,0,0,0,1,35,0,0,0,0,0,0,0,0,0,0,0,0,0,0,0
1991,1,0,0,0,1,40,0,0,0,0,0,0,0,0,0,0,0,0,0,0,0
1991,1,0,0,0,1,45,0,0,0,0,0,0,0,0,0,0,0,0,0,0,0
1991,1,0,0,0,1,50,0,0,0,0,0,0,0,0,0,0,0,0,0,0,0
1991,1,0,0,0,1,55,0,0,0,0,0,0,0,0,0,0,0,0,0,0,0
1991,1,0,0,0,1,60,0,0,0,0,0,0,0,0,0,0,0,0,0,0,0
1991,1,0,0,0,1,100,0,0,0,0,0,0,0,0,0,0,0,0,0,0,0
1991,1,0,0,1,0,0,127,127,36,0,21,18,4,4,4,4,0,0,0,0,0
1991,1,0,0,1,0,5,26,26,0,0,0,0,0,0,0,0,0,0,0,0,0
1991,1,0,0,1,0,10,0,0,0,0,0,0,0,0,0,0,0,0,0,0,0
1991,1,0,0,1,0,15,55,55,13,0,0,0,0,0,0,0,0,11,0,0,0
1991,1,0,0,1,0,20,225,225,32,0,2,2,2,2,2,2,0,36,0,0,1
1991,1,0,0,1,0,25,377,377,31,0,3,3,5,5,5,3,0,51,0,0,0
1991,1,0,0,1,0,30,248,248,11,0,5,4,7,7,7,1,0,29,0,0,0
1991,1,0,0,1,0,35,170,170,8,0,7,7,1,1,1,1,0,17,0,0,0
1991,1,0,0,1,0,40,143,143,5,0,5,3,6,6,6,1,0,12,0,0,0
1991,1,0,0,1,0,45,80,80,6,0,3,1,0,0,0,0,0,8,0,0,0
1991,1,0,0,1,0,50,48,48,4,0,0,0,2,2,2,2,0,8,0,0,0
1991,1,0,0,1,0,55,36,36,8,0,2,2,1,2,2,1,0,0,0,0,0
1991,1,0,0,1,0,60,27,27,5,0,4,4,2,2,2,1,0,7,0,0,0
1991,1,0,0,1,0,100,0,0,0,0,0,0,0,0,0,0,0,0,0,0,0
1991,1,0,0,1,1,0,0,0,0,0,0,0,0,0,0,0,0,0,0,0,0
1991,1,0,0,1,1,5,0,0,0,0,0,0,0,0,0,0,0,0,0,0,0
1991,1,0,0,1,1,10,0,0,0,0,0,0,0,0,0,0,0,0,0,0,0
1991,1,0,0,1,1,15,0,0,0,0,0,0,0,0,0,0,0,0,0,0,0
1991,1,0,0,1,1,20,0,0,0,0,0,0,0,0,0,0,0,0,0,0,0
1991,1,0,0,1,1,25,0,0,0,0,0,0,0,0,0,0,0,0,0,0,0
1991,1,0,0,1,1,30,0,0,0,0,0,0,0,0,0,0,0,0,0,0,0
1991,1,0,0,1,1,35,0,0,0,0,0,0,0,0,0,0,0,0,0,0,0
1991,1,0,0,1,1,40,0,0,0,0,0,0,0,0,0,0,0,0,0,0,0
1991,1,0,0,1,1,45,0,0,0,0,0,0,0,0,0,0,0,0,0,0,0
1991,1,0,0,1,1,50,0,0,0,0,0,0,0,0,0,0,0,0,0,0,0
1991,1,0,0,1,1,55,0,0,0,0,0,0,0,0,0,0,0,0,0,0,0
1991,1,0,0,1,1,60,0,0,0,0,0,0,0,0,0,0,0,0,0,0,0
1991,1,0,0,1,1,100,0,0,0,0,0,0,0,0,0,0,0,0,0,0,0
1991,1,0,1,0,0,0,0,0,0,0,0,0,0,0,0,0,0,0,0,0,0
1991,1,0,1,0,0,5,1,0,0,0,0,0,0,0,0,0,0,0,0,0,0
1991,1,0,1,0,0,10,9,0,0,0,0,0,0,0,0,0,0,0,0,0,0
1991,1,0,1,0,0,15,57,0,0,0,0,0,0,0,0,0,0,0,0,0,0
1991,1,0,1,0,0,20,157,0,0,0,1,0,0,0,0,0,0,0,0,0,0
1991,1,0,1,0,0,25,161,0,0,0,1,0,0,0,0,0,0,0,0,0,0
1991,1,0,1,0,0,30,85,0,0,0,0,0,0,0,0,0,0,0,0,0,0
1991,1,0,1,0,0,35,52,0,0,0,0,0,0,0,0,0,0,0,0,0,0
1991,1,0,1,0,0,40,51,0,0,0,1,0,0,0,0,0,0,0,0,0,0
1991,1,0,1,0,0,45,59,0,0,0,2,0,0,0,0,0,0,0,0,0,0
1991,1,0,1,0,0,50,54,0,0,0,0,0,0,0,0,0,0,0,0,0,0
1991,1,0,1,0,0,55,49,0,0,0,0,0,0,0,0,0,0,0,0,0,0
1991,1,0,1,0,0,60,67,0,0,0,0,0,0,0,0,0,0,0,0,0,0
1991,1,0,1,0,0,100,0,0,0,0,0,0,0,0,0,0,0,0,0,0,0
1991,1,0,1,0,1,0,0,0,0,0,0,0,0,0,0,0,0,0,0,0,0
1991,1,0,1,0,1,5,0,0,0,0,0,0,0,0,0,0,0,0,0,0,0
1991,1,0,1,0,1,10,0,0,0,0,0,0,0,0,0,0,0,0,0,0,0
1991,1,0,1,0,1,15,0,0,0,0,0,0,0,0,0,0,0,0,0,0,0
1991,1,0,1,0,1,20,0,0,0,0,0,0,0,0,0,0,0,0,0,0,0
1991,1,0,1,0,1,25,0,0,0,0,0,0,0,0,0,0,0,0,0,0,0
1991,1,0,1,0,1,30,0,0,0,0,0,0,0,0,0,0,0,0,0,0,0
1991,1,0,1,0,1,35,0,0,0,0,0,0,0,0,0,0,0,0,0,0,0
1991,1,0,1,0,1,40,0,0,0,0,0,0,0,0,0,0,0,0,0,0,0
1991,1,0,1,0,1,45,0,0,0,0,0,0,0,0,0,0,0,0,0,0,0
1991,1,0,1,0,1,50,0,0,0,0,0,0,0,0,0,0,0,0,0,0,0
1991,1,0,1,0,1,55,0,0,0,0,0,0,0,0,0,0,0,0,0,0,0
1991,1,0,1,0,1,60,0,0,0,0,0,0,0,0,0,0,0,0,0,0,0
1991,1,0,1,0,1,100,0,0,0,0,0,0,0,0,0,0,0,0,0,0,0
1991,1,0,1,1,0,0,0,0,0,0,0,0,0,0,0,0,0,0,0,0,0
1991,1,0,1,1,0,5,0,0,0,0,0,0,0,0,0,0,0,0,0,0,0
1991,1,0,1,1,0,10,0,0,0,0,0,0,0,0,0,0,0,0,0,0,0
1991,1,0,1,1,0,15,0,0,0,0,0,0,0,0,0,0,0,0,0,0,0
1991,1,0,1,1,0,20,13,13,3,0,0,0,0,0,0,0,0,2,0,0,0
1991,1,0,1,1,0,25,26,26,1,0,2,2,1,1,1,0,0,1,0,0,0
1991,1,0,1,1,0,30,21,21,0,0,0,0,0,0,0,0,0,0,0,0,0
1991,1,0,1,1,0,35,11,11,0,0,0,0,0,0,0,0,0,0,0,0,0
1991,1,0,1,1,0,40,17,17,1,0,1,1,1,1,1,0,0,1,0,0,0
1991,1,0,1,1,0,45,6,6,0,0,0,0,0,0,0,0,0,0,0,0,0
1991,1,0,1,1,0,50,10,10,1,0,0,0,0,0,0,0,0,1,0,0,0
1991,1,0,1,1,0,55,1,1,0,0,0,0,0,0,0,0,0,0,0,0,0
1991,1,0,1,1,0,60,1,1,0,0,0,0,0,0,0,0,0,0,0,0,0
1991,1,0,1,1,0,100,0,0,0,0,0,0,0,0,0,0,0,0,0,0,0
1991,1,0,1,1,1,0,0,0,0,0,0,0,0,0,0,0,0,0,0,0,0
1991,1,0,1,1,1,5,0,0,0,0,0,0,0,0,0,0,0,0,0,0,0
1991,1,0,1,1,1,10,0,0,0,0,0,0,0,0,0,0,0,0,0,0,0
1991,1,0,1,1,1,15,0,0,0,0,0,0,0,0,0,0,0,0,0,0,0
1991,1,0,1,1,1,20,0,0,0,0,0,0,0,0,0,0,0,0,0,0,0
1991,1,0,1,1,1,25,0,0,0,0,0,0,0,0,0,0,0,0,0,0,0
1991,1,0,1,1,1,30,0,0,0,0,0,0,0,0,0,0,0,0,0,0,0
1991,1,0,1,1,1,35,0,0,0,0,0,0,0,0,0,0,0,0,0,0,0
1991,1,0,1,1,1,40,0,0,0,0,0,0,0,0,0,0,0,0,0,0,0
1991,1,0,1,1,1,45,0,0,0,0,0,0,0,0,0,0,0,0,0,0,0
1991,1,0,1,1,1,50,0,0,0,0,0,0,0,0,0,0,0,0,0,0,0
1991,1,0,1,1,1,55,0,0,0,0,0,0,0,0,0,0,0,0,0,0,0
1991,1,0,1,1,1,60,0,0,0,0,0,0,0,0,0,0,0,0,0,0,0
1991,1,0,1,1,1,100,0,0,0,0,0,0,0,0,0,0,0,0,0,0,0
1991,1,1,0,0,0,0,4463,0,0,0,30,0,0,0,0,0,0,0,0,0,0
1991,1,1,0,0,0,5,3835,0,0,0,2,0,0,0,0,0,0,0,0,0,0
1991,1,1,0,0,0,10,3275,0,0,0,1,0,0,0,0,0,0,0,0,0,0
1991,1,1,0,0,0,15,2614,0,0,0,0,0,0,0,0,0,0,0,0,0,0
1991,1,1,0,0,0,20,2133,0,0,0,3,0,0,0,0,0,0,0,0,0,0
1991,1,1,0,0,0,25,1563,0,0,0,2,0,0,0,0,0,0,0,0,0,0
1991,1,1,0,0,0,30,762,0,0,0,4,0,0,0,0,0,0,0,0,0,0
1991,1,1,0,0,0,35,673,0,0,0,3,0,0,0,0,0,0,0,0,0,0
1991,1,1,0,0,0,40,686,0,0,0,1,0,0,0,0,0,0,0,0,0,0
1991,1,1,0,0,0,45,780,0,0,0,6,0,0,0,0,0,0,0,0,0,0
1991,1,1,0,0,0,50,802,0,0,0,5,0,0,0,0,0,0,0,0,0,0
1991,1,1,0,0,0,55,629,0,0,0,8,0,0,0,0,0,0,0,0,0,0
1991,1,1,0,0,0,60,1085,0,0,0,23,0,0,0,0,0,0,0,0,0,0
1991,1,1,0,0,0,100,0,0,0,0,0,0,0,0,0,0,0,0,0,0,0
1991,1,1,0,0,1,0,0,0,0,0,0,0,0,0,0,0,0,0,0,0,0
1991,1,1,0,0,1,5,0,0,0,0,0,0,0,0,0,0,0,0,0,0,0
1991,1,1,0,0,1,10,0,0,0,0,0,0,0,0,0,0,0,0,0,0,0
1991,1,1,0,0,1,15,0,0,0,0,0,0,0,0,0,0,0,0,0,0,0
1991,1,1,0,0,1,20,0,0,0,0,0,0,0,0,0,0,0,0,0,0,0
1991,1,1,0,0,1,25,0,0,0,0,0,0,0,0,0,0,0,0,0,0,0
1991,1,1,0,0,1,30,0,0,0,0,0,0,0,0,0,0,0,0,0,0,0
1991,1,1,0,0,1,35,0,0,0,0,0,0,0,0,0,0,0,0,0,0,0
1991,1,1,0,0,1,40,0,0,0,0,0,0,0,0,0,0,0,0,0,0,0
1991,1,1,0,0,1,45,0,0,0,0,0,0,0,0,0,0,0,0,0,0,0
1991,1,1,0,0,1,50,0,0,0,0,0,0,0,0,0,0,0,0,0,0,0
1991,1,1,0,0,1,55,0,0,0,0,0,0,0,0,0,0,0,0,0,0,0
1991,1,1,0,0,1,60,0,0,0,0,0,0,0,0,0,0,0,0,0,0,0
1991,1,1,0,0,1,100,0,0,0,0,0,0,0,0,0,0,0,0,0,0,0
1991,1,1,0,1,0,0,117,117,32,0,18,16,3,4,4,1,0,0,0,0,0
1991,1,1,0,1,0,5,24,24,0,0,1,1,1,1,1,0,0,0,0,0,0
1991,1,1,0,1,0,10,11,11,10,0,3,3,0,0,0,0,0,5,0,0,0
1991,1,1,0,1,0,15,181,181,42,0,3,3,0,0,0,0,0,29,0,0,0
1991,1,1,0,1,0,20,497,497,42,0,5,5,1,1,1,0,0,30,0,0,0
1991,1,1,0,1,0,25,604,604,39,0,15,14,5,5,5,4,0,25,0,0,0
1991,1,1,0,1,0,30,336,336,17,0,4,4,4,4,4,4,0,9,0,0,0
1991,1,1,0,1,0,35,210,210,10,0,8,8,3,3,3,0,0,13,0,0,0
1991,1,1,0,1,0,40,166,166,5,0,9,9,4,6,6,1,0,7,0,0,0
1991,1,1,0,1,0,45,90,90,7,0,4,4,2,2,2,2,0,8,0,0,0
1991,1,1,0,1,0,50,65,65,8,0,2,2,1,1,1,1,0,3,0,0,0
1991,1,1,0,1,0,55,25,25,1,0,2,2,1,1,1,0,0,0,0,0,0
1991,1,1,0,1,0,60,32,32,3,0,2,2,0,0,0,0,0,0,0,0,0
1991,1,1,0,1,0,100,0,0,0,0,0,0,0,0,0,0,0,0,0,0,0
1991,1,1,0,1,1,0,0,0,0,0,0,0,0,0,0,0,0,0,0,0,0
1991,1,1,0,1,1,5,0,0,0,0,0,0,0,0,0,0,0,0,0,0,0
1991,1,1,0,1,1,10,0,0,0,0,0,0,0,0,0,0,0,0,0,0,0
1991,1,1,0,1,1,15,0,0,0,0,0,0,0,0,0,0,0,0,0,0,0
1991,1,1,0,1,1,20,0,0,0,0,0,0,0,0,0,0,0,0,0,0,0
1991,1,1,0,1,1,25,0,0,0,0,0,0,0,0,0,0,0,0,0,0,0
1991,1,1,0,1,1,30,0,0,0,0,0,0,0,0,0,0,0,0,0,0,0
1991,1,1,0,1,1,35,0,0,0,0,0,0,0,0,0,0,0,0,0,0,0
1991,1,1,0,1,1,40,0,0,0,0,0,0,0,0,0,0,0,0,0,0,0
1991,1,1,0,1,1,45,0,0,0,0,0,0,0,0,0,0,0,0,0,0,0
1991,1,1,0,1,1,50,0,0,0,0,0,0,0,0,0,0,0,0,0,0,0
1991,1,1,0,1,1,55,0,0,0,0,0,0,0,0,0,0,0,0,0,0,0
1991,1,1,0,1,1,60,0,0,0,0,0,0,0,0,0,0,0,0,0,0,0
1991,1,1,0,1,1,100,0,0,0,0,0,0,0,0,0,0,0,0,0,0,0
1991.5,1,0,0,0,0,0,4351,0,0,0,35,0,0,0,0,0,0,0,0,0,0
1991.5,1,0,0,0,0,5,3710,0,0,0,2,0,0,0,0,0,0,0,0,0,0
1991.5,1,0,0,0,0,10,3135,0,0,0,0,0,0,0,0,0,0,0,0,0,2
1991.5,1,0,0,0,0,15,2693,0,0,0,1,0,0,0,0,0,0,0,0,0,6
1991.5,1,0,0,0,0,20,2120,0,0,0,5,0,0,0,0,0,0,0,0,0,13
1991.5,1,0,0,0,0,25,1564,0,0,0,6,0,0,0,0,0,0,0,0,0,10
1991.5,1,0,0,0,0,30,806,0,0,0,1,0,0,0,0,0,0,0,0,0,0
1991.5,1,0,0,0,0,35,638,0,0,0,2,0,0,0,0,0,0,0,0,0,0
1991.5,1,0,0,0,0,40,552,0,0,0,3,0,0,0,0,0,0,0,0,0,0
1991.5,1,0,0,0,0,45,586,0,0,0,2,0,0,0,0,0,0,0,0,0,0
1991.5,1,0,0,0,0,50,605,0,0,0,6,0,0,0,0,0,0,0,0,0,0
1991.5,1,0,0,0,0,55,465,0,0,0,6,0,0,0,0,0,0,0,0,0,0
1991.5,1,0,0,0,0,60,682,0,0,0,20,0,0,0,0,0,0,0,0,0,0
1991.5,1,0,0,0,0,100,0,0,0,0,0,0,0,0,0,0,0,0,0,0,0
1991.5,1,0,0,0,1,0,0,0,0,0,0,0,0,0,0,0,0,0,0,0,0
1991.5,1,0,0,0,1,5,0,0,0,0,0,0,0,0,0,0,0,0,0,0,0
1991.5,1,0,0,0,1,10,0,0,0,0,0,0,0,0,0,0,0,0,0,0,0
1991.5,1,0,0,0,1,15,0,0,0,0,0,0,0,0,0,0,0,0,0,0,0
1991.5,1,0,0,0,1,20,0,0,0,0,0,0,0,0,0,0,0,0,0,0,0
1991.5,1,0,0,0,1,25,0,0,0,0,0,0,0,0,0,0,0,0,0,0,0
1991.5,1,0,0,0,1,30,0,0,0,0,0,0,0,0,0,0,0,0,0,0,0
1991.5,1,0,0,0,1,35,0,0,0,0,0,0,0,0,0,0,0,0,0,0,0
1991.5,1,0,0,0,1,40,0,0,0,0,0,0,0,0,0,0,0,0,0,0,0
1991.5,1,0,0,0,1,45,0,0,0,0,0,0,0,0,0,0,0,0,0,0,0
1991.5,1,0,0,0,1,50,0,0,0,0,0,0,0,0,0,0,0,0,0,0,0
1991.5,1,0,0,0,1,55,0,0,0,0,0,0,0,0,0,0,0,0,0,0,0
1991.5,1,0,0,0,1,60,0,0,0,0,0,0,0,0,0,0,0,0,0,0,0
1991.5,1,0,0,0,1,100,0,0,0,0,0,0,0,0,0,0,0,0,0,0,0
1991.5,1,0,0,1,0,0,129,129,31,0,25,24,2,3,3,1,0,0,0,0,0
1991.5,1,0,0,1,0,5,31,31,0,0,0,0,0,0,0,0,0,0,0,0,0
1991.5,1,0,0,1,0,10,0,0,0,0,0,0,0,0,0,0,0,0,0,0,0
1991.5,1,0,0,1,0,15,55,55,17,0,0,0,0,0,0,0,0,13,0,0,0
1991.5,1,0,0,1,0,20,234,234,30,0,4,4,2,2,2,0,0,38,0,0,0
1991.5,1,0,0,1,0,25,387,387,26,0,9,7,4,5,5,2,0,59,0,0,3
1991.5,1,0,0,1,0,30,266,266,16,0,10,9,1,2,2,0,0,20,0,0,0
1991.5,1,0,0,1,0,35,188,188,7,0,5,5,1,2,2,0,0,16,0,0,0
1991.5,1,0,0,1,0,40,145,145,8,0,3,2,1,4,4,1,0,18,0,0,0
1991.5,1,0,0,1,0,45,95,95,7,0,1,1,2,3,3,1,0,14,0,0,0
1991.5,1,0,0,1,0,50,50,50,2,0,2,2,1,1,1,0,0,4,0,0,0
1991.5,1,0,0,1,0,55,39,39,4,0,2,2,3,4,4,1,0,3,0,0,0
1991.5,1,0,0,1,0,60,27,27,3,0,6,6,2,3,3,1,0,3,0,0,0
1991.5,1,0,0,1,0,100,0,0,0,0,0,0,0,0,0,0,0,0,0,0,0
1991.5,1,0,0,1,1,0,0,0,0,0,0,0,0,0,0,0,0,0,0,0,0
1991.5,1,0,0,1,1,5,0,0,0,0,0,0,0,0,0,0,0,0,0,0,0
1991.5,1,0,0,1,1,10,0,0,0,0,0,0,0,0,0,0,0,0,0,0,0
1991.5,1,0,0,1,1,15,0,0,0,0,0,0,0,0,0,0,0,0,0,0,0
1991.5,1,0,0,1,1,20,0,0,0,0,0,0,0,0,0,0,0,0,0,0,0
1991.5,1,0,0,1,1,25,0,0,0,0,0,0,0,0,0,0,0,0,0,0,0
1991.5,1,0,0,1,1,30,0,0,0,0,0,0,0,0,0,0,0,0,0,0,0
1991.5,1,0,0,1,1,35,0,0,0,0,0,0,0,0,0,0,0,0,0,0,0
1991.5,1,0,0,1,1,40,0,0,0,0,0,0,0,0,0,0,0,0,0,0,0
1991.5,1,0,0,1,1,45,0,0,0,0,0,0,0,0,0,0,0,0,0,0,0
1991.5,1,0,0,1,1,50,0,0,0,0,0,0,0,0,0,0,0,0,0,0,0
1991.5,1,0,0,1,1,55,0,0,0,0,0,0,0,0,0,0,0,0,0,0,0
1991.5,1,0,0,1,1,60,0,0,0,0,0,0,0,0,0,0,0,0,0,0,0
1991.5,1,0,0,1,1,100,0,0,0,0,0,0,0,0,0,0,0,0,0,0,0
1991.5,1,0,1,0,0,0,0,0,0,0,0,0,0,0,0,0,0,0,0,0,0
1991.5,1,0,1,0,0,5,0,0,0,0,0,0,0,0,0,0,0,0,0,0,0
1991.5,1,0,1,0,0,10,10,0,0,0,0,0,0,0,0,0,0,0,0,0,0
1991.5,1,0,1,0,0,15,52,0,0,0,0,0,0,0,0,0,0,0,0,0,0
1991.5,1,0,1,0,0,20,160,0,0,0,1,0,0,0,0,0,0,0,0,0,0
1991.5,1,0,1,0,0,25,180,0,0,0,0,0,0,0,0,0,0,0,0,0,0
1991.5,1,0,1,0,0,30,90,0,0,0,0,0,0,0,0,0,0,0,0,0,0
1991.5,1,0,1,0,0,35,52,0,0,0,0,0,0,0,0,0,0,0,0,0,0
1991.5,1,0,1,0,0,40,54,0,0,0,0,0,0,0,0,0,0,0,0,0,0
1991.5,1,0,1,0,0,45,55,0,0,0,1,0,0,0,0,0,0,0,0,0,0
1991.5,1,0,1,0,0,50,53,0,0,0,2,0,0,0,0,0,0,0,0,0,0
1991.5,1,0,1,0,0,55,49,0,0,0,0,0,0,0,0,0,0,0,0,0,0
1991.5,1,0,1,0,0,60,67,0,0,0,6,0,0,0,0,0,0,0,0,0,0
1991.5,1,0,1,0,0,100,0,0,0,0,0,0,0,0,0,0,0,0,0,0,0
1991.5,1,0,1,0,1,0,0,0,0,0,0,0,0,0,0,0,0,0,0,0,0
1991.5,1,0,1,0,1,5,0,0,0,0,0,0,0,0,0,0,0,0,0,0,0
1991.5,1,0,1,0,1,10,0,0,0,0,0,0,0,0,0,0,0,0,0,0,0
1991.5,1,0,1,0,1,15,0,0,0,0,0,0,0,0,0,0,0,0,0,0,0
1991.5,1,0,1,0,1,20,0,0,0,0,0,0,0,0,0,0,0,0,0,0,0
1991.5,1,0,1,0,1,25,0,0,0,0,0,0,0,0,0,0,0,0,0,0,0
1991.5,1,0,1,0,1,30,0,0,0,0,0,0,0,0,0,0,0,0,0,0,0
1991.5,1,0,1,0,1,35,0,0,0,0,0,0,0,0,0,0,0,0,0,0,0
1991.5,1,0,1,0,1,40,0,0,0,0,0,0,0,0,0,0,0,0,0,0,0
1991.5,1,0,1,0,1,45,0,0,0,0,0,0,0,0,0,0,0,0,0,0,0
1991.5,1,0,1,0,1,50,0,0,0,0,0,0,0,0,0,0,0,0,0,0,0
1991.5,1,0,1,0,1,55,0,0,0,0,0,0,0,0,0,0,0,0,0,0,0
1991.5,1,0,1,0,1,60,0,0,0,0,0,0,0,0,0,0,0,0,0,0,0
1991.5,1,0,1,0,1,100,0,0,0,0,0,0,0,0,0,0,0,0,0,0,0
1991.5,1,0,1,1,0,0,0,0,0,0,0,0,0,0,0,0,0,0,0,0,0
1991.5,1,0,1,1,0,5,0,0,0,0,0,0,0,0,0,0,0,0,0,0,0
1991.5,1,0,1,1,0,10,0,0,0,0,0,0,0,0,0,0,0,0,0,0,0
1991.5,1,0,1,1,0,15,1,1,1,0,0,0,0,0,0,0,0,1,0,0,0
1991.5,1,0,1,1,0,20,11,11,0,0,0,0,0,0,0,0,0,1,0,0,0
1991.5,1,0,1,1,0,25,30,30,0,0,1,1,0,1,1,0,0,1,0,0,0
1991.5,1,0,1,1,0,30,18,18,0,0,0,0,0,0,0,0,0,2,0,0,0
1991.5,1,0,1,1,0,35,13,13,0,0,0,0,1,1,1,1,0,0,0,0,0
1991.5,1,0,1,1,0,40,17,17,0,0,1,1,0,1,1,0,0,2,0,0,0
1991.5,1,0,1,1,0,45,5,5,0,0,1,1,0,0,0,0,0,1,0,0,0
1991.5,1,0,1,1,0,50,11,11,1,0,0,0,0,0,0,0,0,1,0,0,0
1991.5,1,0,1,1,0,55,1,1,0,0,0,0,0,0,0,0,0,0,0,0,0
1991.5,1,0,1,1,0,60,2,2,1,0,0,0,0,0,0,0,0,0,0,0,0
1991.5,1,0,1,1,0,100,0,0,0,0,0,0,0,0,0,0,0,0,0,0,0
1991.5,1,0,1,1,1,0,0,0,0,0,0,0,0,0,0,0,0,0,0,0,0
1991.5,1,0,1,1,1,5,0,0,0,0,0,0,0,0,0,0,0,0,0,0,0
1991.5,1,0,1,1,1,10,0,0,0,0,0,0,0,0,0,0,0,0,0,0,0
1991.5,1,0,1,1,1,15,0,0,0,0,0,0,0,0,0,0,0,0,0,0,0
1991.5,1,0,1,1,1,20,0,0,0,0,0,0,0,0,0,0,0,0,0,0,0
1991.5,1,0,1,1,1,25,0,0,0,0,0,0,0,0,0,0,0,0,0,0,0
1991.5,1,0,1,1,1,30,0,0,0,0,0,0,0,0,0,0,0,0,0,0,0
1991.5,1,0,1,1,1,35,0,0,0,0,0,0,0,0,0,0,0,0,0,0,0
1991.5,1,0,1,1,1,40,0,0,0,0,0,0,0,0,0,0,0,0,0,0,0
1991.5,1,0,1,1,1,45,0,0,0,0,0,0,0,0,0,0,0,0,0,0,0
1991.5,1,0,1,1,1,50,0,0,0,0,0,0,0,0,0,0,0,0,0,0,0
1991.5,1,0,1,1,1,55,0,0,0,0,0,0,0,0,0,0,0,0,0,0,0
1991.5,1,0,1,1,1,60,0,0,0,0,0,0,0,0,0,0,0,0,0,0,0
1991.5,1,0,1,1,1,100,0,0,0,0,0,0,0,0,0,0,0,0,0,0,0
1991.5,1,1,0,0,0,0,4476,0,0,0,32,0,0,0,0,0,0,0,0,0,0
1991.5,1,1,0,0,0,5,3886,0,0,0,3,0,0,0,0,0,0,0,0,0,0
1991.5,1,1,0,0,0,10,3348,0,0,0,1,0,0,0,0,0,0,0,0,0,0
1991.5,1,1,0,0,0,15,2604,0,0,0,1,0,0,0,0,0,0,0,0,0,0
1991.5,1,1,0,0,0,20,2114,0,0,0,1,0,0,0,0,0,0,0,0,0,0
1991.5,1,1,0,0,0,25,1607,0,0,0,4,0,0,0,0,0,0,0,0,0,0
1991.5,1,1,0,0,0,30,803,0,0,0,1,0,0,0,0,0,0,0,0,0,0
1991.5,1,1,0,0,0,35,661,0,0,0,3,0,0,0,0,0,0,0,0,0,0
1991.5,1,1,0,0,0,40,678,0,0,0,2,0,0,0,0,0,0,0,0,0,0
1991.5,1,1,0,0,0,45,763,0,0,0,2,0,0,0,0,0,0,0,0,0,0
1991.5,1,1,0,0,0,50,780,0,0,0,2,0,0,0,0,0,0,0,0,0,0
1991.5,1,1,0,0,0,55,644,0,0,0,4,0,0,0,0,0,0,0,0,0,0
1991.5,1,1,0,0,0,60,1130,0,0,0,17,0,0,0,0,0,0,0,0,0,0
1991.5,1,1,0,0,0,100,1,0,0,0,0,0,0,0,0,0,0,0,0,0,0
1991.5,1,1,0,0,1,0,0,0,0,0,0,0,0,0,0,0,0,0,0,0,0
1991.5,1,1,0,0,1,5,0,0,0,0,0,0,0,0,0,0,0,0,0,0,0
1991.5,1,1,0,0,1,10,0,0,0,0,0,0,0,0,0,0,0,0,0,0,0
1991.5,1,1,0,0,1,15,0,0,0,0,0,0,0,0,0,0,0,0,0,0,0
1991.5,1,1,0,0,1,20,0,0,0,0,0,0,0,0,0,0,0,0,0,0,0
1991.5,1,1,0,0,1,25,0,0,0,0,0,0,0,0,0,0,0,0,0,0,0
1991.5,1,1,0,0,1,30,0,0,0,0,0,0,0,0,0,0,0,0,0,0,0
1991.5,1,1,0,0,1,35,0,0,0,0,0,0,0,0,0,0,0,0,0,0,0
1991.5,1,1,0,0,1,40,0,0,0,0,0,0,0,0,0,0,0,0,0,0,0
1991.5,1,1,0,0,1,45,0,0,0,0,0,0,0,0,0,0,0,0,0,0,0
1991.5,1,1,0,0,1,50,0,0,0,0,0,0,0,0,0,0,0,0,0,0,0
1991.5,1,1,0,0,1,55,0,0,0,0,0,0,0,0,0,0,0,0,0,0,0
1991.5,1,1,0,0,1,60,0,0,0,0,0,0,0,0,0,0,0,0,0,0,0
1991.5,1,1,0,0,1,100,0,0,0,0,0,0,0,0,0,0,0,0,0,0,0
1991.5,1,1,0,1,0,0,127,127,32,0,18,17,5,8,8,5,0,0,0,0,0
1991.5,1,1,0,1,0,5,32,32,0,0,1,1,0,1,1,0,0,0,0,0,0
1991.5,1,1,0,1,0,10,17,17,15,0,4,4,3,3,3,3,0,10,0,0,0
1991.5,1,1,0,1,0,15,206,206,45,0,2,2,1,1,1,1,0,26,0,0,0
1991.5,1,1,0,1,0,20,492,492,54,0,7,5,1,1,1,1,0,34,0,0,0
1991.5,1,1,0,1,0,25,639,639,29,0,11,10,4,4,4,1,0,17,0,0,0
1991.5,1,1,0,1,0,30,373,373,16,0,9,9,10,11,11,5,0,11,0,0,0
1991.5,1,1,0,1,0,35,223,223,9,0,5,5,5,6,6,5,0,8,0,0,0
1991.5,1,1,0,1,0,40,175,175,9,0,7,7,2,5,5,1,0,8,0,0,0
1991.5,1,1,0,1,0,45,96,96,6,0,7,7,1,1,1,0,0,4,0,0,0
1991.5,1,1,0,1,0,50,67,67,6,0,2,2,2,2,2,2,0,2,0,0,0
1991.5,1,1,0,1,0,55,32,32,5,0,3,3,1,1,1,0,0,0,0,0,0
1991.5,1,1,0,1,0,60,35,35,3,0,2,1,0,0,0,0,0,3,0,0,0
1991.5,1,1,0,1,0,100,0,0,0,0,0,0,0,0,0,0,0,0,0,0,0
1991.5,1,1,0,1,1,0,0,0,0,0,0,0,0,0,0,0,0,0,0,0,0
1991.5,1,1,0,1,1,5,0,0,0,0,0,0,0,0,0,0,0,0,0,0,0
1991.5,1,1,0,1,1,10,0,0,0,0,0,0,0,0,0,0,0,0,0,0,0
1991.5,1,1,0,1,1,15,0,0,0,0,0,0,0,0,0,0,0,0,0,0,0
1991.5,1,1,0,1,1,20,0,0,0,0,0,0,0,0,0,0,0,0,0,0,0
1991.5,1,1,0,1,1,25,0,0,0,0,0,0,0,0,0,0,0,0,0,0,0
1991.5,1,1,0,1,1,30,0,0,0,0,0,0,0,0,0,0,0,0,0,0,0
1991.5,1,1,0,1,1,35,0,0,0,0,0,0,0,0,0,0,0,0,0,0,0
1991.5,1,1,0,1,1,40,0,0,0,0,0,0,0,0,0,0,0,0,0,0,0
1991.5,1,1,0,1,1,45,0,0,0,0,0,0,0,0,0,0,0,0,0,0,0
1991.5,1,1,0,1,1,50,0,0,0,0,0,0,0,0,0,0,0,0,0,0,0
1991.5,1,1,0,1,1,55,0,0,0,0,0,0,0,0,0,0,0,0,0,0,0
1991.5,1,1,0,1,1,60,0,0,0,0,0,0,0,0,0,0,0,0,0,0,0
1991.5,1,1,0,1,1,100,0,0,0,0,0,0,0,0,0,0,0,0,0,0,0
1992,1,0,0,0,0,0,4358,0,0,0,31,0,0,0,0,0,0,0,0,0,0
1992,1,0,0,0,0,5,3773,0,0,0,2,0,0,0,0,0,0,0,0,0,0
1992,1,0,0,0,0,10,3174,0,0,0,3,0,0,0,0,0,0,0,0,0,3
1992,1,0,0,0,0,15,2690,0,0,0,2,0,0,0,0,0,0,0,0,0,12
1992,1,0,0,0,0,20,2148,0,0,0,4,0,0,0,0,0,0,0,0,0,6
1992,1,0,0,0,0,25,1562,0,0,0,1,0,0,0,0,0,0,0,0,0,3
1992,1,0,0,0,0,30,849,0,0,0,4,0,0,0,0,0,0,0,0,0,0
1992,1,0,0,0,0,35,628,0,0,0,3,0,0,0,0,0,0,0,0,0,0
1992,1,0,0,0,0,40,546,0,0,0,3,0,0,0,0,0,0,0,0,0,0
1992,1,0,0,0,0,45,593,0,0,0,3,0,0,0,0,0,0,0,0,0,0
1992,1,0,0,0,0,50,597,0,0,0,4,0,0,0,0,0,0,0,0,0,0
1992,1,0,0,0,0,55,460,0,0,0,5,0,0,0,0,0,0,0,0,0,0
1992,1,0,0,0,0,60,706,0,0,0,21,0,0,0,0,0,0,0,0,0,0
1992,1,0,0,0,0,100,0,0,0,0,0,0,0,0,0,0,0,0,0,0,0
1992,1,0,0,0,1,0,0,0,0,0,0,0,0,0,0,0,0,0,0,0,0
1992,1,0,0,0,1,5,0,0,0,0,0,0,0,0,0,0,0,0,0,0,0
1992,1,0,0,0,1,10,0,0,0,0,0,0,0,0,0,0,0,0,0,0,0
1992,1,0,0,0,1,15,0,0,0,0,0,0,0,0,0,0,0,0,0,0,0
1992,1,0,0,0,1,20,0,0,0,0,0,0,0,0,0,0,0,0,0,0,0
1992,1,0,0,0,1,25,0,0,0,0,0,0,0,0,0,0,0,0,0,0,0
1992,1,0,0,0,1,30,0,0,0,0,0,0,0,0,0,0,0,0,0,0,0
1992,1,0,0,0,1,35,0,0,0,0,0,0,0,0,0,0,0,0,0,0,0
1992,1,0,0,0,1,40,0,0,0,0,0,0,0,0,0,0,0,0,0,0,0
1992,1,0,0,0,1,45,0,0,0,0,0,0,0,0,0,0,0,0,0,0,0
1992,1,0,0,0,1,50,0,0,0,0,0,0,0,0,0,0,0,0,0,0,0
1992,1,0,0,0,1,55,0,0,0,0,0,0,0,0,0,0,0,0,0,0,0
1992,1,0,0,0,1,60,0,0,0,0,0,0,0,0,0,0,0,0,0,0,0
1992,1,0,0,0,1,100,0,0,0,0,0,0,0,0,0,0,0,0,0,0,0
1992,1,0,0,1,0,0,130,130,23,0,14,12,2,2,2,3,0,0,0,0,0
1992,1,0,0,1,0,5,38,38,0,0,0,0,0,0,0,0,0,0,0,0,0
1992,1,0,0,1,0,10,1,1,1,0,0,0,0,0,0,0,0,1,0,0,0
1992,1,0,0,1,0,15,55,55,17,0,1,1,0,0,0,0,0,8,0,0,0
1992,1,0,0,1,0,20,248,248,39,0,3,3,2,2,2,2,0,41,0,0,3
1992,1,0,0,1,0,25,388,388,27,0,7,4,2,5,5,0,0,50,0,0,2
1992,1,0,0,1,0,30,314,314,23,0,6,6,1,3,3,1,0,24,0,0,0
1992,1,0,0,1,0,35,201,201,14,0,4,4,3,5,5,4,0,18,0,0,0
1992,1,0,0,1,0,40,149,149,7,0,8,7,2,4,4,2,0,10,0,0,0
1992,1,0,0,1,0,45,95,95,2,0,5,5,2,3,3,0,0,10,0,0,0
1992,1,0,0,1,0,50,56,56,4,0,5,3,0,1,1,0,0,4,0,0,0
1992,1,0,0,1,0,55,46,46,9,0,1,1,1,3,3,0,0,7,0,0,0
1992,1,0,0,1,0,60,28,28,3,0,3,2,0,1,1,0,0,2,0,0,0
1992,1,0,0,1,0,100,0,0,0,0,0,0,0,0,0,0,0,0,0,0,0
1992,1,0,0,1,1,0,0,0,0,0,0,0,0,0,0,0,0,0,0,0,0
1992,1,0,0,1,1,5,0,0,0,0,0,0,0,0,0,0,0,0,0,0,0
1992,1,0,0,1,1,10,0,0,0,0,0,0,0,0,0,0,0,0,0,0,0
1992,1,0,0,1,1,15,0,0,0,0,0,0,0,0,0,0,0,0,0,0,0
1992,1,0,0,1,1,20,0,0,0,0,0,0,0,0,0,0,0,0,0,0,0
1992,1,0,0,1,1,25,0,0,0,0,0,0,0,0,0,0,0,0,0,0,0
1992,1,0,0,1,1,30,0,0,0,0,0,0,0,0,0,0,0,0,0,0,0
1992,1,0,0,1,1,35,0,0,0,0,0,0,0,0,0,0,0,0,0,0,0
1992,1,0,0,1,1,40,0,0,0,0,0,0,0,0,0,0,0,0,0,0,0
1992,1,0,0,1,1,45,0,0,0,0,0,0,0,0,0,0,0,0,0,0,0
1992,1,0,0,1,1,50,0,0,0,0,0,0,0,0,0,0,0,0,0,0,0
1992,1,0,0,1,1,55,0,0,0,0,0,0,0,0,0,0,0,0,0,0,0
1992,1,0,0,1,1,60,0,0,0,0,0,0,0,0,0,0,0,0,0,0,0
1992,1,0,0,1,1,100,0,0,0,0,0,0,0,0,0,0,0,0,0,0,0
1992,1,0,1,0,0,0,0,0,0,0,0,0,0,0,0,0,0,0,0,0,0
1992,1,0,1,0,0,5,0,0,0,0,0,0,0,0,0,0,0,0,0,0,0
1992,1,0,1,0,0,10,10,0,0,0,0,0,0,0,0,0,0,0,0,0,0
1992,1,0,1,0,0,15,58,0,0,0,0,0,0,0,0,0,0,0,0,0,0
1992,1,0,1,0,0,20,159,0,0,0,0,0,0,0,0,0,0,0,0,0,0
1992,1,0,1,0,0,25,178,0,0,0,0,0,0,0,0,0,0,0,0,0,0
1992,1,0,1,0,0,30,102,0,0,0,0,0,0,0,0,0,0,0,0,0,0
1992,1,0,1,0,0,35,54,0,0,0,0,0,0,0,0,0,0,0,0,0,0
1992,1,0,1,0,0,40,54,0,0,0,0,0,0,0,0,0,0,0,0,0,0
1992,1,0,1,0,0,45,47,0,0,0,2,0,0,0,0,0,0,0,0,0,0
1992,1,0,1,0,0,50,53,0,0,0,2,0,0,0,0,0,0,0,0,0,0
1992,1,0,1,0,0,55,48,0,0,0,0,0,0,0,0,0,0,0,0,0,0
1992,1,0,1,0,0,60,67,0,0,0,3,0,0,0,0,0,0,0,0,0,0
1992,1,0,1,0,0,100,0,0,0,0,0,0,0,0,0,0,0,0,0,0,0
1992,1,0,1,0,1,0,0,0,0,0,0,0,0,0,0,0,0,0,0,0,0
1992,1,0,1,0,1,5,0,0,0,0,0,0,0,0,0,0,0,0,0,0,0
1992,1,0,1,0,1,10,0,0,0,0,0,0,0,0,0,0,0,0,0,0,0
1992,1,0,1,0,1,15,0,0,0,0,0,0,0,0,0,0,0,0,0,0,0
1992,1,0,1,0,1,20,0,0,0,0,0,0,0,0,0,0,0,0,0,0,0
1992,1,0,1,0,1,25,0,0,0,0,0,0,0,0,0,0,0,0,0,0,0
1992,1,0,1,0,1,30,0,0,0,0,0,0,0,0,0,0,0,0,0,0,0
1992,1,0,1,0,1,35,0,0,0,0,0,0,0,0,0,0,0,0,0,0,0
1992,1,0,1,0,1,40,0,0,0,0,0,0,0,0,0,0,0,0,0,0,0
1992,1,0,1,0,1,45,0,0,0,0,0,0,0,0,0,0,0,0,0,0,0
1992,1,0,1,0,1,50,0,0,0,0,0,0,0,0,0,0,0,0,0,0,0
1992,1,0,1,0,1,55,0,0,0,0,0,0,0,0,0,0,0,0,0,0,0
1992,1,0,1,0,1,60,0,0,0,0,0,0,0,0,0,0,0,0,0,0,0
1992,1,0,1,0,1,100,0,0,0,0,0,0,0,0,0,0,0,0,0,0,0
1992,1,0,1,1,0,0,0,0,0,0,0,0,0,0,0,0,0,0,0,0,0
1992,1,0,1,1,0,5,0,0,0,0,0,0,0,0,0,0,0,0,0,0,0
1992,1,0,1,1,0,10,0,0,0,0,0,0,0,0,0,0,0,0,0,0,0
1992,1,0,1,1,0,15,1,1,0,0,0,0,0,0,0,0,0,0,0,0,0
1992,1,0,1,1,0,20,15,15,2,0,0,0,1,1,1,1,0,0,0,0,0
1992,1,0,1,1,0,25,28,28,0,0,0,0,0,0,0,0,0,4,0,0,0
1992,1,0,1,1,0,30,25,25,3,0,0,0,0,0,0,0,0,1,0,0,0
1992,1,0,1,1,0,35,13,13,0,0,0,0,1,1,1,0,0,1,0,0,0
1992,1,0,1,1,0,40,16,16,1,0,0,0,0,1,1,0,0,3,0,0,0
1992,1,0,1,1,0,45,7,7,0,0,0,0,0,0,0,0,0,2,0,0,0
1992,1,0,1,1,0,50,11,11,0,0,0,0,0,0,0,0,0,0,0,0,0
1992,1,0,1,1,0,55,0,0,0,0,0,0,0,0,0,0,0,0,0,0,0
1992,1,0,1,1,0,60,3,3,0,0,0,0,0,0,0,0,0,0,0,0,0
1992,1,0,1,1,0,100,0,0,0,0,0,0,0,0,0,0,0,0,0,0,0
1992,1,0,1,1,1,0,0,0,0,0,0,0,0,0,0,0,0,0,0,0,0
1992,1,0,1,1,1,5,0,0,0,0,0,0,0,0,0,0,0,0,0,0,0
1992,1,0,1,1,1,10,0,0,0,0,0,0,0,0,0,0,0,0,0,0,0
1992,1,0,1,1,1,15,0,0,0,0,0,0,0,0,0,0,0,0,0,0,0
1992,1,0,1,1,1,20,0,0,0,0,0,0,0,0,0,0,0,0,0,0,0
1992,1,0,1,1,1,25,0,0,0,0,0,0,0,0,0,0,0,0,0,0,0
1992,1,0,1,1,1,30,0,0,0,0,0,0,0,0,0,0,0,0,0,0,0
1992,1,0,1,1,1,35,0,0,0,0,0,0,0,0,0,0,0,0,0,0,0
1992,1,0,1,1,1,40,0,0,0,0,0,0,0,0,0,0,0,0,0,0,0
1992,1,0,1,1,1,45,0,0,0,0,0,0,0,0,0,0,0,0,0,0,0
1992,1,0,1,1,1,50,0,0,0,0,0,0,0,0,0,0,0,0,0,0,0
1992,1,0,1,1,1,55,0,0,0,0,0,0,0,0,0,0,0,0,0,0,0
1992,1,0,1,1,1,60,0,0,0,0,0,0,0,0,0,0,0,0,0,0,0
1992,1,0,1,1,1,100,0,0,0,0,0,0,0,0,0,0,0,0,0,0,0
1992,1,1,0,0,0,0,4455,0,0,0,28,0,0,0,0,0,0,0,0,0,0
1992,1,1,0,0,0,5,3923,0,0,0,2,0,0,0,0,0,0,0,0,0,0
1992,1,1,0,0,0,10,3427,0,0,0,3,0,0,0,0,0,0,0,0,0,0
1992,1,1,0,0,0,15,2597,0,0,0,0,0,0,0,0,0,0,0,0,0,0
1992,1,1,0,0,0,20,2124,0,0,0,2,0,0,0,0,0,0,0,0,0,0
1992,1,1,0,0,0,25,1633,0,0,0,2,0,0,0,0,0,0,0,0,0,0
1992,1,1,0,0,0,30,851,0,0,0,0,0,0,0,0,0,0,0,0,0,0
1992,1,1,0,0,0,35,656,0,0,0,1,0,0,0,0,0,0,0,0,0,0
1992,1,1,0,0,0,40,660,0,0,0,3,0,0,0,0,0,0,0,0,0,0
1992,1,1,0,0,0,45,735,0,0,0,2,0,0,0,0,0,0,0,0,0,0
1992,1,1,0,0,0,50,767,0,0,0,2,0,0,0,0,0,0,0,0,0,0
1992,1,1,0,0,0,55,656,0,0,0,11,0,0,0,0,0,0,0,0,0,0
1992,1,1,0,0,0,60,1168,0,0,0,28,0,0,0,0,0,0,0,0,0,0
1992,1,1,0,0,0,100,1,0,0,0,0,0,0,0,0,0,0,0,0,0,0
1992,1,1,0,0,1,0,0,0,0,0,0,0,0,0,0,0,0,0,0,0,0
1992,1,1,0,0,1,5,0,0,0,0,0,0,0,0,0,0,0,0,0,0,0
1992,1,1,0,0,1,10,0,0,0,0,0,0,0,0,0,0,0,0,0,0,0
1992,1,1,0,0,1,15,0,0,0,0,0,0,0,0,0,0,0,0,0,0,0
1992,1,1,0,0,1,20,0,0,0,0,0,0,0,0,0,0,0,0,0,0,0
1992,1,1,0,0,1,25,0,0,0,0,0,0,0,0,0,0,0,0,0,0,0
1992,1,1,0,0,1,30,0,0,0,0,0,0,0,0,0,0,0,0,0,0,0
1992,1,1,0,0,1,35,0,0,0,0,0,0,0,0,0,0,0,0,0,0,0
1992,1,1,0,0,1,40,0,0,0,0,0,0,0,0,0,0,0,0,0,0,0
1992,1,1,0,0,1,45,0,0,0,0,0,0,0,0,0,0,0,0,0,0,0
1992,1,1,0,0,1,50,0,0,0,0,0,0,0,0,0,0,0,0,0,0,0
1992,1,1,0,0,1,55,0,0,0,0,0,0,0,0,0,0,0,0,0,0,0
1992,1,1,0,0,1,60,0,0,0,0,0,0,0,0,0,0,0,0,0,0,0
1992,1,1,0,0,1,100,0,0,0,0,0,0,0,0,0,0,0,0,0,0,0
1992,1,1,0,1,0,0,138,138,33,0,17,16,7,7,7,4,0,0,0,0,0
1992,1,1,0,1,0,5,37,37,0,0,1,1,0,1,1,0,0,0,0,0,0
1992,1,1,0,1,0,10,14,14,11,0,6,6,1,1,1,1,0,9,0,0,0
1992,1,1,0,1,0,15,210,210,40,0,2,2,1,1,1,0,0,23,0,0,0
1992,1,1,0,1,0,20,525,525,62,0,8,6,3,3,3,3,0,42,0,0,0
1992,1,1,0,1,0,25,638,638,23,0,19,16,5,7,7,3,0,29,0,0,0
1992,1,1,0,1,0,30,415,415,11,0,10,10,9,12,12,5,0,17,0,0,0
1992,1,1,0,1,0,35,231,231,10,0,8,8,5,5,5,1,0,16,0,0,0
1992,1,1,0,1,0,40,191,191,11,0,7,6,4,7,7,2,0,8,0,0,0
1992,1,1,0,1,0,45,100,100,7,0,4,4,1,2,2,1,0,6,0,0,0
1992,1,1,0,1,0,50,71,71,5,0,2,2,2,3,3,1,0,2,0,0,0
1992,1,1,0,1,0,55,39,39,6,0,3,3,0,1,1,0,0,0,0,0,0
1992,1,1,0,1,0,60,35,35,0,0,1,1,0,0,0,0,0,0,0,0,0
1992,1,1,0,1,0,100,0,0,0,0,0,0,0,0,0,0,0,0,0,0,0
1992,1,1,0,1,1,0,0,0,0,0,0,0,0,0,0,0,0,0,0,0,0
1992,1,1,0,1,1,5,0,0,0,0,0,0,0,0,0,0,0,0,0,0,0
1992,1,1,0,1,1,10,0,0,0,0,0,0,0,0,0,0,0,0,0,0,0
1992,1,1,0,1,1,15,0,0,0,0,0,0,0,0,0,0,0,0,0,0,0
1992,1,1,0,1,1,20,0,0,0,0,0,0,0,0,0,0,0,0,0,0,0
1992,1,1,0,1,1,25,0,0,0,0,0,0,0,0,0,0,0,0,0,0,0
1992,1,1,0,1,1,30,0,0,0,0,0,0,0,0,0,0,0,0,0,0,0
1992,1,1,0,1,1,35,0,0,0,0,0,0,0,0,0,0,0,0,0,0,0
1992,1,1,0,1,1,40,0,0,0,0,0,0,0,0,0,0,0,0,0,0,0
1992,1,1,0,1,1,45,0,0,0,0,0,0,0,0,0,0,0,0,0,0,0
1992,1,1,0,1,1,50,0,0,0,0,0,0,0,0,0,0,0,0,0,0,0
1992,1,1,0,1,1,55,0,0,0,0,0,0,0,0,0,0,0,0,0,0,0
1992,1,1,0,1,1,60,0,0,0,0,0,0,0,0,0,0,0,0,0,0,0
1992,1,1,0,1,1,100,0,0,0,0,0,0,0,0,0,0,0,0,0,0,0
1992.5,1,0,0,0,0,0,4361,0,0,0,40,0,0,0,0,0,0,0,0,0,0
1992.5,1,0,0,0,0,5,3801,0,0,0,4,0,0,0,0,0,0,0,0,0,1
1992.5,1,0,0,0,0,10,3270,0,0,0,2,0,0,0,0,0,0,0,0,0,6
1992.5,1,0,0,0,0,15,2691,0,0,0,7,0,0,0,0,0,0,0,0,0,10
1992.5,1,0,0,0,0,20,2148,0,0,0,1,0,0,0,0,0,0,0,0,0,12
1992.5,1,0,0,0,0,25,1610,0,0,0,4,0,0,0,0,0,0,0,0,0,3
1992.5,1,0,0,0,0,30,888,0,0,0,0,0,0,0,0,0,0,0,0,0,0
1992.5,1,0,0,0,0,35,619,0,0,0,2,0,0,0,0,0,0,0,0,0,0
1992.5,1,0,0,0,0,40,548,0,0,0,0,0,0,0,0,0,0,0,0,0,0
1992.5,1,0,0,0,0,45,567,0,0,0,0,0,0,0,0,0,0,0,0,0,0
1992.5,1,0,0,0,0,50,599,0,0,0,6,0,0,0,0,0,0,0,0,0,0
1992.5,1,0,0,0,0,55,456,0,0,0,8,0,0,0,0,0,0,0,0,0,0
1992.5,1,0,0,0,0,60,720,0,0,0,22,0,0,0,0,0,0,0,0,0,0
1992.5,1,0,0,0,0,100,0,0,0,0,0,0,0,0,0,0,0,0,0,0,0
1992.5,1,0,0,0,1,0,0,0,0,0,0,0,0,0,0,0,0,0,0,0,0
1992.5,1,0,0,0,1,5,0,0,0,0,0,0,0,0,0,0,0,0,0,0,0
1992.5,1,0,0,0,1,10,0,0,0,0,0,0,0,0,0,0,0,0,0,0,0
1992.5,1,0,0,0,1,15,0,0,0,0,0,0,0,0,0,0,0,0,0,0,0
1992.5,1,0,0,0,1,20,0,0,0,0,0,0,0,0,0,0,0,0,0,0,0
1992.5,1,0,0,0,1,25,0,0,0,0,0,0,0,0,0,0,0,0,0,0,0
1992.5,1,0,0,0,1,30,0,0,0,0,0,0,0,0,0,0,0,0,0,0,0
1992.5,1,0,0,0,1,35,0,0,0,0,0,0,0,0,0,0,0,0,0,0,0
1992.5,1,0,0,0,1,40,0,0,0,0,0,0,0,0,0,0,0,0,0,0,0
1992.5,1,0,0,0,1,45,0,0,0,0,0,0,0,0,0,0,0,0,0,0,0
1992.5,1,0,0,0,1,50,0,0,0,0,0,0,0,0,0,0,0,0,0,0,0
1992.5,1,0,0,0,1,55,0,0,0,0,0,0,0,0,0,0,0,0,0,0,0
1992.5,1,0,0,0,1,60,0,0,0,0,0,0,0,0,0,0,0,0,0,0,0
1992.5,1,0,0,0,1,100,0,0,0,0,0,0,0,0,0,0,0,0,0,0,0
1992.5,1,0,0,1,0,0,127,127,29,0,15,13,4,4,4,5,0,0,0,0,0
1992.5,1,0,0,1,0,5,49,49,0,0,0,0,0,0,0,0,0,0,0,0,0
1992.5,1,0,0,1,0,10,0,0,0,0,0,0,0,0,0,0,0,0,0,0,0
1992.5,1,0,0,1,0,15,57,57,17,0,0,0,0,0,0,0,0,10,0,0,0
1992.5,1,0,0,1,0,20,242,242,17,0,3,2,2,2,2,1,0,24,0,0,1
1992.5,1,0,0,1,0,25,398,398,33,0,7,5,3,6,6,2,0,42,0,0,2
1992.5,1,0,0,1,0,30,353,353,19,0,9,7,4,7,7,3,0,35,0,0,0
1992.5,1,0,0,1,0,35,212,212,11,0,8,5,3,4,4,0,0,17,0,0,0
1992.5,1,0,0,1,0,40,162,162,12,0,4,4,3,4,4,1,0,19,0,0,0
1992.5,1,0,0,1,0,45,106,106,5,0,4,4,1,3,3,1,0,7,0,0,0
1992.5,1,0,0,1,0,50,55,55,2,0,3,2,0,1,1,0,0,10,0,0,0
1992.5,1,0,0,1,0,55,49,49,6,0,4,4,2,5,5,2,0,4,0,0,0
1992.5,1,0,0,1,0,60,33,33,3,0,1,1,0,1,1,0,0,4,0,0,0
1992.5,1,0,0,1,0,100,0,0,0,0,0,0,0,0,0,0,0,0,0,0,0
1992.5,1,0,0,1,1,0,0,0,0,0,0,0,0,0,0,0,0,0,0,0,0
1992.5,1,0,0,1,1,5,0,0,0,0,0,0,0,0,0,0,0,0,0,0,0
1992.5,1,0,0,1,1,10,0,0,0,0,0,0,0,0,0,0,0,0,0,0,0
1992.5,1,0,0,1,1,15,0,0,0,0,0,0,0,0,0,0,0,0,0,0,0
1992.5,1,0,0,1,1,20,0,0,0,0,0,0,0,0,0,0,0,0,0,0,0
1992.5,1,0,0,1,1,25,0,0,0,0,0,0,0,0,0,0,0,0,0,0,0
1992.5,1,0,0,1,1,30,0,0,0,0,0,0,0,0,0,0,0,0,0,0,0
1992.5,1,0,0,1,1,35,0,0,0,0,0,0,0,0,0,0,0,0,0,0,0
1992.5,1,0,0,1,1,40,0,0,0,0,0,0,0,0,0,0,0,0,0,0,0
1992.5,1,0,0,1,1,45,0,0,0,0,0,0,0,0,0,0,0,0,0,0,0
1992.5,1,0,0,1,1,50,0,0,0,0,0,0,0,0,0,0,0,0,0,0,0
1992.5,1,0,0,1,1,55,0,0,0,0,0,0,0,0,0,0,0,0,0,0,0
1992.5,1,0,0,1,1,60,0,0,0,0,0,0,0,0,0,0,0,0,0,0,0
1992.5,1,0,0,1,1,100,0,0,0,0,0,0,0,0,0,0,0,0,0,0,0
1992.5,1,0,1,0,0,0,0,0,0,0,0,0,0,0,0,0,0,0,0,0,0
1992.5,1,0,1,0,0,5,1,0,0,0,0,0,0,0,0,0,0,0,0,0,0
1992.5,1,0,1,0,0,10,11,0,0,0,0,0,0,0,0,0,0,0,0,0,0
1992.5,1,0,1,0,0,15,61,0,0,0,0,0,0,0,0,0,0,0,0,0,0
1992.5,1,0,1,0,0,20,163,0,0,0,0,0,0,0,0,0,0,0,0,0,0
1992.5,1,0,1,0,0,25,181,0,0,0,1,0,0,0,0,0,0,0,0,0,0
1992.5,1,0,1,0,0,30,110,0,0,0,0,0,0,0,0,0,0,0,0,0,0
1992.5,1,0,1,0,0,35,55,0,0,0,0,0,0,0,0,0,0,0,0,0,0
1992.5,1,0,1,0,0,40,54,0,0,0,0,0,0,0,0,0,0,0,0,0,0
1992.5,1,0,1,0,0,45,46,0,0,0,0,0,0,0,0,0,0,0,0,0,0
1992.5,1,0,1,0,0,50,54,0,0,0,2,0,0,0,0,0,0,0,0,0,0
1992.5,1,0,1,0,0,55,46,0,0,0,1,0,0,0,0,0,0,0,0,0,0
1992.5,1,0,1,0,0,60,70,0,0,0,4,0,0,0,0,0,0,0,0,0,0
1992.5,1,0,1,0,0,100,0,0,0,0,0,0,0,0,0,0,0,0,0,0,0
1992.5,1,0,1,0,1,0,0,0,0,0,0,0,0,0,0,0,0,0,0,0,0
1992.5,1,0,1,0,1,5,0,0,0,0,0,0,0,0,0,0,0,0,0,0,0
1992.5,1,0,1,0,1,10,0,0,0,0,0,0,0,0,0,0,0,0,0,0,0
1992.5,1,0,1,0,1,15,0,0,0,0,0,0,0,0,0,0,0,0,0,0,0
1992.5,1,0,1,0,1,20,0,0,0,0,0,0,0,0,0,0,0,0,0,0,0
1992.5,1,0,1,0,1,25,0,0,0,0,0,0,0,0,0,0,0,0,0,0,0
1992.5,1,0,1,0,1,30,0,0,0,0,0,0,0,0,0,0,0,0,0,0,0
1992.5,1,0,1,0,1,35,0,0,0,0,0,0,0,0,0,0,0,0,0,0,0
1992.5,1,0,1,0,1,40,0,0,0,0,0,0,0,0,0,0,0,0,0,0,0
1992.5,1,0,1,0,1,45,0,0,0,0,0,0,0,0,0,0,0,0,0,0,0
1992.5,1,0,1,0,1,50,0,0,0,0,0,0,0,0,0,0,0,0,0,0,0
1992.5,1,0,1,0,1,55,0,0,0,0,0,0,0,0,0,0,0,0,0,0,0
1992.5,1,0,1,0,1,60,0,0,0,0,0,0,0,0,0,0,0,0,0,0,0
1992.5,1,0,1,0,1,100,0,0,0,0,0,0,0,0,0,0,0,0,0,0,0
1992.5,1,0,1,1,0,0,0,0,0,0,0,0,0,0,0,0,0,0,0,0,0
1992.5,1,0,1,1,0,5,0,0,0,0,0,0,0,0,0,0,0,0,0,0,0
1992.5,1,0,1,1,0,10,0,0,0,0,0,0,0,0,0,0,0,0,0,0,0
1992.5,1,0,1,1,0,15,1,1,0,0,0,0,0,0,0,0,0,0,0,0,0
1992.5,1,0,1,1,0,20,14,14,0,0,0,0,1,1,1,0,0,1,0,0,0
1992.5,1,0,1,1,0,25,29,29,0,0,0,0,0,0,0,0,0,2,0,0,0
1992.5,1,0,1,1,0,30,26,26,2,0,0,0,1,1,1,1,0,3,0,0,0
1992.5,1,0,1,1,0,35,17,17,1,0,0,0,0,1,1,0,0,2,0,0,0
1992.5,1,0,1,1,0,40,13,13,0,0,1,1,2,2,2,2,0,1,0,0,0
1992.5,1,0,1,1,0,45,9,9,0,0,1,1,0,0,0,0,0,1,0,0,0
1992.5,1,0,1,1,0,50,9,9,0,0,0,0,0,0,0,0,0,0,0,0,0
1992.5,1,0,1,1,0,55,2,2,0,0,0,0,0,0,0,0,0,0,0,0,0
1992.5,1,0,1,1,0,60,3,3,0,0,0,0,0,0,0,0,0,1,0,0,0
1992.5,1,0,1,1,0,100,0,0,0,0,0,0,0,0,0,0,0,0,0,0,0
1992.5,1,0,1,1,1,0,0,0,0,0,0,0,0,0,0,0,0,0,0,0,0
1992.5,1,0,1,1,1,5,0,0,0,0,0,0,0,0,0,0,0,0,0,0,0
1992.5,1,0,1,1,1,10,0,0,0,0,0,0,0,0,0,0,0,0,0,0,0
1992.5,1,0,1,1,1,15,0,0,0,0,0,0,0,0,0,0,0,0,0,0,0
1992.5,1,0,1,1,1,20,0,0,0,0,0,0,0,0,0,0,0,0,0,0,0
1992.5,1,0,1,1,1,25,0,0,0,0,0,0,0,0,0,0,0,0,0,0,0
1992.5,1,0,1,1,1,30,0,0,0,0,0,0,0,0,0,0,0,0,0,0,0
1992.5,1,0,1,1,1,35,0,0,0,0,0,0,0,0,0,0,0,0,0,0,0
1992.5,1,0,1,1,1,40,0,0,0,0,0,0,0,0,0,0,0,0,0,0,0
1992.5,1,0,1,1,1,45,0,0,0,0,0,0,0,0,0,0,0,0,0,0,0
1992.5,1,0,1,1,1,50,0,0,0,0,0,0,0,0,0,0,0,0,0,0,0
1992.5,1,0,1,1,1,55,0,0,0,0,0,0,0,0,0,0,0,0,0,0,0
1992.5,1,0,1,1,1,60,0,0,0,0,0,0,0,0,0,0,0,0,0,0,0
1992.5,1,0,1,1,1,100,0,0,0,0,0,0,0,0,0,0,0,0,0,0,0
1992.5,1,1,0,0,0,0,4464,0,0,0,23,0,0,0,0,0,0,0,0,0,0
1992.5,1,1,0,0,0,5,3976,0,0,0,2,0,0,0,0,0,0,0,0,0,0
1992.5,1,1,0,0,0,10,3484,0,0,0,2,0,0,0,0,0,0,0,0,0,0
1992.5,1,1,0,0,0,15,2639,0,0,0,3,0,0,0,0,0,0,0,0,0,0
1992.5,1,1,0,0,0,20,2109,0,0,0,4,0,0,0,0,0,0,0,0,0,0
1992.5,1,1,0,0,0,25,1663,0,0,0,3,0,0,0,0,0,0,0,0,0,0
1992.5,1,1,0,0,0,30,897,0,0,0,0,0,0,0,0,0,0,0,0,0,0
1992.5,1,1,0,0,0,35,643,0,0,0,0,0,0,0,0,0,0,0,0,0,0
1992.5,1,1,0,0,0,40,654,0,0,0,2,0,0,0,0,0,0,0,0,0,0
1992.5,1,1,0,0,0,45,726,0,0,0,0,0,0,0,0,0,0,0,0,0,0
1992.5,1,1,0,0,0,50,736,0,0,0,5,0,0,0,0,0,0,0,0,0,0
1992.5,1,1,0,0,0,55,684,0,0,0,4,0,0,0,0,0,0,0,0,0,0
1992.5,1,1,0,0,0,60,1168,0,0,0,34,0,0,0,0,0,0,0,0,0,0
1992.5,1,1,0,0,0,100,2,0,0,0,0,0,0,0,0,0,0,0,0,0,0
1992.5,1,1,0,0,1,0,0,0,0,0,0,0,0,0,0,0,0,0,0,0,0
1992.5,1,1,0,0,1,5,0,0,0,0,0,0,0,0,0,0,0,0,0,0,0
1992.5,1,1,0,0,1,10,0,0,0,0,0,0,0,0,0,0,0,0,0,0,0
1992.5,1,1,0,0,1,15,0,0,0,0,0,0,0,0,0,0,0,0,0,0,0
1992.5,1,1,0,0,1,20,0,0,0,0,0,0,0,0,0,0,0,0,0,0,0
1992.5,1,1,0,0,1,25,0,0,0,0,0,0,0,0,0,0,0,0,0,0,0
1992.5,1,1,0,0,1,30,0,0,0,0,0,0,0,0,0,0,0,0,0,0,0
1992.5,1,1,0,0,1,35,0,0,0,0,0,0,0,0,0,0,0,0,0,0,0
1992.5,1,1,0,0,1,40,0,0,0,0,0,0,0,0,0,0,0,0,0,0,0
1992.5,1,1,0,0,1,45,0,0,0,0,0,0,0,0,0,0,0,0,0,0,0
1992.5,1,1,0,0,1,50,0,0,0,0,0,0,0,0,0,0,0,0,0,0,0
1992.5,1,1,0,0,1,55,0,0,0,0,0,0,0,0,0,0,0,0,0,0,0
1992.5,1,1,0,0,1,60,0,0,0,0,0,0,0,0,0,0,0,0,0,0,0
1992.5,1,1,0,0,1,100,0,0,0,0,0,0,0,0,0,0,0,0,0,0,0
1992.5,1,1,0,1,0,0,138,138,36,0,17,17,4,5,5,1,0,0,0,0,0
1992.5,1,1,0,1,0,5,44,44,0,0,2,2,2,2,2,1,0,0,0,0,0
1992.5,1,1,0,1,0,10,20,20,16,0,3,3,2,2,2,1,0,3,0,0,0
1992.5,1,1,0,1,0,15,202,202,28,0,3,3,0,1,1,0,0,15,0,0,0
1992.5,1,1,0,1,0,20,542,542,42,0,3,3,3,4,4,1,0,41,0,0,0
1992.5,1,1,0,1,0,25,648,648,31,0,14,14,2,3,3,0,0,30,0,0,0
1992.5,1,1,0,1,0,30,455,455,20,0,16,16,11,16,16,7,0,13,0,0,0
1992.5,1,1,0,1,0,35,254,254,14,0,10,9,3,4,4,1,0,10,0,0,0
1992.5,1,1,0,1,0,40,185,185,7,0,15,14,5,11,11,4,0,7,0,0,0
1992.5,1,1,0,1,0,45,118,118,9,0,5,5,3,4,4,2,0,3,0,0,0
1992.5,1,1,0,1,0,50,68,68,5,0,5,5,1,3,3,0,0,2,0,0,0
1992.5,1,1,0,1,0,55,47,47,5,0,2,2,1,1,1,1,0,1,0,0,0
1992.5,1,1,0,1,0,60,43,43,6,0,1,1,0,0,0,0,0,3,0,0,0
1992.5,1,1,0,1,0,100,0,0,0,0,0,0,0,0,0,0,0,0,0,0,0
1992.5,1,1,0,1,1,0,0,0,0,0,0,0,0,0,0,0,0,0,0,0,0
1992.5,1,1,0,1,1,5,0,0,0,0,0,0,0,0,0,0,0,0,0,0,0
1992.5,1,1,0,1,1,10,0,0,0,0,0,0,0,0,0,0,0,0,0,0,0
1992.5,1,1,0,1,1,15,0,0,0,0,0,0,0,0,0,0,0,0,0,0,0
1992.5,1,1,0,1,1,20,0,0,0,0,0,0,0,0,0,0,0,0,0,0,0
1992.5,1,1,0,1,1,25,0,0,0,0,0,0,0,0,0,0,0,0,0,0,0
1992.5,1,1,0,1,1,30,0,0,0,0,0,0,0,0,0,0,0,0,0,0,0
1992.5,1,1,0,1,1,35,0,0,0,0,0,0,0,0,0,0,0,0,0,0,0
1992.5,1,1,0,1,1,40,0,0,0,0,0,0,0,0,0,0,0,0,0,0,0
1992.5,1,1,0,1,1,45,0,0,0,0,0,0,0,0,0,0,0,0,0,0,0
1992.5,1,1,0,1,1,50,0,0,0,0,0,0,0,0,0,0,0,0,0,0,0
1992.5,1,1,0,1,1,55,0,0,0,0,0,0,0,0,0,0,0,0,0,0,0
1992.5,1,1,0,1,1,60,0,0,0,0,0,0,0,0,0,0,0,0,0,0,0
1992.5,1,1,0,1,1,100,0,0,0,0,0,0,0,0,0,0,0,0,0,0,0
1993,1,0,0,0,0,0,4384,0,0,0,41,0,0,0,0,0,0,0,0,0,0
1993,1,0,0,0,0,5,3876,0,0,0,3,0,0,0,0,0,0,0,0,0,1
1993,1,0,0,0,0,10,3308,0,0,0,1,0,0,0,0,0,0,0,0,0,2
1993,1,0,0,0,0,15,2693,0,0,0,2,0,0,0,0,0,0,0,0,0,3
1993,1,0,0,0,0,20,2176,0,0,0,3,0,0,0,0,0,0,0,0,0,12
1993,1,0,0,0,0,25,1639,0,0,0,2,0,0,0,0,0,0,0,0,0,6
1993,1,0,0,0,0,30,965,0,0,0,2,0,0,0,0,0,0,0,0,0,0
1993,1,0,0,0,0,35,609,0,0,0,1,0,0,0,0,0,0,0,0,0,0
1993,1,0,0,0,0,40,542,0,0,0,4,0,0,0,0,0,0,0,0,0,0
1993,1,0,0,0,0,45,539,0,0,0,7,0,0,0,0,0,0,0,0,0,0
1993,1,0,0,0,0,50,601,0,0,0,8,0,0,0,0,0,0,0,0,0,0
1993,1,0,0,0,0,55,468,0,0,0,3,0,0,0,0,0,0,0,0,0,0
1993,1,0,0,0,0,60,731,0,0,0,20,0,0,0,0,0,0,0,0,0,0
1993,1,0,0,0,0,100,0,0,0,0,0,0,0,0,0,0,0,0,0,0,0
1993,1,0,0,0,1,0,0,0,0,0,0,0,0,0,0,0,0,0,0,0,0
1993,1,0,0,0,1,5,0,0,0,0,0,0,0,0,0,0,0,0,0,0,0
1993,1,0,0,0,1,10,0,0,0,0,0,0,0,0,0,0,0,0,0,0,0
1993,1,0,0,0,1,15,0,0,0,0,0,0,0,0,0,0,0,0,0,0,0
1993,1,0,0,0,1,20,0,0,0,0,0,0,0,0,0,0,0,0,0,0,0
1993,1,0,0,0,1,25,0,0,0,0,0,0,0,0,0,0,0,0,0,0,0
1993,1,0,0,0,1,30,0,0,0,0,0,0,0,0,0,0,0,0,0,0,0
1993,1,0,0,0,1,35,0,0,0,0,0,0,0,0,0,0,0,0,0,0,0
1993,1,0,0,0,1,40,0,0,0,0,0,0,0,0,0,0,0,0,0,0,0
1993,1,0,0,0,1,45,0,0,0,0,0,0,0,0,0,0,0,0,0,0,0
1993,1,0,0,0,1,50,0,0,0,0,0,0,0,0,0,0,0,0,0,0,0
1993,1,0,0,0,1,55,0,0,0,0,0,0,0,0,0,0,0,0,0,0,0
1993,1,0,0,0,1,60,0,0,0,0,0,0,0,0,0,0,0,0,0,0,0
1993,1,0,0,0,1,100,0,0,0,0,0,0,0,0,0,0,0,0,0,0,0
1993,1,0,0,1,0,0,135,135,37,0,21,15,5,5,5,5,0,0,0,0,0
1993,1,0,0,1,0,5,56,56,0,0,0,0,0,0,0,0,0,0,0,0,0
1993,1,0,0,1,0,10,2,2,0,0,0,0,0,0,0,0,0,0,0,0,0
1993,1,0,0,1,0,15,57,57,16,0,0,0,1,1,1,1,0,11,0,0,0
1993,1,0,0,1,0,20,238,238,24,0,2,2,1,2,2,0,0,24,0,0,0
1993,1,0,0,1,0,25,411,411,25,0,5,5,4,7,7,2,0,55,0,0,1
1993,1,0,0,1,0,30,372,372,9,0,11,10,7,8,8,5,0,31,0,0,0
1993,1,0,0,1,0,35,221,221,7,0,5,4,2,6,6,3,0,18,0,0,0
1993,1,0,0,1,0,40,169,169,10,0,7,6,3,4,4,1,0,15,0,0,0
1993,1,0,0,1,0,45,106,106,6,0,9,8,2,2,2,2,0,9,0,0,0
1993,1,0,0,1,0,50,63,63,3,0,3,3,1,2,2,1,0,12,0,0,0
1993,1,0,0,1,0,55,46,46,3,0,4,4,1,3,3,0,0,1,0,0,0
1993,1,0,0,1,0,60,40,40,7,0,2,1,0,1,1,0,0,6,0,0,0
1993,1,0,0,1,0,100,0,0,0,0,0,0,0,0,0,0,0,0,0,0,0
1993,1,0,0,1,1,0,0,0,0,0,0,0,0,0,0,0,0,0,0,0,0
1993,1,0,0,1,1,5,0,0,0,0,0,0,0,0,0,0,0,0,0,0,0
1993,1,0,0,1,1,10,0,0,0,0,0,0,0,0,0,0,0,0,0,0,0
1993,1,0,0,1,1,15,0,0,0,0,0,0,0,0,0,0,0,0,0,0,0
1993,1,0,0,1,1,20,0,0,0,0,0,0,0,0,0,0,0,0,0,0,0
1993,1,0,0,1,1,25,0,0,0,0,0,0,0,0,0,0,0,0,0,0,0
1993,1,0,0,1,1,30,0,0,0,0,0,0,0,0,0,0,0,0,0,0,0
1993,1,0,0,1,1,35,0,0,0,0,0,0,0,0,0,0,0,0,0,0,0
1993,1,0,0,1,1,40,0,0,0,0,0,0,0,0,0,0,0,0,0,0,0
1993,1,0,0,1,1,45,0,0,0,0,0,0,0,0,0,0,0,0,0,0,0
1993,1,0,0,1,1,50,0,0,0,0,0,0,0,0,0,0,0,0,0,0,0
1993,1,0,0,1,1,55,0,0,0,0,0,0,0,0,0,0,0,0,0,0,0
1993,1,0,0,1,1,60,0,0,0,0,0,0,0,0,0,0,0,0,0,0,0
1993,1,0,0,1,1,100,0,0,0,0,0,0,0,0,0,0,0,0,0,0,0
1993,1,0,1,0,0,0,0,0,0,0,0,0,0,0,0,0,0,0,0,0,0
1993,1,0,1,0,0,5,2,0,0,0,0,0,0,0,0,0,0,0,0,0,0
1993,1,0,1,0,0,10,10,0,0,0,0,0,0,0,0,0,0,0,0,0,0
1993,1,0,1,0,0,15,52,0,0,0,0,0,0,0,0,0,0,0,0,0,0
1993,1,0,1,0,0,20,171,0,0,0,1,0,0,0,0,0,0,0,0,0,0
1993,1,0,1,0,0,25,190,0,0,0,1,0,0,0,0,0,0,0,0,0,0
1993,1,0,1,0,0,30,117,0,0,0,0,0,0,0,0,0,0,0,0,0,0
1993,1,0,1,0,0,35,56,0,0,0,1,0,0,0,0,0,0,0,0,0,0
1993,1,0,1,0,0,40,53,0,0,0,0,0,0,0,0,0,0,0,0,0,0
1993,1,0,1,0,0,45,47,0,0,0,0,0,0,0,0,0,0,0,0,0,0
1993,1,0,1,0,0,50,54,0,0,0,0,0,0,0,0,0,0,0,0,0,0
1993,1,0,1,0,0,55,50,0,0,0,0,0,0,0,0,0,0,0,0,0,0
1993,1,0,1,0,0,60,68,0,0,0,2,0,0,0,0,0,0,0,0,0,0
1993,1,0,1,0,0,100,0,0,0,0,0,0,0,0,0,0,0,0,0,0,0
1993,1,0,1,0,1,0,0,0,0,0,0,0,0,0,0,0,0,0,0,0,0
1993,1,0,1,0,1,5,0,0,0,0,0,0,0,0,0,0,0,0,0,0,0
1993,1,0,1,0,1,10,0,0,0,0,0,0,0,0,0,0,0,0,0,0,0
1993,1,0,1,0,1,15,0,0,0,0,0,0,0,0,0,0,0,0,0,0,0
1993,1,0,1,0,1,20,0,0,0,0,0,0,0,0,0,0,0,0,0,0,0
1993,1,0,1,0,1,25,0,0,0,0,0,0,0,0,0,0,0,0,0,0,0
1993,1,0,1,0,1,30,0,0,0,0,0,0,0,0,0,0,0,0,0,0,0
1993,1,0,1,0,1,35,0,0,0,0,0,0,0,0,0,0,0,0,0,0,0
1993,1,0,1,0,1,40,0,0,0,0,0,0,0,0,0,0,0,0,0,0,0
1993,1,0,1,0,1,45,0,0,0,0,0,0,0,0,0,0,0,0,0,0,0
1993,1,0,1,0,1,50,0,0,0,0,0,0,0,0,0,0,0,0,0,0,0
1993,1,0,1,0,1,55,0,0,0,0,0,0,0,0,0,0,0,0,0,0,0
1993,1,0,1,0,1,60,0,0,0,0,0,0,0,0,0,0,0,0,0,0,0
1993,1,0,1,0,1,100,0,0,0,0,0,0,0,0,0,0,0,0,0,0,0
1993,1,0,1,1,0,0,0,0,0,0,0,0,0,0,0,0,0,0,0,0,0
1993,1,0,1,1,0,5,0,0,0,0,0,0,0,0,0,0,0,0,0,0,0
1993,1,0,1,1,0,10,0,0,0,0,0,0,0,0,0,0,0,0,0,0,0
1993,1,0,1,1,0,15,0,0,0,0,0,0,0,0,0,0,0,0,0,0,0
1993,1,0,1,1,0,20,13,13,0,0,0,0,0,1,1,0,0,4,0,0,0
1993,1,0,1,1,0,25,28,28,0,0,0,0,0,0,0,0,0,2,0,0,0
1993,1,0,1,1,0,30,29,29,1,0,0,0,2,2,2,1,0,4,0,0,0
1993,1,0,1,1,0,35,18,18,0,0,1,1,0,0,0,0,0,1,0,0,0
1993,1,0,1,1,0,40,11,11,1,0,1,1,1,1,1,0,0,2,0,0,0
1993,1,0,1,1,0,45,11,11,0,0,1,1,0,0,0,0,0,1,0,0,0
1993,1,0,1,1,0,50,8,8,0,0,0,0,0,0,0,0,0,1,0,0,0
1993,1,0,1,1,0,55,3,3,0,0,0,0,0,0,0,0,0,0,0,0,0
1993,1,0,1,1,0,60,3,3,0,0,0,0,0,0,0,0,0,0,0,0,0
1993,1,0,1,1,0,100,0,0,0,0,0,0,0,0,0,0,0,0,0,0,0
1993,1,0,1,1,1,0,0,0,0,0,0,0,0,0,0,0,0,0,0,0,0
1993,1,0,1,1,1,5,0,0,0,0,0,0,0,0,0,0,0,0,0,0,0
1993,1,0,1,1,1,10,0,0,0,0,0,0,0,0,0,0,0,0,0,0,0
1993,1,0,1,1,1,15,0,0,0,0,0,0,0,0,0,0,0,0,0,0,0
1993,1,0,1,1,1,20,0,0,0,0,0,0,0,0,0,0,0,0,0,0,0
1993,1,0,1,1,1,25,0,0,0,0,0,0,0,0,0,0,0,0,0,0,0
1993,1,0,1,1,1,30,0,0,0,0,0,0,0,0,0,0,0,0,0,0,0
1993,1,0,1,1,1,35,0,0,0,0,0,0,0,0,0,0,0,0,0,0,0
1993,1,0,1,1,1,40,0,0,0,0,0,0,0,0,0,0,0,0,0,0,0
1993,1,0,1,1,1,45,0,0,0,0,0,0,0,0,0,0,0,0,0,0,0
1993,1,0,1,1,1,50,0,0,0,0,0,0,0,0,0,0,0,0,0,0,0
1993,1,0,1,1,1,55,0,0,0,0,0,0,0,0,0,0,0,0,0,0,0
1993,1,0,1,1,1,60,0,0,0,0,0,0,0,0,0,0,0,0,0,0,0
1993,1,0,1,1,1,100,0,0,0,0,0,0,0,0,0,0,0,0,0,0,0
1993,1,1,0,0,0,0,4488,0,0,0,16,0,0,0,0,0,0,0,0,0,0
1993,1,1,0,0,0,5,4034,0,0,0,1,0,0,0,0,0,0,0,0,0,0
1993,1,1,0,0,0,10,3539,0,0,0,3,0,0,0,0,0,0,0,0,0,0
1993,1,1,0,0,0,15,2650,0,0,0,1,0,0,0,0,0,0,0,0,0,0
1993,1,1,0,0,0,20,2105,0,0,0,1,0,0,0,0,0,0,0,0,0,0
1993,1,1,0,0,0,25,1688,0,0,0,2,0,0,0,0,0,0,0,0,0,0
1993,1,1,0,0,0,30,949,0,0,0,0,0,0,0,0,0,0,0,0,0,0
1993,1,1,0,0,0,35,621,0,0,0,1,0,0,0,0,0,0,0,0,0,0
1993,1,1,0,0,0,40,643,0,0,0,1,0,0,0,0,0,0,0,0,0,0
1993,1,1,0,0,0,45,707,0,0,0,1,0,0,0,0,0,0,0,0,0,0
1993,1,1,0,0,0,50,726,0,0,0,2,0,0,0,0,0,0,0,0,0,0
1993,1,1,0,0,0,55,702,0,0,0,8,0,0,0,0,0,0,0,0,0,0
1993,1,1,0,0,0,60,1186,0,0,0,25,0,0,0,0,0,0,0,0,0,0
1993,1,1,0,0,0,100,2,0,0,0,0,0,0,0,0,0,0,0,0,0,0
1993,1,1,0,0,1,0,0,0,0,0,0,0,0,0,0,0,0,0,0,0,0
1993,1,1,0,0,1,5,0,0,0,0,0,0,0,0,0,0,0,0,0,0,0
1993,1,1,0,0,1,10,0,0,0,0,0,0,0,0,0,0,0,0,0,0,0
1993,1,1,0,0,1,15,0,0,0,0,0,0,0,0,0,0,0,0,0,0,0
1993,1,1,0,0,1,20,0,0,0,0,0,0,0,0,0,0,0,0,0,0,0
1993,1,1,0,0,1,25,0,0,0,0,0,0,0,0,0,0,0,0,0,0,0
1993,1,1,0,0,1,30,0,0,0,0,0,0,0,0,0,0,0,0,0,0,0
1993,1,1,0,0,1,35,0,0,0,0,0,0,0,0,0,0,0,0,0,0,0
1993,1,1,0,0,1,40,0,0,0,0,0,0,0,0,0,0,0,0,0,0,0
1993,1,1,0,0,1,45,0,0,0,0,0,0,0,0,0,0,0,0,0,0,0
1993,1,1,0,0,1,50,0,0,0,0,0,0,0,0,0,0,0,0,0,0,0
1993,1,1,0,0,1,55,0,0,0,0,0,0,0,0,0,0,0,0,0,0,0
1993,1,1,0,0,1,60,0,0,0,0,0,0,0,0,0,0,0,0,0,0,0
1993,1,1,0,0,1,100,0,0,0,0,0,0,0,0,0,0,0,0,0,0,0
1993,1,1,0,1,0,0,148,148,25,0,16,16,4,7,7,4,0,0,0,0,0
1993,1,1,0,1,0,5,48,48,0,0,1,1,2,2,2,0,0,0,0,0,0
1993,1,1,0,1,0,10,25,25,12,0,3,3,1,1,1,1,0,3,0,0,0
1993,1,1,0,1,0,15,191,191,29,0,6,6,0,1,1,1,0,22,0,0,0
1993,1,1,0,1,0,20,585,585,64,0,12,10,2,3,3,1,0,18,0,0,0
1993,1,1,0,1,0,25,664,664,31,0,9,8,7,12,12,7,0,29,0,0,0
1993,1,1,0,1,0,30,486,486,21,0,19,17,9,15,15,3,0,10,0,0,0
1993,1,1,0,1,0,35,267,267,12,0,7,6,2,5,5,1,0,9,0,0,0
1993,1,1,0,1,0,40,189,189,7,0,13,13,3,6,6,0,0,11,0,0,0
1993,1,1,0,1,0,45,122,122,7,0,5,5,5,6,6,3,0,4,0,0,0
1993,1,1,0,1,0,50,72,72,7,0,7,7,0,3,3,0,0,3,0,0,0
1993,1,1,0,1,0,55,52,52,0,0,1,1,1,2,2,0,0,0,0,0,0
1993,1,1,0,1,0,60,51,51,7,0,2,2,1,1,1,1,0,3,0,0,0
1993,1,1,0,1,0,100,0,0,0,0,0,0,0,0,0,0,0,0,0,0,0
1993,1,1,0,1,1,0,0,0,0,0,0,0,0,0,0,0,0,0,0,0,0
1993,1,1,0,1,1,5,0,0,0,0,0,0,0,0,0,0,0,0,0,0,0
1993,1,1,0,1,1,10,0,0,0,0,0,0,0,0,0,0,0,0,0,0,0
1993,1,1,0,1,1,15,0,0,0,0,0,0,0,0,0,0,0,0,0,0,0
1993,1,1,0,1,1,20,0,0,0,0,0,0,0,0,0,0,0,0,0,0,0
1993,1,1,0,1,1,25,0,0,0,0,0,0,0,0,0,0,0,0,0,0,0
1993,1,1,0,1,1,30,0,0,0,0,0,0,0,0,0,0,0,0,0,0,0
1993,1,1,0,1,1,35,0,0,0,0,0,0,0,0,0,0,0,0,0,0,0
1993,1,1,0,1,1,40,0,0,0,0,0,0,0,0,0,0,0,0,0,0,0
1993,1,1,0,1,1,45,0,0,0,0,0,0,0,0,0,0,0,0,0,0,0
1993,1,1,0,1,1,50,0,0,0,0,0,0,0,0,0,0,0,0,0,0,0
1993,1,1,0,1,1,55,0,0,0,0,0,0,0,0,0,0,0,0,0,0,0
1993,1,1,0,1,1,60,0,0,0,0,0,0,0,0,0,0,0,0,0,0,0
1993,1,1,0,1,1,100,0,0,0,0,0,0,0,0,0,0,0,0,0,0,0
1993.5,1,0,0,0,0,0,4333,0,0,0,39,0,0,0,0,0,0,0,0,0,0
1993.5,1,0,0,0,0,5,3949,0,0,0,3,0,0,0,0,0,0,0,0,0,0
1993.5,1,0,0,0,0,10,3354,0,0,0,3,0,0,0,0,0,0,0,0,0,3
1993.5,1,0,0,0,0,15,2709,0,0,0,5,0,0,0,0,0,0,0,0,0,12
1993.5,1,0,0,0,0,20,2208,0,0,0,5,0,0,0,0,0,0,0,0,0,8
1993.5,1,0,0,0,0,25,1658,0,0,0,1,0,0,0,0,0,0,0,0,0,5
1993.5,1,0,0,0,0,30,1035,0,0,0,0,0,0,0,0,0,0,0,0,0,2
1993.5,1,0,0,0,0,35,593,0,0,0,1,0,0,0,0,0,0,0,0,0,0
1993.5,1,0,0,0,0,40,545,0,0,0,2,0,0,0,0,0,0,0,0,0,0
1993.5,1,0,0,0,0,45,518,0,0,0,6,0,0,0,0,0,0,0,0,0,0
1993.5,1,0,0,0,0,50,581,0,0,0,5,0,0,0,0,0,0,0,0,0,0
1993.5,1,0,0,0,0,55,486,0,0,0,3,0,0,0,0,0,0,0,0,0,0
1993.5,1,0,0,0,0,60,742,0,0,0,20,0,0,0,0,0,0,0,0,0,0
1993.5,1,0,0,0,0,100,0,0,0,0,0,0,0,0,0,0,0,0,0,0,0
1993.5,1,0,0,0,1,0,0,0,0,0,0,0,0,0,0,0,0,0,0,0,0
1993.5,1,0,0,0,1,5,0,0,0,0,0,0,0,0,0,0,0,0,0,0,0
1993.5,1,0,0,0,1,10,0,0,0,0,0,0,0,0,0,0,0,0,0,0,0
1993.5,1,0,0,0,1,15,0,0,0,0,0,0,0,0,0,0,0,0,0,0,0
1993.5,1,0,0,0,1,20,0,0,0,0,0,0,0,0,0,0,0,0,0,0,0
1993.5,1,0,0,0,1,25,0,0,0,0,0,0,0,0,0,0,0,0,0,0,0
1993.5,1,0,0,0,1,30,0,0,0,0,0,0,0,0,0,0,0,0,0,0,0
1993.5,1,0,0,0,1,35,0,0,0,0,0,0,0,0,0,0,0,0,0,0,0
1993.5,1,0,0,0,1,40,0,0,0,0,0,0,0,0,0,0,0,0,0,0,0
1993.5,1,0,0,0,1,45,0,0,0,0,0,0,0,0,0,0,0,0,0,0,0
1993.5,1,0,0,0,1,50,0,0,0,0,0,0,0,0,0,0,0,0,0,0,0
1993.5,1,0,0,0,1,55,0,0,0,0,0,0,0,0,0,0,0,0,0,0,0
1993.5,1,0,0,0,1,60,0,0,0,0,0,0,0,0,0,0,0,0,0,0,0
1993.5,1,0,0,0,1,100,0,0,0,0,0,0,0,0,0,0,0,0,0,0,0
1993.5,1,0,0,1,0,0,153,153,45,0,17,16,6,7,7,4,0,0,0,0,0
1993.5,1,0,0,1,0,5,63,63,0,0,1,1,0,0,0,0,0,0,0,0,0
1993.5,1,0,0,1,0,10,4,4,0,0,0,0,0,0,0,0,0,0,0,0,0
1993.5,1,0,0,1,0,15,53,53,13,0,0,0,1,1,1,0,0,14,0,0,0
1993.5,1,0,0,1,0,20,241,241,26,0,3,2,0,1,1,0,0,25,0,0,0
1993.5,1,0,0,1,0,25,432,432,31,0,5,4,5,8,8,3,0,47,0,0,0
1993.5,1,0,0,1,0,30,389,389,16,0,4,4,8,10,10,3,0,27,0,0,0
1993.5,1,0,0,1,0,35,240,240,7,0,8,7,3,5,5,1,0,19,0,0,0
1993.5,1,0,0,1,0,40,166,166,9,0,9,9,3,3,3,2,0,16,0,0,0
1993.5,1,0,0,1,0,45,112,112,5,0,6,4,2,2,2,0,0,15,0,0,0
1993.5,1,0,0,1,0,50,72,72,4,0,2,2,1,2,2,1,0,8,0,0,0
1993.5,1,0,0,1,0,55,45,45,2,0,3,1,0,2,2,1,0,4,0,0,0
1993.5,1,0,0,1,0,60,51,51,9,0,3,3,1,1,1,0,0,7,0,0,0
1993.5,1,0,0,1,0,100,0,0,0,0,0,0,0,0,0,0,0,0,0,0,0
1993.5,1,0,0,1,1,0,0,0,0,0,0,0,0,0,0,0,0,0,0,0,0
1993.5,1,0,0,1,1,5,0,0,0,0,0,0,0,0,0,0,0,0,0,0,0
1993.5,1,0,0,1,1,10,0,0,0,0,0,0,0,0,0,0,0,0,0,0,0
1993.5,1,0,0,1,1,15,0,0,0,0,0,0,0,0,0,0,0,0,0,0,0
1993.5,1,0,0,1,1,20,0,0,0,0,0,0,0,0,0,0,0,0,0,0,0
1993.5,1,0,0,1,1,25,0,0,0,0,0,0,0,0,0,0,0,0,0,0,0
1993.5,1,0,0,1,1,30,0,0,0,0,0,0,0,0,0,0,0,0,0,0,0
1993.5,1,0,0,1,1,35,0,0,0,0,0,0,0,0,0,0,0,0,0,0,0
1993.5,1,0,0,1,1,40,0,0,0,0,0,0,0,0,0,0,0,0,0,0,0
1993.5,1,0,0,1,1,45,0,0,0,0,0,0,0,0,0,0,0,0,0,0,0
1993.5,1,0,0,1,1,50,0,0,0,0,0,0,0,0,0,0,0,0,0,0,0
1993.5,1,0,0,1,1,55,0,0,0,0,0,0,0,0,0,0,0,0,0,0,0
1993.5,1,0,0,1,1,60,0,0,0,0,0,0,0,0,0,0,0,0,0,0,0
1993.5,1,0,0,1,1,100,0,0,0,0,0,0,0,0,0,0,0,0,0,0,0
1993.5,1,0,1,0,0,0,0,0,0,0,0,0,0,0,0,0,0,0,0,0,0
1993.5,1,0,1,0,0,5,1,0,0,0,0,0,0,0,0,0,0,0,0,0,0
1993.5,1,0,1,0,0,10,11,0,0,0,0,0,0,0,0,0,0,0,0,0,0
1993.5,1,0,1,0,0,15,61,0,0,0,0,0,0,0,0,0,0,0,0,0,0
1993.5,1,0,1,0,0,20,155,0,0,0,0,0,0,0,0,0,0,0,0,0,0
1993.5,1,0,1,0,0,25,195,0,0,0,1,0,0,0,0,0,0,0,0,0,0
1993.5,1,0,1,0,0,30,133,0,0,0,0,0,0,0,0,0,0,0,0,0,0
1993.5,1,0,1,0,0,35,55,0,0,0,0,0,0,0,0,0,0,0,0,0,0
1993.5,1,0,1,0,0,40,49,0,0,0,0,0,0,0,0,0,0,0,0,0,0
1993.5,1,0,1,0,0,45,53,0,0,0,0,0,0,0,0,0,0,0,0,0,0
1993.5,1,0,1,0,0,50,50,0,0,0,1,0,0,0,0,0,0,0,0,0,0
1993.5,1,0,1,0,0,55,50,0,0,0,1,0,0,0,0,0,0,0,0,0,0
1993.5,1,0,1,0,0,60,68,0,0,0,5,0,0,0,0,0,0,0,0,0,0
1993.5,1,0,1,0,0,100,0,0,0,0,0,0,0,0,0,0,0,0,0,0,0
1993.5,1,0,1,0,1,0,0,0,0,0,0,0,0,0,0,0,0,0,0,0,0
1993.5,1,0,1,0,1,5,0,0,0,0,0,0,0,0,0,0,0,0,0,0,0
1993.5,1,0,1,0,1,10,0,0,0,0,0,0,0,0,0,0,0,0,0,0,0
1993.5,1,0,1,0,1,15,0,0,0,0,0,0,0,0,0,0,0,0,0,0,0
1993.5,1,0,1,0,1,20,0,0,0,0,0,0,0,0,0,0,0,0,0,0,0
1993.5,1,0,1,0,1,25,0,0,0,0,0,0,0,0,0,0,0,0,0,0,0
1993.5,1,0,1,0,1,30,0,0,0,0,0,0,0,0,0,0,0,0,0,0,0
1993.5,1,0,1,0,1,35,0,0,0,0,0,0,0,0,0,0,0,0,0,0,0
1993.5,1,0,1,0,1,40,0,0,0,0,0,0,0,0,0,0,0,0,0,0,0
1993.5,1,0,1,0,1,45,0,0,0,0,0,0,0,0,0,0,0,0,0,0,0
1993.5,1,0,1,0,1,50,0,0,0,0,0,0,0,0,0,0,0,0,0,0,0
1993.5,1,0,1,0,1,55,0,0,0,0,0,0,0,0,0,0,0,0,0,0,0
1993.5,1,0,1,0,1,60,0,0,0,0,0,0,0,0,0,0,0,0,0,0,0
1993.5,1,0,1,0,1,100,0,0,0,0,0,0,0,0,0,0,0,0,0,0,0
1993.5,1,0,1,1,0,0,0,0,0,0,0,0,0,0,0,0,0,0,0,0,0
1993.5,1,0,1,1,0,5,0,0,0,0,0,0,0,0,0,0,0,0,0,0,0
1993.5,1,0,1,1,0,10,0,0,0,0,0,0,0,0,0,0,0,0,0,0,0
1993.5,1,0,1,1,0,15,0,0,0,0,0,0,0,0,0,0,0,0,0,0,0
1993.5,1,0,1,1,0,20,13,13,2,0,0,0,0,1,1,0,0,2,0,0,0
1993.5,1,0,1,1,0,25,33,33,5,0,0,0,0,0,0,0,0,1,0,0,0
1993.5,1,0,1,1,0,30,27,27,0,0,1,1,1,1,1,0,0,3,0,0,0
1993.5,1,0,1,1,0,35,22,22,2,0,0,0,0,0,0,0,0,1,0,0,0
1993.5,1,0,1,1,0,40,10,10,0,0,0,0,0,1,1,0,0,0,0,0,0
1993.5,1,0,1,1,0,45,11,11,1,0,1,1,0,0,0,0,0,2,0,0,0
1993.5,1,0,1,1,0,50,9,9,0,0,0,0,0,0,0,0,0,1,0,0,0
1993.5,1,0,1,1,0,55,4,4,1,0,0,0,0,0,0,0,0,0,0,0,0
1993.5,1,0,1,1,0,60,3,3,0,0,0,0,0,0,0,0,0,0,0,0,0
1993.5,1,0,1,1,0,100,0,0,0,0,0,0,0,0,0,0,0,0,0,0,0
1993.5,1,0,1,1,1,0,0,0,0,0,0,0,0,0,0,0,0,0,0,0,0
1993.5,1,0,1,1,1,5,0,0,0,0,0,0,0,0,0,0,0,0,0,0,0
1993.5,1,0,1,1,1,10,0,0,0,0,0,0,0,0,0,0,0,0,0,0,0
1993.5,1,0,1,1,1,15,0,0,0,0,0,0,0,0,0,0,0,0,0,0,0
1993.5,1,0,1,1,1,20,0,0,0,0,0,0,0,0,0,0,0,0,0,0,0
1993.5,1,0,1,1,1,25,0,0,0,0,0,0,0,0,0,0,0,0,0,0,0
1993.5,1,0,1,1,1,30,0,0,0,0,0,0,0,0,0,0,0,0,0,0,0
1993.5,1,0,1,1,1,35,0,0,0,0,0,0,0,0,0,0,0,0,0,0,0
1993.5,1,0,1,1,1,40,0,0,0,0,0,0,0,0,0,0,0,0,0,0,0
1993.5,1,0,1,1,1,45,0,0,0,0,0,0,0,0,0,0,0,0,0,0,0
1993.5,1,0,1,1,1,50,0,0,0,0,0,0,0,0,0,0,0,0,0,0,0
1993.5,1,0,1,1,1,55,0,0,0,0,0,0,0,0,0,0,0,0,0,0,0
1993.5,1,0,1,1,1,60,0,0,0,0,0,0,0,0,0,0,0,0,0,0,0
1993.5,1,0,1,1,1,100,0,0,0,0,0,0,0,0,0,0,0,0,0,0,0
1993.5,1,1,0,0,0,0,4474,0,0,0,24,0,0,0,0,0,0,0,0,0,0
1993.5,1,1,0,0,0,5,4080,0,0,0,1,0,0,0,0,0,0,0,0,0,0
1993.5,1,1,0,0,0,10,3584,0,0,0,0,0,0,0,0,0,0,0,0,0,0
1993.5,1,1,0,0,0,15,2721,0,0,0,0,0,0,0,0,0,0,0,0,0,0
1993.5,1,1,0,0,0,20,2099,0,0,0,4,0,0,0,0,0,0,0,0,0,0
1993.5,1,1,0,0,0,25,1679,0,0,0,2,0,0,0,0,0,0,0,0,0,0
1993.5,1,1,0,0,0,30,1007,0,0,0,2,0,0,0,0,0,0,0,0,0,0
1993.5,1,1,0,0,0,35,618,0,0,0,0,0,0,0,0,0,0,0,0,0,0
1993.5,1,1,0,0,0,40,630,0,0,0,0,0,0,0,0,0,0,0,0,0,0
1993.5,1,1,0,0,0,45,687,0,0,0,0,0,0,0,0,0,0,0,0,0,0
1993.5,1,1,0,0,0,50,715,0,0,0,7,0,0,0,0,0,0,0,0,0,0
1993.5,1,1,0,0,0,55,706,0,0,0,8,0,0,0,0,0,0,0,0,0,0
1993.5,1,1,0,0,0,60,1203,0,0,0,31,0,0,0,0,0,0,0,0,0,0
1993.5,1,1,0,0,0,100,2,0,0,0,0,0,0,0,0,0,0,0,0,0,0
1993.5,1,1,0,0,1,0,0,0,0,0,0,0,0,0,0,0,0,0,0,0,0
1993.5,1,1,0,0,1,5,0,0,0,0,0,0,0,0,0,0,0,0,0,0,0
1993.5,1,1,0,0,1,10,0,0,0,0,0,0,0,0,0,0,0,0,0,0,0
1993.5,1,1,0,0,1,15,0,0,0,0,0,0,0,0,0,0,0,0,0,0,0
1993.5,1,1,0,0,1,20,0,0,0,0,0,0,0,0,0,0,0,0,0,0,0
1993.5,1,1,0,0,1,25,0,0,0,0,0,0,0,0,0,0,0,0,0,0,0
1993.5,1,1,0,0,1,30,0,0,0,0,0,0,0,0,0,0,0,0,0,0,0
1993.5,1,1,0,0,1,35,0,0,0,0,0,0,0,0,0,0,0,0,0,0,0
1993.5,1,1,0,0,1,40,0,0,0,0,0,0,0,0,0,0,0,0,0,0,0
1993.5,1,1,0,0,1,45,0,0,0,0,0,0,0,0,0,0,0,0,0,0,0
1993.5,1,1,0,0,1,50,0,0,0,0,0,0,0,0,0,0,0,0,0,0,0
1993.5,1,1,0,0,1,55,0,0,0,0,0,0,0,0,0,0,0,0,0,0,0
1993.5,1,1,0,0,1,60,0,0,0,0,0,0,0,0,0,0,0,0,0,0,0
1993.5,1,1,0,0,1,100,0,0,0,0,0,0,0,0,0,0,0,0,0,0,0
1993.5,1,1,0,1,0,0,162,162,41,0,18,18,7,8,8,6,0,0,0,0,0
1993.5,1,1,0,1,0,5,52,52,0,0,1,1,0,1,1,0,0,0,0,0,0
1993.5,1,1,0,1,0,10,16,16,5,0,5,5,2,2,2,2,0,5,0,0,0
1993.5,1,1,0,1,0,15,196,196,33,0,3,3,0,1,1,0,0,17,0,0,0
1993.5,1,1,0,1,0,20,569,569,48,0,10,9,1,2,2,1,0,40,0,0,0
1993.5,1,1,0,1,0,25,699,699,35,0,15,14,8,11,11,4,0,30,0,0,0
1993.5,1,1,0,1,0,30,539,539,20,0,11,11,12,21,21,7,0,10,0,0,0
1993.5,1,1,0,1,0,35,280,280,14,0,6,6,5,9,9,5,0,6,0,0,0
1993.5,1,1,0,1,0,40,188,188,6,0,10,10,3,5,5,3,0,5,0,0,0
1993.5,1,1,0,1,0,45,130,130,8,0,7,7,2,4,4,1,0,9,0,0,0
1993.5,1,1,0,1,0,50,83,83,9,0,4,4,1,3,3,1,0,5,0,0,0
1993.5,1,1,0,1,0,55,55,55,8,0,3,3,1,3,3,1,0,4,0,0,0
1993.5,1,1,0,1,0,60,58,58,6,0,4,4,2,2,2,1,0,2,0,0,0
1993.5,1,1,0,1,0,100,0,0,0,0,0,0,0,0,0,0,0,0,0,0,0
1993.5,1,1,0,1,1,0,0,0,0,0,0,0,0,0,0,0,0,0,0,0,0
1993.5,1,1,0,1,1,5,0,0,0,0,0,0,0,0,0,0,0,0,0,0,0
1993.5,1,1,0,1,1,10,0,0,0,0,0,0,0,0,0,0,0,0,0,0,0
1993.5,1,1,0,1,1,15,0,0,0,0,0,0,0,0,0,0,0,0,0,0,0
1993.5,1,1,0,1,1,20,0,0,0,0,0,0,0,0,0,0,0,0,0,0,0
1993.5,1,1,0,1,1,25,0,0,0,0,0,0,0,0,0,0,0,0,0,0,0
1993.5,1,1,0,1,1,30,0,0,0,0,0,0,0,0,0,0,0,0,0,0,0
1993.5,1,1,0,1,1,35,0,0,0,0,0,0,0,0,0,0,0,0,0,0,0
1993.5,1,1,0,1,1,40,0,0,0,0,0,0,0,0,0,0,0,0,0,0,0
1993.5,1,1,0,1,1,45,0,0,0,0,0,0,0,0,0,0,0,0,0,0,0
1993.5,1,1,0,1,1,50,0,0,0,0,0,0,0,0,0,0,0,0,0,0,0
1993.5,1,1,0,1,1,55,0,0,0,0,0,0,0,0,0,0,0,0,0,0,0
1993.5,1,1,0,1,1,60,0,0,0,0,0,0,0,0,0,0,0,0,0,0,0
1993.5,1,1,0,1,1,100,0,0,0,0,0,0,0,0,0,0,0,0,0,0,0
1994,1,0,0,0,0,0,4364,0,0,0,38,0,0,0,0,0,0,0,0,0,0
1994,1,0,0,0,0,5,3987,0,0,0,1,0,0,0,0,0,0,0,0,0,2
1994,1,0,0,0,0,10,3415,0,0,0,3,0,0,0,0,0,0,0,0,0,2
1994,1,0,0,0,0,15,2752,0,0,0,4,0,0,0,0,0,0,0,0,0,5
1994,1,0,0,0,0,20,2239,0,0,0,2,0,0,0,0,0,0,0,0,0,11
1994,1,0,0,0,0,25,1660,0,0,0,2,0,0,0,0,0,0,0,0,0,6
1994,1,0,0,0,0,30,1095,0,0,0,6,0,0,0,0,0,0,0,0,0,1
1994,1,0,0,0,0,35,563,0,0,0,2,0,0,0,0,0,0,0,0,0,0
1994,1,0,0,0,0,40,559,0,0,0,2,0,0,0,0,0,0,0,0,0,0
1994,1,0,0,0,0,45,518,0,0,0,3,0,0,0,0,0,0,0,0,0,0
1994,1,0,0,0,0,50,555,0,0,0,4,0,0,0,0,0,0,0,0,0,0
1994,1,0,0,0,0,55,506,0,0,0,4,0,0,0,0,0,0,0,0,0,0
1994,1,0,0,0,0,60,757,0,0,0,18,0,0,0,0,0,0,0,0,0,0
1994,1,0,0,0,0,100,0,0,0,0,0,0,0,0,0,0,0,0,0,0,0
1994,1,0,0,0,1,0,0,0,0,0,0,0,0,0,0,0,0,0,0,0,0
1994,1,0,0,0,1,5,0,0,0,0,0,0,0,0,0,0,0,0,0,0,0
1994,1,0,0,0,1,10,0,0,0,0,0,0,0,0,0,0,0,0,0,0,0
1994,1,0,0,0,1,15,0,0,0,0,0,0,0,0,0,0,0,0,0,0,0
1994,1,0,0,0,1,20,0,0,0,0,0,0,0,0,0,0,0,0,0,0,0
1994,1,0,0,0,1,25,0,0,0,0,0,0,0,0,0,0,0,0,0,0,0
1994,1,0,0,0,1,30,0,0,0,0,0,0,0,0,0,0,0,0,0,0,0
1994,1,0,0,0,1,35,0,0,0,0,0,0,0,0,0,0,0,0,0,0,0
1994,1,0,0,0,1,40,0,0,0,0,0,0,0,0,0,0,0,0,0,0,0
1994,1,0,0,0,1,45,0,0,0,0,0,0,0,0,0,0,0,0,0,0,0
1994,1,0,0,0,1,50,0,0,0,0,0,0,0,0,0,0,0,0,0,0,0
1994,1,0,0,0,1,55,0,0,0,0,0,0,0,0,0,0,0,0,0,0,0
1994,1,0,0,0,1,60,0,0,0,0,0,0,0,0,0,0,0,0,0,0,0
1994,1,0,0,0,1,100,0,0,0,0,0,0,0,0,0,0,0,0,0,0,0
1994,1,0,0,1,0,0,150,150,26,0,31,28,10,12,12,10,0,0,0,0,0
1994,1,0,0,1,0,5,66,66,0,0,3,2,1,1,1,1,0,0,0,0,0
1994,1,0,0,1,0,10,8,8,0,0,0,0,0,0,0,0,0,0,0,0,0
1994,1,0,0,1,0,15,49,49,12,0,1,1,0,0,0,0,0,7,0,0,0
1994,1,0,0,1,0,20,242,242,24,0,2,1,1,1,1,1,0,23,0,0,3
1994,1,0,0,1,0,25,427,427,19,0,6,6,3,7,7,1,0,49,0,0,1
1994,1,0,0,1,0,30,419,419,18,0,12,11,7,10,10,3,0,37,0,0,1
1994,1,0,0,1,0,35,255,255,15,0,4,4,3,6,6,2,0,18,0,0,0
1994,1,0,0,1,0,40,175,175,6,0,8,8,5,8,8,4,0,19,0,0,0
1994,1,0,0,1,0,45,124,124,8,0,4,4,1,2,2,1,0,8,0,0,0
1994,1,0,0,1,0,50,68,68,2,0,8,7,2,3,3,1,0,6,0,0,0
1994,1,0,0,1,0,55,49,49,2,0,2,2,2,3,3,2,0,3,0,0,0
1994,1,0,0,1,0,60,53,53,5,0,3,2,3,3,3,2,0,4,0,0,0
1994,1,0,0,1,0,100,0,0,0,0,0,0,0,0,0,0,0,0,0,0,0
1994,1,0,0,1,1,0,0,0,0,0,0,0,0,0,0,0,0,0,0,0,0
1994,1,0,0,1,1,5,0,0,0,0,0,0,0,0,0,0,0,0,0,0,0
1994,1,0,0,1,1,10,0,0,0,0,0,0,0,0,0,0,0,0,0,0,0
1994,1,0,0,1,1,15,0,0,0,0,0,0,0,0,0,0,0,0,0,0,0
1994,1,0,0,1,1,20,0,0,0,0,0,0,0,0,0,0,0,0,0,0,0
1994,1,0,0,1,1,25,0,0,0,0,0,0,0,0,0,0,0,0,0,0,0
1994,1,0,0,1,1,30,0,0,0,0,0,0,0,0,0,0,0,0,0,0,0
1994,1,0,0,1,1,35,0,0,0,0,0,0,0,0,0,0,0,0,0,0,0
1994,1,0,0,1,1,40,0,0,0,0,0,0,0,0,0,0,0,0,0,0,0
1994,1,0,0,1,1,45,0,0,0,0,0,0,0,0,0,0,0,0,0,0,0
1994,1,0,0,1,1,50,0,0,0,0,0,0,0,0,0,0,0,0,0,0,0
1994,1,0,0,1,1,55,0,0,0,0,0,0,0,0,0,0,0,0,0,0,0
1994,1,0,0,1,1,60,0,0,0,0,0,0,0,0,0,0,0,0,0,0,0
1994,1,0,0,1,1,100,0,0,0,0,0,0,0,0,0,0,0,0,0,0,0
1994,1,0,1,0,0,0,0,0,0,0,0,0,0,0,0,0,0,0,0,0,0
1994,1,0,1,0,0,5,2,0,0,0,0,0,0,0,0,0,0,0,0,0,0
1994,1,0,1,0,0,10,11,0,0,0,0,0,0,0,0,0,0,0,0,0,0
1994,1,0,1,0,0,15,60,0,0,0,0,0,0,0,0,0,0,0,0,0,0
1994,1,0,1,0,0,20,147,0,0,0,0,0,0,0,0,0,0,0,0,0,0
1994,1,0,1,0,0,25,208,0,0,0,2,0,0,0,0,0,0,0,0,0,0
1994,1,0,1,0,0,30,145,0,0,0,0,0,0,0,0,0,0,0,0,0,0
1994,1,0,1,0,0,35,56,0,0,0,0,0,0,0,0,0,0,0,0,0,0
1994,1,0,1,0,0,40,49,0,0,0,1,0,0,0,0,0,0,0,0,0,0
1994,1,0,1,0,0,45,47,0,0,0,0,0,0,0,0,0,0,0,0,0,0
1994,1,0,1,0,0,50,56,0,0,0,1,0,0,0,0,0,0,0,0,0,0
1994,1,0,1,0,0,55,49,0,0,0,0,0,0,0,0,0,0,0,0,0,0
1994,1,0,1,0,0,60,65,0,0,0,4,0,0,0,0,0,0,0,0,0,0
1994,1,0,1,0,0,100,0,0,0,0,0,0,0,0,0,0,0,0,0,0,0
1994,1,0,1,0,1,0,0,0,0,0,0,0,0,0,0,0,0,0,0,0,0
1994,1,0,1,0,1,5,0,0,0,0,0,0,0,0,0,0,0,0,0,0,0
1994,1,0,1,0,1,10,0,0,0,0,0,0,0,0,0,0,0,0,0,0,0
1994,1,0,1,0,1,15,0,0,0,0,0,0,0,0,0,0,0,0,0,0,0
1994,1,0,1,0,1,20,0,0,0,0,0,0,0,0,0,0,0,0,0,0,0
1994,1,0,1,0,1,25,0,0,0,0,0,0,0,0,0,0,0,0,0,0,0
1994,1,0,1,0,1,30,0,0,0,0,0,0,0,0,0,0,0,0,0,0,0
1994,1,0,1,0,1,35,0,0,0,0,0,0,0,0,0,0,0,0,0,0,0
1994,1,0,1,0,1,40,0,0,0,0,0,0,0,0,0,0,0,0,0,0,0
1994,1,0,1,0,1,45,0,0,0,0,0,0,0,0,0,0,0,0,0,0,0
1994,1,0,1,0,1,50,0,0,0,0,0,0,0,0,0,0,0,0,0,0,0
1994,1,0,1,0,1,55,0,0,0,0,0,0,0,0,0,0,0,0,0,0,0
1994,1,0,1,0,1,60,0,0,0,0,0,0,0,0,0,0,0,0,0,0,0
1994,1,0,1,0,1,100,0,0,0,0,0,0,0,0,0,0,0,0,0,0,0
1994,1,0,1,1,0,0,0,0,0,0,0,0,0,0,0,0,0,0,0,0,0
1994,1,0,1,1,0,5,0,0,0,0,0,0,0,0,0,0,0,0,0,0,0
1994,1,0,1,1,0,10,0,0,0,0,0,0,0,0,0,0,0,0,0,0,0
1994,1,0,1,1,0,15,0,0,0,0,0,0,0,0,0,0,0,0,0,0,0
1994,1,0,1,1,0,20,11,11,1,0,1,0,0,1,1,0,0,2,0,0,0
1994,1,0,1,1,0,25,34,34,1,0,0,0,0,0,0,0,0,3,0,0,0
1994,1,0,1,1,0,30,32,32,0,0,2,2,1,2,2,1,0,3,0,0,0
1994,1,0,1,1,0,35,21,21,0,0,0,0,0,0,0,0,0,2,0,0,0
1994,1,0,1,1,0,40,11,11,0,0,0,0,0,1,1,0,0,3,0,0,0
1994,1,0,1,1,0,45,12,12,0,0,0,0,0,0,0,0,0,1,0,0,0
1994,1,0,1,1,0,50,8,8,0,0,0,0,1,1,1,1,0,0,0,0,0
1994,1,0,1,1,0,55,4,4,0,0,2,2,0,0,0,0,0,0,0,0,0
1994,1,0,1,1,0,60,4,4,1,0,1,1,0,0,0,0,0,0,0,0,0
1994,1,0,1,1,0,100,0,0,0,0,0,0,0,0,0,0,0,0,0,0,0
1994,1,0,1,1,1,0,0,0,0,0,0,0,0,0,0,0,0,0,0,0,0
1994,1,0,1,1,1,5,0,0,0,0,0,0,0,0,0,0,0,0,0,0,0
1994,1,0,1,1,1,10,0,0,0,0,0,0,0,0,0,0,0,0,0,0,0
1994,1,0,1,1,1,15,0,0,0,0,0,0,0,0,0,0,0,0,0,0,0
1994,1,0,1,1,1,20,0,0,0,0,0,0,0,0,0,0,0,0,0,0,0
1994,1,0,1,1,1,25,0,0,0,0,0,0,0,0,0,0,0,0,0,0,0
1994,1,0,1,1,1,30,0,0,0,0,0,0,0,0,0,0,0,0,0,0,0
1994,1,0,1,1,1,35,0,0,0,0,0,0,0,0,0,0,0,0,0,0,0
1994,1,0,1,1,1,40,0,0,0,0,0,0,0,0,0,0,0,0,0,0,0
1994,1,0,1,1,1,45,0,0,0,0,0,0,0,0,0,0,0,0,0,0,0
1994,1,0,1,1,1,50,0,0,0,0,0,0,0,0,0,0,0,0,0,0,0
1994,1,0,1,1,1,55,0,0,0,0,0,0,0,0,0,0,0,0,0,0,0
1994,1,0,1,1,1,60,0,0,0,0,0,0,0,0,0,0,0,0,0,0,0
1994,1,0,1,1,1,100,0,0,0,0,0,0,0,0,0,0,0,0,0,0,0
1994,1,1,0,0,0,0,4452,0,0,0,25,0,0,0,0,0,0,0,0,0,0
1994,1,1,0,0,0,5,4146,0,0,0,1,0,0,0,0,0,0,0,0,0,0
1994,1,1,0,0,0,10,3655,0,0,0,2,0,0,0,0,0,0,0,0,0,0
1994,1,1,0,0,0,15,2756,0,0,0,0,0,0,0,0,0,0,0,0,0,0
1994,1,1,0,0,0,20,2103,0,0,0,1,0,0,0,0,0,0,0,0,0,0
1994,1,1,0,0,0,25,1692,0,0,0,2,0,0,0,0,0,0,0,0,0,0
1994,1,1,0,0,0,30,1044,0,0,0,5,0,0,0,0,0,0,0,0,0,0
1994,1,1,0,0,0,35,619,0,0,0,1,0,0,0,0,0,0,0,0,0,0
1994,1,1,0,0,0,40,605,0,0,0,1,0,0,0,0,0,0,0,0,0,0
1994,1,1,0,0,0,45,688,0,0,0,0,0,0,0,0,0,0,0,0,0,0
1994,1,1,0,0,0,50,713,0,0,0,4,0,0,0,0,0,0,0,0,0,0
1994,1,1,0,0,0,55,690,0,0,0,4,0,0,0,0,0,0,0,0,0,0
1994,1,1,0,0,0,60,1248,0,0,0,22,0,0,0,0,0,0,0,0,0,0
1994,1,1,0,0,0,100,2,0,0,0,0,0,0,0,0,0,0,0,0,0,0
1994,1,1,0,0,1,0,0,0,0,0,0,0,0,0,0,0,0,0,0,0,0
1994,1,1,0,0,1,5,0,0,0,0,0,0,0,0,0,0,0,0,0,0,0
1994,1,1,0,0,1,10,0,0,0,0,0,0,0,0,0,0,0,0,0,0,0
1994,1,1,0,0,1,15,0,0,0,0,0,0,0,0,0,0,0,0,0,0,0
1994,1,1,0,0,1,20,0,0,0,0,0,0,0,0,0,0,0,0,0,0,0
1994,1,1,0,0,1,25,0,0,0,0,0,0,0,0,0,0,0,0,0,0,0
1994,1,1,0,0,1,30,0,0,0,0,0,0,0,0,0,0,0,0,0,0,0
1994,1,1,0,0,1,35,0,0,0,0,0,0,0,0,0,0,0,0,0,0,0
1994,1,1,0,0,1,40,0,0,0,0,0,0,0,0,0,0,0,0,0,0,0
1994,1,1,0,0,1,45,0,0,0,0,0,0,0,0,0,0,0,0,0,0,0
1994,1,1,0,0,1,50,0,0,0,0,0,0,0,0,0,0,0,0,0,0,0
1994,1,1,0,0,1,55,0,0,0,0,0,0,0,0,0,0,0,0,0,0,0
1994,1,1,0,0,1,60,0,0,0,0,0,0,0,0,0,0,0,0,0,0,0
1994,1,1,0,0,1,100,0,0,0,0,0,0,0,0,0,0,0,0,0,0,0
1994,1,1,0,1,0,0,167,167,33,0,22,21,7,9,9,5,0,0,0,0,0
1994,1,1,0,1,0,5,59,59,0,0,1,1,0,1,1,0,0,0,0,0,0
1994,1,1,0,1,0,10,18,18,10,0,3,3,1,1,1,0,0,4,0,0,0
1994,1,1,0,1,0,15,199,199,27,0,1,1,1,1,1,1,0,18,0,0,0
1994,1,1,0,1,0,20,571,571,55,0,7,6,1,2,2,0,0,37,0,0,0
1994,1,1,0,1,0,25,725,725,33,0,16,14,9,14,14,7,0,17,0,0,0
1994,1,1,0,1,0,30,579,579,29,0,16,16,7,16,16,2,0,14,0,0,0
1994,1,1,0,1,0,35,302,302,10,0,4,3,11,16,16,6,0,10,0,0,0
1994,1,1,0,1,0,40,186,186,7,0,11,11,6,7,7,5,0,8,0,0,0
1994,1,1,0,1,0,45,138,138,4,0,3,3,3,6,6,1,0,3,0,0,0
1994,1,1,0,1,0,50,84,84,5,0,7,7,1,1,1,0,0,1,0,0,0
1994,1,1,0,1,0,55,55,55,5,0,5,4,2,2,2,2,0,2,0,0,0
1994,1,1,0,1,0,60,61,61,3,0,7,5,0,1,1,0,0,0,0,0,0
1994,1,1,0,1,0,100,0,0,0,0,0,0,0,0,0,0,0,0,0,0,0
1994,1,1,0,1,1,0,0,0,0,0,0,0,0,0,0,0,0,0,0,0,0
1994,1,1,0,1,1,5,0,0,0,0,0,0,0,0,0,0,0,0,0,0,0
1994,1,1,0,1,1,10,0,0,0,0,0,0,0,0,0,0,0,0,0,0,0
1994,1,1,0,1,1,15,0,0,0,0,0,0,0,0,0,0,0,0,0,0,0
1994,1,1,0,1,1,20,0,0,0,0,0,0,0,0,0,0,0,0,0,0,0
1994,1,1,0,1,1,25,0,0,0,0,0,0,0,0,0,0,0,0,0,0,0
1994,1,1,0,1,1,30,0,0,0,0,0,0,0,0,0,0,0,0,0,0,0
1994,1,1,0,1,1,35,0,0,0,0,0,0,0,0,0,0,0,0,0,0,0
1994,1,1,0,1,1,40,0,0,0,0,0,0,0,0,0,0,0,0,0,0,0
1994,1,1,0,1,1,45,0,0,0,0,0,0,0,0,0,0,0,0,0,0,0
1994,1,1,0,1,1,50,0,0,0,0,0,0,0,0,0,0,0,0,0,0,0
1994,1,1,0,1,1,55,0,0,0,0,0,0,0,0,0,0,0,0,0,0,0
1994,1,1,0,1,1,60,0,0,0,0,0,0,0,0,0,0,0,0,0,0,0
1994,1,1,0,1,1,100,0,0,0,0,0,0,0,0,0,0,0,0,0,0,0
1994.5,1,0,0,0,0,0,4397,0,0,0,41,0,0,0,0,0,0,0,0,0,0
1994.5,1,0,0,0,0,5,4046,0,0,0,3,0,0,0,0,0,0,0,0,0,1
1994.5,1,0,0,0,0,10,3450,0,0,0,3,0,0,0,0,0,0,0,0,0,4
1994.5,1,0,0,0,0,15,2798,0,0,0,3,0,0,0,0,0,0,0,0,0,5
1994.5,1,0,0,0,0,20,2268,0,0,0,5,0,0,0,0,0,0,0,0,0,13
1994.5,1,0,0,0,0,25,1654,0,0,0,2,0,0,0,0,0,0,0,0,0,5
1994.5,1,0,0,0,0,30,1155,0,0,0,5,0,0,0,0,0,0,0,0,0,0
1994.5,1,0,0,0,0,35,562,0,0,0,1,0,0,0,0,0,0,0,0,0,0
1994.5,1,0,0,0,0,40,538,0,0,0,1,0,0,0,0,0,0,0,0,0,0
1994.5,1,0,0,0,0,45,492,0,0,0,3,0,0,0,0,0,0,0,0,0,0
1994.5,1,0,0,0,0,50,551,0,0,0,8,0,0,0,0,0,0,0,0,0,0
1994.5,1,0,0,0,0,55,516,0,0,0,9,0,0,0,0,0,0,0,0,0,0
1994.5,1,0,0,0,0,60,770,0,0,0,21,0,0,0,0,0,0,0,0,0,0
1994.5,1,0,0,0,0,100,0,0,0,0,0,0,0,0,0,0,0,0,0,0,0
1994.5,1,0,0,0,1,0,0,0,0,0,0,0,0,0,0,0,0,0,0,0,0
1994.5,1,0,0,0,1,5,0,0,0,0,0,0,0,0,0,0,0,0,0,0,0
1994.5,1,0,0,0,1,10,0,0,0,0,0,0,0,0,0,0,0,0,0,0,0
1994.5,1,0,0,0,1,15,0,0,0,0,0,0,0,0,0,0,0,0,0,0,0
1994.5,1,0,0,0,1,20,0,0,0,0,0,0,0,0,0,0,0,0,0,0,0
1994.5,1,0,0,0,1,25,0,0,0,0,0,0,0,0,0,0,0,0,0,0,0
1994.5,1,0,0,0,1,30,0,0,0,0,0,0,0,0,0,0,0,0,0,0,0
1994.5,1,0,0,0,1,35,0,0,0,0,0,0,0,0,0,0,0,0,0,0,0
1994.5,1,0,0,0,1,40,0,0,0,0,0,0,0,0,0,0,0,0,0,0,0
1994.5,1,0,0,0,1,45,0,0,0,0,0,0,0,0,0,0,0,0,0,0,0
1994.5,1,0,0,0,1,50,0,0,0,0,0,0,0,0,0,0,0,0,0,0,0
1994.5,1,0,0,0,1,55,0,0,0,0,0,0,0,0,0,0,0,0,0,0,0
1994.5,1,0,0,0,1,60,0,0,0,0,0,0,0,0,0,0,0,0,0,0,0
1994.5,1,0,0,0,1,100,0,0,0,0,0,0,0,0,0,0,0,0,0,0,0
1994.5,1,0,0,1,0,0,164,164,60,0,32,30,10,13,13,8,0,0,0,0,0
1994.5,1,0,0,1,0,5,73,73,0,0,1,1,3,3,3,2,0,0,0,0,0
1994.5,1,0,0,1,0,10,9,9,0,0,0,0,0,0,0,0,0,0,0,0,0
1994.5,1,0,0,1,0,15,50,50,15,0,0,0,0,0,0,0,0,3,0,0,1
1994.5,1,0,0,1,0,20,257,257,33,0,1,1,2,2,2,1,0,36,0,0,1
1994.5,1,0,0,1,0,25,435,435,27,0,7,6,1,4,4,1,0,57,0,0,0
1994.5,1,0,0,1,0,30,444,444,20,0,13,12,6,12,12,2,0,59,0,0,1
1994.5,1,0,0,1,0,35,254,254,9,0,6,6,8,9,9,7,0,24,0,0,0
1994.5,1,0,0,1,0,40,191,191,18,0,8,8,5,5,5,2,0,25,0,0,0
1994.5,1,0,0,1,0,45,133,133,6,0,11,11,4,4,4,2,0,14,0,0,0
1994.5,1,0,0,1,0,50,59,59,2,0,7,6,0,0,0,0,0,7,0,0,0
1994.5,1,0,0,1,0,55,58,58,7,0,2,2,2,3,3,0,0,9,0,0,0
1994.5,1,0,0,1,0,60,55,55,1,0,4,2,2,2,2,0,0,5,0,0,0
1994.5,1,0,0,1,0,100,0,0,0,0,0,0,0,0,0,0,0,0,0,0,0
1994.5,1,0,0,1,1,0,0,0,0,0,0,0,0,0,0,0,0,0,0,0,0
1994.5,1,0,0,1,1,5,0,0,0,0,0,0,0,0,0,0,0,0,0,0,0
1994.5,1,0,0,1,1,10,0,0,0,0,0,0,0,0,0,0,0,0,0,0,0
1994.5,1,0,0,1,1,15,0,0,0,0,0,0,0,0,0,0,0,0,0,0,0
1994.5,1,0,0,1,1,20,0,0,0,0,0,0,0,0,0,0,0,0,0,0,0
1994.5,1,0,0,1,1,25,0,0,0,0,0,0,0,0,0,0,0,0,0,0,0
1994.5,1,0,0,1,1,30,0,0,0,0,0,0,0,0,0,0,0,0,0,0,0
1994.5,1,0,0,1,1,35,0,0,0,0,0,0,0,0,0,0,0,0,0,0,0
1994.5,1,0,0,1,1,40,0,0,0,0,0,0,0,0,0,0,0,0,0,0,0
1994.5,1,0,0,1,1,45,0,0,0,0,0,0,0,0,0,0,0,0,0,0,0
1994.5,1,0,0,1,1,50,0,0,0,0,0,0,0,0,0,0,0,0,0,0,0
1994.5,1,0,0,1,1,55,0,0,0,0,0,0,0,0,0,0,0,0,0,0,0
1994.5,1,0,0,1,1,60,0,0,0,0,0,0,0,0,0,0,0,0,0,0,0
1994.5,1,0,0,1,1,100,0,0,0,0,0,0,0,0,0,0,0,0,0,0,0
1994.5,1,0,1,0,0,0,0,0,0,0,0,0,0,0,0,0,0,0,0,0,0
1994.5,1,0,1,0,0,5,2,0,0,0,0,0,0,0,0,0,0,0,0,0,0
1994.5,1,0,1,0,0,10,14,0,0,0,0,0,0,0,0,0,0,0,0,0,0
1994.5,1,0,1,0,0,15,63,0,0,0,0,0,0,0,0,0,0,0,0,0,0
1994.5,1,0,1,0,0,20,142,0,0,0,0,0,0,0,0,0,0,0,0,0,0
1994.5,1,0,1,0,0,25,215,0,0,0,0,0,0,0,0,0,0,0,0,0,0
1994.5,1,0,1,0,0,30,153,0,0,0,1,0,0,0,0,0,0,0,0,0,0
1994.5,1,0,1,0,0,35,60,0,0,0,0,0,0,0,0,0,0,0,0,0,0
1994.5,1,0,1,0,0,40,45,0,0,0,0,0,0,0,0,0,0,0,0,0,0
1994.5,1,0,1,0,0,45,52,0,0,0,0,0,0,0,0,0,0,0,0,0,0
1994.5,1,0,1,0,0,50,55,0,0,0,0,0,0,0,0,0,0,0,0,0,0
1994.5,1,0,1,0,0,55,44,0,0,0,2,0,0,0,0,0,0,0,0,0,0
1994.5,1,0,1,0,0,60,69,0,0,0,2,0,0,0,0,0,0,0,0,0,0
1994.5,1,0,1,0,0,100,0,0,0,0,0,0,0,0,0,0,0,0,0,0,0
1994.5,1,0,1,0,1,0,0,0,0,0,0,0,0,0,0,0,0,0,0,0,0
1994.5,1,0,1,0,1,5,0,0,0,0,0,0,0,0,0,0,0,0,0,0,0
1994.5,1,0,1,0,1,10,0,0,0,0,0,0,0,0,0,0,0,0,0,0,0
1994.5,1,0,1,0,1,15,0,0,0,0,0,0,0,0,0,0,0,0,0,0,0
1994.5,1,0,1,0,1,20,0,0,0,0,0,0,0,0,0,0,0,0,0,0,0
1994.5,1,0,1,0,1,25,0,0,0,0,0,0,0,0,0,0,0,0,0,0,0
1994.5,1,0,1,0,1,30,0,0,0,0,0,0,0,0,0,0,0,0,0,0,0
1994.5,1,0,1,0,1,35,0,0,0,0,0,0,0,0,0,0,0,0,0,0,0
1994.5,1,0,1,0,1,40,0,0,0,0,0,0,0,0,0,0,0,0,0,0,0
1994.5,1,0,1,0,1,45,0,0,0,0,0,0,0,0,0,0,0,0,0,0,0
1994.5,1,0,1,0,1,50,0,0,0,0,0,0,0,0,0,0,0,0,0,0,0
1994.5,1,0,1,0,1,55,0,0,0,0,0,0,0,0,0,0,0,0,0,0,0
1994.5,1,0,1,0,1,60,0,0,0,0,0,0,0,0,0,0,0,0,0,0,0
1994.5,1,0,1,0,1,100,0,0,0,0,0,0,0,0,0,0,0,0,0,0,0
1994.5,1,0,1,1,0,0,0,0,0,0,0,0,0,0,0,0,0,0,0,0,0
1994.5,1,0,1,1,0,5,0,0,0,0,0,0,0,0,0,0,0,0,0,0,0
1994.5,1,0,1,1,0,10,0,0,0,0,0,0,0,0,0,0,0,0,0,0,0
1994.5,1,0,1,1,0,15,0,0,0,0,0,0,0,0,0,0,0,0,0,0,0
1994.5,1,0,1,1,0,20,11,11,2,0,0,0,0,0,0,0,0,4,0,0,0
1994.5,1,0,1,1,0,25,34,34,0,0,0,0,0,1,1,0,0,6,0,0,0
1994.5,1,0,1,1,0,30,36,36,2,0,0,0,2,2,2,1,0,4,0,0,0
1994.5,1,0,1,1,0,35,21,21,0,0,2,1,0,0,0,0,0,0,0,0,0
1994.5,1,0,1,1,0,40,8,8,0,0,1,1,0,0,0,0,0,0,0,0,0
1994.5,1,0,1,1,0,45,14,14,1,0,1,1,1,1,1,1,0,2,0,0,0
1994.5,1,0,1,1,0,50,7,7,0,0,0,0,1,1,1,0,0,1,0,0,0
1994.5,1,0,1,1,0,55,5,5,0,0,0,0,1,1,1,1,0,0,0,0,0
1994.5,1,0,1,1,0,60,3,3,0,0,0,0,0,0,0,0,0,0,0,0,0
1994.5,1,0,1,1,0,100,0,0,0,0,0,0,0,0,0,0,0,0,0,0,0
1994.5,1,0,1,1,1,0,0,0,0,0,0,0,0,0,0,0,0,0,0,0,0
1994.5,1,0,1,1,1,5,0,0,0,0,0,0,0,0,0,0,0,0,0,0,0
1994.5,1,0,1,1,1,10,0,0,0,0,0,0,0,0,0,0,0,0,0,0,0
1994.5,1,0,1,1,1,15,0,0,0,0,0,0,0,0,0,0,0,0,0,0,0
1994.5,1,0,1,1,1,20,0,0,0,0,0,0,0,0,0,0,0,0,0,0,0
1994.5,1,0,1,1,1,25,0,0,0,0,0,0,0,0,0,0,0,0,0,0,0
1994.5,1,0,1,1,1,30,0,0,0,0,0,0,0,0,0,0,0,0,0,0,0
1994.5,1,0,1,1,1,35,0,0,0,0,0,0,0,0,0,0,0,0,0,0,0
1994.5,1,0,1,1,1,40,0,0,0,0,0,0,0,0,0,0,0,0,0,0,0
1994.5,1,0,1,1,1,45,0,0,0,0,0,0,0,0,0,0,0,0,0,0,0
1994.5,1,0,1,1,1,50,0,0,0,0,0,0,0,0,0,0,0,0,0,0,0
1994.5,1,0,1,1,1,55,0,0,0,0,0,0,0,0,0,0,0,0,0,0,0
1994.5,1,0,1,1,1,60,0,0,0,0,0,0,0,0,0,0,0,0,0,0,0
1994.5,1,0,1,1,1,100,0,0,0,0,0,0,0,0,0,0,0,0,0,0,0
1994.5,1,1,0,0,0,0,4423,0,0,0,25,0,0,0,0,0,0,0,0,0,0
1994.5,1,1,0,0,0,5,4179,0,0,0,2,0,0,0,0,0,0,0,0,0,0
1994.5,1,1,0,0,0,10,3772,0,0,0,2,0,0,0,0,0,0,0,0,0,0
1994.5,1,1,0,0,0,15,2750,0,0,0,3,0,0,0,0,0,0,0,0,0,0
1994.5,1,1,0,0,0,20,2109,0,0,0,0,0,0,0,0,0,0,0,0,0,0
1994.5,1,1,0,0,0,25,1670,0,0,0,4,0,0,0,0,0,0,0,0,0,0
1994.5,1,1,0,0,0,30,1103,0,0,0,0,0,0,0,0,0,0,0,0,0,0
1994.5,1,1,0,0,0,35,591,0,0,0,2,0,0,0,0,0,0,0,0,0,0
1994.5,1,1,0,0,0,40,618,0,0,0,0,0,0,0,0,0,0,0,0,0,0
1994.5,1,1,0,0,0,45,638,0,0,0,1,0,0,0,0,0,0,0,0,0,0
1994.5,1,1,0,0,0,50,711,0,0,0,6,0,0,0,0,0,0,0,0,0,0
1994.5,1,1,0,0,0,55,692,0,0,0,5,0,0,0,0,0,0,0,0,0,0
1994.5,1,1,0,0,0,60,1278,0,0,0,26,0,0,0,0,0,0,0,0,0,0
1994.5,1,1,0,0,0,100,2,0,0,0,0,0,0,0,0,0,0,0,0,0,0
1994.5,1,1,0,0,1,0,0,0,0,0,0,0,0,0,0,0,0,0,0,0,0
1994.5,1,1,0,0,1,5,0,0,0,0,0,0,0,0,0,0,0,0,0,0,0
1994.5,1,1,0,0,1,10,0,0,0,0,0,0,0,0,0,0,0,0,0,0,0
1994.5,1,1,0,0,1,15,0,0,0,0,0,0,0,0,0,0,0,0,0,0,0
1994.5,1,1,0,0,1,20,0,0,0,0,0,0,0,0,0,0,0,0,0,0,0
1994.5,1,1,0,0,1,25,0,0,0,0,0,0,0,0,0,0,0,0,0,0,0
1994.5,1,1,0,0,1,30,0,0,0,0,0,0,0,0,0,0,0,0,0,0,0
1994.5,1,1,0,0,1,35,0,0,0,0,0,0,0,0,0,0,0,0,0,0,0
1994.5,1,1,0,0,1,40,0,0,0,0,0,0,0,0,0,0,0,0,0,0,0
1994.5,1,1,0,0,1,45,0,0,0,0,0,0,0,0,0,0,0,0,0,0,0
1994.5,1,1,0,0,1,50,0,0,0,0,0,0,0,0,0,0,0,0,0,0,0
1994.5,1,1,0,0,1,55,0,0,0,0,0,0,0,0,0,0,0,0,0,0,0
1994.5,1,1,0,0,1,60,0,0,0,0,0,0,0,0,0,0,0,0,0,0,0
1994.5,1,1,0,0,1,100,0,0,0,0,0,0,0,0,0,0,0,0,0,0,0
1994.5,1,1,0,1,0,0,177,177,49,0,26,26,3,4,4,4,0,0,0,0,0
1994.5,1,1,0,1,0,5,59,59,0,0,2,2,1,1,1,2,0,0,0,0,0
1994.5,1,1,0,1,0,10,21,21,15,0,6,6,2,2,2,1,0,1,0,0,0
1994.5,1,1,0,1,0,15,206,206,41,0,6,6,3,4,4,2,0,14,0,0,0
1994.5,1,1,0,1,0,20,593,593,69,0,7,7,4,6,6,4,0,50,0,0,0
1994.5,1,1,0,1,0,25,763,763,43,0,17,16,11,16,16,8,0,32,0,0,0
1994.5,1,1,0,1,0,30,641,641,37,0,15,13,10,20,20,7,0,13,0,0,0
1994.5,1,1,0,1,0,35,303,303,12,0,11,9,7,14,14,2,0,14,0,0,0
1994.5,1,1,0,1,0,40,200,200,14,0,4,4,5,8,8,3,0,6,0,0,0
1994.5,1,1,0,1,0,45,159,159,10,0,6,6,4,7,7,2,0,8,0,0,0
1994.5,1,1,0,1,0,50,82,82,5,0,3,2,2,3,3,2,0,4,0,0,0
1994.5,1,1,0,1,0,55,63,63,7,0,5,5,3,4,4,3,0,0,0,0,0
1994.5,1,1,0,1,0,60,65,65,3,0,3,2,3,3,3,2,0,1,0,0,0
1994.5,1,1,0,1,0,100,0,0,0,0,0,0,0,0,0,0,0,0,0,0,0
1994.5,1,1,0,1,1,0,0,0,0,0,0,0,0,0,0,0,0,0,0,0,0
1994.5,1,1,0,1,1,5,0,0,0,0,0,0,0,0,0,0,0,0,0,0,0
1994.5,1,1,0,1,1,10,0,0,0,0,0,0,0,0,0,0,0,0,0,0,0
1994.5,1,1,0,1,1,15,0,0,0,0,0,0,0,0,0,0,0,0,0,0,0
1994.5,1,1,0,1,1,20,0,0,0,0,0,0,0,0,0,0,0,0,0,0,0
1994.5,1,1,0,1,1,25,0,0,0,0,0,0,0,0,0,0,0,0,0,0,0
1994.5,1,1,0,1,1,30,0,0,0,0,0,0,0,0,0,0,0,0,0,0,0
1994.5,1,1,0,1,1,35,0,0,0,0,0,0,0,0,0,0,0,0,0,0,0
1994.5,1,1,0,1,1,40,0,0,0,0,0,0,0,0,0,0,0,0,0,0,0
1994.5,1,1,0,1,1,45,0,0,0,0,0,0,0,0,0,0,0,0,0,0,0
1994.5,1,1,0,1,1,50,0,0,0,0,0,0,0,0,0,0,0,0,0,0,0
1994.5,1,1,0,1,1,55,0,0,0,0,0,0,0,0,0,0,0,0,0,0,0
1994.5,1,1,0,1,1,60,0,0,0,0,0,0,0,0,0,0,0,0,0,0,0
1994.5,1,1,0,1,1,100,0,0,0,0,0,0,0,0,0,0,0,0,0,0,0
1995,1,0,0,0,0,0,4440,0,0,0,35,0,0,0,0,0,0,0,0,0,0
1995,1,0,0,0,0,5,4084,0,0,0,4,0,0,0,0,0,0,0,0,0,0
1995,1,0,0,0,0,10,3524,0,0,0,0,0,0,0,0,0,0,0,0,0,2
1995,1,0,0,0,0,15,2836,0,0,0,0,0,0,0,0,0,0,0,0,0,8
1995,1,0,0,0,0,20,2302,0,0,0,2,0,0,0,0,0,0,0,0,0,9
1995,1,0,0,0,0,25,1640,0,0,0,6,0,0,0,0,0,0,0,0,0,4
1995,1,0,0,0,0,30,1226,0,0,0,2,0,0,0,0,0,0,0,0,0,0
1995,1,0,0,0,0,35,566,0,0,0,2,0,0,0,0,0,0,0,0,0,0
1995,1,0,0,0,0,40,513,0,0,0,0,0,0,0,0,0,0,0,0,0,0
1995,1,0,0,0,0,45,496,0,0,0,2,0,0,0,0,0,0,0,0,0,0
1995,1,0,0,0,0,50,544,0,0,0,6,0,0,0,0,0,0,0,0,0,0
1995,1,0,0,0,0,55,512,0,0,0,6,0,0,0,0,0,0,0,0,0,0
1995,1,0,0,0,0,60,786,0,0,0,18,0,0,0,0,0,0,0,0,0,0
1995,1,0,0,0,0,100,0,0,0,0,0,0,0,0,0,0,0,0,0,0,0
1995,1,0,0,0,1,0,0,0,0,0,0,0,0,0,0,0,0,0,0,0,0
1995,1,0,0,0,1,5,0,0,0,0,0,0,0,0,0,0,0,0,0,0,0
1995,1,0,0,0,1,10,0,0,0,0,0,0,0,0,0,0,0,0,0,0,0
1995,1,0,0,0,1,15,0,0,0,0,0,0,0,0,0,0,0,0,0,0,0
1995,1,0,0,0,1,20,0,0,0,0,0,0,0,0,0,0,0,0,0,0,0
1995,1,0,0,0,1,25,0,0,0,0,0,0,0,0,0,0,0,0,0,0,0
1995,1,0,0,0,1,30,0,0,0,0,0,0,0,0,0,0,0,0,0,0,0
1995,1,0,0,0,1,35,0,0,0,0,0,0,0,0,0,0,0,0,0,0,0
1995,1,0,0,0,1,40,0,0,0,0,0,0,0,0,0,0,0,0,0,0,0
1995,1,0,0,0,1,45,0,0,0,0,0,0,0,0,0,0,0,0,0,0,0
1995,1,0,0,0,1,50,0,0,0,0,0,0,0,0,0,0,0,0,0,0,0
1995,1,0,0,0,1,55,0,0,0,0,0,0,0,0,0,0,0,0,0,0,0
1995,1,0,0,0,1,60,0,0,0,0,0,0,0,0,0,0,0,0,0,0,0
1995,1,0,0,0,1,100,0,0,0,0,0,0,0,0,0,0,0,0,0,0,0
1995,1,0,0,1,0,0,158,158,32,0,28,28,5,7,7,5,0,0,0,0,0
1995,1,0,0,1,0,5,72,72,0,0,0,0,3,4,4,1,0,0,0,0,0
1995,1,0,0,1,0,10,14,14,0,0,0,0,2,2,2,2,0,0,0,0,0
1995,1,0,0,1,0,15,52,52,19,0,0,0,0,0,0,0,0,9,0,0,0
1995,1,0,0,1,0,20,273,273,33,0,4,3,3,3,3,2,0,47,0,0,2
1995,1,0,0,1,0,25,440,440,25,0,10,9,4,5,5,3,0,51,0,0,1
1995,1,0,0,1,0,30,469,469,21,0,17,16,2,9,9,1,0,40,0,0,0
1995,1,0,0,1,0,35,247,247,9,0,7,6,7,7,7,1,0,14,0,0,0
1995,1,0,0,1,0,40,208,208,13,0,8,7,6,9,9,3,0,21,0,0,0
1995,1,0,0,1,0,45,143,143,3,0,3,3,3,5,5,1,0,12,0,0,0
1995,1,0,0,1,0,50,53,53,0,0,7,6,1,1,1,1,0,7,0,0,0
1995,1,0,0,1,0,55,66,66,10,0,5,4,1,3,3,1,0,2,0,0,0
1995,1,0,0,1,0,60,56,56,2,0,7,4,0,2,2,0,0,3,0,0,0
1995,1,0,0,1,0,100,0,0,0,0,0,0,0,0,0,0,0,0,0,0,0
1995,1,0,0,1,1,0,0,0,0,0,0,0,0,0,0,0,0,0,0,0,0
1995,1,0,0,1,1,5,0,0,0,0,0,0,0,0,0,0,0,0,0,0,0
1995,1,0,0,1,1,10,0,0,0,0,0,0,0,0,0,0,0,0,0,0,0
1995,1,0,0,1,1,15,0,0,0,0,0,0,0,0,0,0,0,0,0,0,0
1995,1,0,0,1,1,20,0,0,0,0,0,0,0,0,0,0,0,0,0,0,0
1995,1,0,0,1,1,25,0,0,0,0,0,0,0,0,0,0,0,0,0,0,0
1995,1,0,0,1,1,30,0,0,0,0,0,0,0,0,0,0,0,0,0,0,0
1995,1,0,0,1,1,35,0,0,0,0,0,0,0,0,0,0,0,0,0,0,0
1995,1,0,0,1,1,40,0,0,0,0,0,0,0,0,0,0,0,0,0,0,0
1995,1,0,0,1,1,45,0,0,0,0,0,0,0,0,0,0,0,0,0,0,0
1995,1,0,0,1,1,50,0,0,0,0,0,0,0,0,0,0,0,0,0,0,0
1995,1,0,0,1,1,55,0,0,0,0,0,0,0,0,0,0,0,0,0,0,0
1995,1,0,0,1,1,60,0,0,0,0,0,0,0,0,0,0,0,0,0,0,0
1995,1,0,0,1,1,100,0,0,0,0,0,0,0,0,0,0,0,0,0,0,0
1995,1,0,1,0,0,0,0,0,0,0,0,0,0,0,0,0,0,0,0,0,0
1995,1,0,1,0,0,5,2,0,0,0,0,0,0,0,0,0,0,0,0,0,0
1995,1,0,1,0,0,10,12,0,0,0,0,0,0,0,0,0,0,0,0,0,0
1995,1,0,1,0,0,15,67,0,0,0,0,0,0,0,0,0,0,0,0,0,0
1995,1,0,1,0,0,20,139,0,0,0,0,0,0,0,0,0,0,0,0,0,0
1995,1,0,1,0,0,25,211,0,0,0,1,0,0,0,0,0,0,0,0,0,0
1995,1,0,1,0,0,30,168,0,0,0,0,0,0,0,0,0,0,0,0,0,0
1995,1,0,1,0,0,35,61,0,0,0,0,0,0,0,0,0,0,0,0,0,0
1995,1,0,1,0,0,40,44,0,0,0,0,0,0,0,0,0,0,0,0,0,0
1995,1,0,1,0,0,45,52,0,0,0,1,0,0,0,0,0,0,0,0,0,0
1995,1,0,1,0,0,50,48,0,0,0,0,0,0,0,0,0,0,0,0,0,0
1995,1,0,1,0,0,55,48,0,0,0,2,0,0,0,0,0,0,0,0,0,0
1995,1,0,1,0,0,60,72,0,0,0,0,0,0,0,0,0,0,0,0,0,0
1995,1,0,1,0,0,100,0,0,0,0,0,0,0,0,0,0,0,0,0,0,0
1995,1,0,1,0,1,0,0,0,0,0,0,0,0,0,0,0,0,0,0,0,0
1995,1,0,1,0,1,5,0,0,0,0,0,0,0,0,0,0,0,0,0,0,0
1995,1,0,1,0,1,10,0,0,0,0,0,0,0,0,0,0,0,0,0,0,0
1995,1,0,1,0,1,15,0,0,0,0,0,0,0,0,0,0,0,0,0,0,0
1995,1,0,1,0,1,20,0,0,0,0,0,0,0,0,0,0,0,0,0,0,0
1995,1,0,1,0,1,25,0,0,0,0,0,0,0,0,0,0,0,0,0,0,0
1995,1,0,1,0,1,30,0,0,0,0,0,0,0,0,0,0,0,0,0,0,0
1995,1,0,1,0,1,35,0,0,0,0,0,0,0,0,0,0,0,0,0,0,0
1995,1,0,1,0,1,40,0,0,0,0,0,0,0,0,0,0,0,0,0,0,0
1995,1,0,1,0,1,45,0,0,0,0,0,0,0,0,0,0,0,0,0,0,0
1995,1,0,1,0,1,50,0,0,0,0,0,0,0,0,0,0,0,0,0,0,0
1995,1,0,1,0,1,55,0,0,0,0,0,0,0,0,0,0,0,0,0,0,0
1995,1,0,1,0,1,60,0,0,0,0,0,0,0,0,0,0,0,0,0,0,0
1995,1,0,1,0,1,100,0,0,0,0,0,0,0,0,0,0,0,0,0,0,0
1995,1,0,1,1,0,0,0,0,0,0,0,0,0,0,0,0,0,0,0,0,0
1995,1,0,1,1,0,5,0,0,0,0,0,0,0,0,0,0,0,0,0,0,0
1995,1,0,1,1,0,10,0,0,0,0,0,0,0,0,0,0,0,0,0,0,0
1995,1,0,1,1,0,15,2,2,2,0,0,0,0,0,0,0,0,1,0,0,0
1995,1,0,1,1,0,20,12,12,1,0,0,0,0,0,0,0,0,1,0,0,0
1995,1,0,1,1,0,25,35,35,2,0,0,0,0,1,1,0,0,2,0,0,0
1995,1,0,1,1,0,30,38,38,0,0,0,0,1,2,2,0,0,3,0,0,0
1995,1,0,1,1,0,35,20,20,0,0,0,0,1,1,1,1,0,0,0,0,0
1995,1,0,1,1,0,40,12,12,2,0,0,0,0,0,0,0,0,0,0,0,0
1995,1,0,1,1,0,45,11,11,0,0,3,3,0,0,0,0,0,2,0,0,0
1995,1,0,1,1,0,50,7,7,1,0,0,0,0,1,1,0,0,1,0,0,0
1995,1,0,1,1,0,55,8,8,1,0,0,0,1,1,1,0,0,1,0,0,0
1995,1,0,1,1,0,60,3,3,0,0,0,0,0,0,0,0,0,0,0,0,0
1995,1,0,1,1,0,100,0,0,0,0,0,0,0,0,0,0,0,0,0,0,0
1995,1,0,1,1,1,0,0,0,0,0,0,0,0,0,0,0,0,0,0,0,0
1995,1,0,1,1,1,5,0,0,0,0,0,0,0,0,0,0,0,0,0,0,0
1995,1,0,1,1,1,10,0,0,0,0,0,0,0,0,0,0,0,0,0,0,0
1995,1,0,1,1,1,15,0,0,0,0,0,0,0,0,0,0,0,0,0,0,0
1995,1,0,1,1,1,20,0,0,0,0,0,0,0,0,0,0,0,0,0,0,0
1995,1,0,1,1,1,25,0,0,0,0,0,0,0,0,0,0,0,0,0,0,0
1995,1,0,1,1,1,30,0,0,0,0,0,0,0,0,0,0,0,0,0,0,0
1995,1,0,1,1,1,35,0,0,0,0,0,0,0,0,0,0,0,0,0,0,0
1995,1,0,1,1,1,40,0,0,0,0,0,0,0,0,0,0,0,0,0,0,0
1995,1,0,1,1,1,45,0,0,0,0,0,0,0,0,0,0,0,0,0,0,0
1995,1,0,1,1,1,50,0,0,0,0,0,0,0,0,0,0,0,0,0,0,0
1995,1,0,1,1,1,55,0,0,0,0,0,0,0,0,0,0,0,0,0,0,0
1995,1,0,1,1,1,60,0,0,0,0,0,0,0,0,0,0,0,0,0,0,0
1995,1,0,1,1,1,100,0,0,0,0,0,0,0,0,0,0,0,0,0,0,0
1995,1,1,0,0,0,0,4477,0,0,0,32,0,0,0,0,0,0,0,0,0,0
1995,1,1,0,0,0,5,4213,0,0,0,1,0,0,0,0,0,0,0,0,0,0
1995,1,1,0,0,0,10,3858,0,0,0,2,0,0,0,0,0,0,0,0,0,0
1995,1,1,0,0,0,15,2772,0,0,0,2,0,0,0,0,0,0,0,0,0,0
1995,1,1,0,0,0,20,2101,0,0,0,2,0,0,0,0,0,0,0,0,0,0
1995,1,1,0,0,0,25,1657,0,0,0,2,0,0,0,0,0,0,0,0,0,0
1995,1,1,0,0,0,30,1190,0,0,0,1,0,0,0,0,0,0,0,0,0,0
1995,1,1,0,0,0,35,558,0,0,0,1,0,0,0,0,0,0,0,0,0,0
1995,1,1,0,0,0,40,596,0,0,0,0,0,0,0,0,0,0,0,0,0,0
1995,1,1,0,0,0,45,641,0,0,0,5,0,0,0,0,0,0,0,0,0,0
1995,1,1,0,0,0,50,707,0,0,0,2,0,0,0,0,0,0,0,0,0,0
1995,1,1,0,0,0,55,689,0,0,0,3,0,0,0,0,0,0,0,0,0,0
1995,1,1,0,0,0,60,1292,0,0,0,35,0,0,0,0,0,0,0,0,0,0
1995,1,1,0,0,0,100,2,0,0,0,0,0,0,0,0,0,0,0,0,0,0
1995,1,1,0,0,1,0,0,0,0,0,0,0,0,0,0,0,0,0,0,0,0
1995,1,1,0,0,1,5,0,0,0,0,0,0,0,0,0,0,0,0,0,0,0
1995,1,1,0,0,1,10,0,0,0,0,0,0,0,0,0,0,0,0,0,0,0
1995,1,1,0,0,1,15,0,0,0,0,0,0,0,0,0,0,0,0,0,0,0
1995,1,1,0,0,1,20,0,0,0,0,0,0,0,0,0,0,0,0,0,0,0
1995,1,1,0,0,1,25,0,0,0,0,0,0,0,0,0,0,0,0,0,0,0
1995,1,1,0,0,1,30,0,0,0,0,0,0,0,0,0,0,0,0,0,0,0
1995,1,1,0,0,1,35,0,0,0,0,0,0,0,0,0,0,0,0,0,0,0
1995,1,1,0,0,1,40,0,0,0,0,0,0,0,0,0,0,0,0,0,0,0
1995,1,1,0,0,1,45,0,0,0,0,0,0,0,0,0,0,0,0,0,0,0
1995,1,1,0,0,1,50,0,0,0,0,0,0,0,0,0,0,0,0,0,0,0
1995,1,1,0,0,1,55,0,0,0,0,0,0,0,0,0,0,0,0,0,0,0
1995,1,1,0,0,1,60,0,0,0,0,0,0,0,0,0,0,0,0,0,0,0
1995,1,1,0,0,1,100,0,0,0,0,0,0,0,0,0,0,0,0,0,0,0
1995,1,1,0,1,0,0,197,197,47,0,26,24,5,7,7,7,0,0,0,0,0
1995,1,1,0,1,0,5,61,61,0,0,2,1,1,1,1,0,0,0,0,0,0
1995,1,1,0,1,0,10,20,20,11,0,4,4,0,0,0,0,0,9,0,0,0
1995,1,1,0,1,0,15,216,216,37,0,2,2,2,3,3,1,0,14,0,0,0
1995,1,1,0,1,0,20,593,593,65,0,13,13,5,6,6,1,0,44,0,0,0
1995,1,1,0,1,0,25,788,788,40,0,22,22,8,14,14,4,0,29,0,0,0
1995,1,1,0,1,0,30,694,694,26,0,27,25,15,22,22,8,0,17,0,0,0
1995,1,1,0,1,0,35,309,309,12,0,16,14,4,12,12,2,0,9,0,0,0
1995,1,1,0,1,0,40,203,203,6,0,7,6,6,11,11,3,0,13,0,0,0
1995,1,1,0,1,0,45,171,171,8,0,6,6,2,6,6,0,0,6,0,0,0
1995,1,1,0,1,0,50,92,92,5,0,0,0,3,4,4,2,0,1,0,0,0
1995,1,1,0,1,0,55,65,65,4,0,4,4,4,4,4,1,0,1,0,0,0
1995,1,1,0,1,0,60,60,60,3,0,10,8,4,5,5,2,0,1,0,0,0
1995,1,1,0,1,0,100,0,0,0,0,0,0,0,0,0,0,0,0,0,0,0
1995,1,1,0,1,1,0,0,0,0,0,0,0,0,0,0,0,0,0,0,0,0
1995,1,1,0,1,1,5,0,0,0,0,0,0,0,0,0,0,0,0,0,0,0
1995,1,1,0,1,1,10,0,0,0,0,0,0,0,0,0,0,0,0,0,0,0
1995,1,1,0,1,1,15,0,0,0,0,0,0,0,0,0,0,0,0,0,0,0
1995,1,1,0,1,1,20,0,0,0,0,0,0,0,0,0,0,0,0,0,0,0
1995,1,1,0,1,1,25,0,0,0,0,0,0,0,0,0,0,0,0,0,0,0
1995,1,1,0,1,1,30,0,0,0,0,0,0,0,0,0,0,0,0,0,0,0
1995,1,1,0,1,1,35,0,0,0,0,0,0,0,0,0,0,0,0,0,0,0
1995,1,1,0,1,1,40,0,0,0,0,0,0,0,0,0,0,0,0,0,0,0
1995,1,1,0,1,1,45,0,0,0,0,0,0,0,0,0,0,0,0,0,0,0
1995,1,1,0,1,1,50,0,0,0,0,0,0,0,0,0,0,0,0,0,0,0
1995,1,1,0,1,1,55,0,0,0,0,0,0,0,0,0,0,0,0,0,0,0
1995,1,1,0,1,1,60,0,0,0,0,0,0,0,0,0,0,0,0,0,0,0
1995,1,1,0,1,1,100,0,0,0,0,0,0,0,0,0,0,0,0,0,0,0
1995.5,1,0,0,0,0,0,4379,0,0,0,37,0,0,0,0,0,0,0,0,0,0
1995.5,1,0,0,0,0,5,4152,0,0,0,1,0,0,0,0,0,0,0,0,0,0
1995.5,1,0,0,0,0,10,3620,0,0,0,1,0,0,0,0,0,0,0,0,0,2
1995.5,1,0,0,0,0,15,2885,0,0,0,0,0,0,0,0,0,0,0,0,0,11
1995.5,1,0,0,0,0,20,2317,0,0,0,4,0,0,0,0,0,0,0,0,0,6
1995.5,1,0,0,0,0,25,1666,0,0,0,3,0,0,0,0,0,0,0,0,0,2
1995.5,1,0,0,0,0,30,1292,0,0,0,1,0,0,0,0,0,0,0,0,0,1
1995.5,1,0,0,0,0,35,562,0,0,0,1,0,0,0,0,0,0,0,0,0,0
1995.5,1,0,0,0,0,40,507,0,0,0,4,0,0,0,0,0,0,0,0,0,0
1995.5,1,0,0,0,0,45,489,0,0,0,3,0,0,0,0,0,0,0,0,0,0
1995.5,1,0,0,0,0,50,528,0,0,0,3,0,0,0,0,0,0,0,0,0,0
1995.5,1,0,0,0,0,55,520,0,0,0,4,0,0,0,0,0,0,0,0,0,0
1995.5,1,0,0,0,0,60,797,0,0,0,27,0,0,0,0,0,0,0,0,0,0
1995.5,1,0,0,0,0,100,0,0,0,0,0,0,0,0,0,0,0,0,0,0,0
1995.5,1,0,0,0,1,0,0,0,0,0,0,0,0,0,0,0,0,0,0,0,0
1995.5,1,0,0,0,1,5,0,0,0,0,0,0,0,0,0,0,0,0,0,0,0
1995.5,1,0,0,0,1,10,0,0,0,0,0,0,0,0,0,0,0,0,0,0,0
1995.5,1,0,0,0,1,15,0,0,0,0,0,0,0,0,0,0,0,0,0,0,0
1995.5,1,0,0,0,1,20,0,0,0,0,0,0,0,0,0,0,0,0,0,0,0
1995.5,1,0,0,0,1,25,0,0,0,0,0,0,0,0,0,0,0,0,0,0,0
1995.5,1,0,0,0,1,30,0,0,0,0,0,0,0,0,0,0,0,0,0,0,0
1995.5,1,0,0,0,1,35,0,0,0,0,0,0,0,0,0,0,0,0,0,0,0
1995.5,1,0,0,0,1,40,0,0,0,0,0,0,0,0,0,0,0,0,0,0,0
1995.5,1,0,0,0,1,45,0,0,0,0,0,0,0,0,0,0,0,0,0,0,0
1995.5,1,0,0,0,1,50,0,0,0,0,0,0,0,0,0,0,0,0,0,0,0
1995.5,1,0,0,0,1,55,0,0,0,0,0,0,0,0,0,0,0,0,0,0,0
1995.5,1,0,0,0,1,60,0,0,0,0,0,0,0,0,0,0,0,0,0,0,0
1995.5,1,0,0,0,1,100,0,0,0,0,0,0,0,0,0,0,0,0,0,0,0
1995.5,1,0,0,1,0,0,171,171,51,0,24,23,3,5,5,3,0,0,0,0,0
1995.5,1,0,0,1,0,5,77,77,0,0,2,2,0,4,4,0,0,0,0,0,0
1995.5,1,0,0,1,0,10,20,20,0,0,0,0,3,3,3,0,0,0,0,0,0
1995.5,1,0,0,1,0,15,50,50,10,0,0,0,0,0,0,0,0,9,0,0,0
1995.5,1,0,0,1,0,20,271,271,19,0,2,2,2,3,3,0,0,26,0,0,2
1995.5,1,0,0,1,0,25,439,439,24,0,7,7,7,9,9,4,0,53,0,0,0
1995.5,1,0,0,1,0,30,495,495,23,0,12,10,5,9,9,4,0,35,0,0,0
1995.5,1,0,0,1,0,35,258,258,9,0,12,11,8,14,14,7,0,22,0,0,0
1995.5,1,0,0,1,0,40,213,213,8,0,6,5,7,12,12,4,0,13,0,0,0
1995.5,1,0,0,1,0,45,141,141,3,0,10,9,3,6,6,3,0,12,0,0,0
1995.5,1,0,0,1,0,50,61,61,3,0,2,0,4,4,4,4,0,5,0,0,0
1995.5,1,0,0,1,0,55,62,62,6,0,5,4,2,4,4,1,0,5,0,0,0
1995.5,1,0,0,1,0,60,64,64,5,0,2,0,1,2,2,1,0,2,0,0,0
1995.5,1,0,0,1,0,100,0,0,0,0,0,0,0,0,0,0,0,0,0,0,0
1995.5,1,0,0,1,1,0,0,0,0,0,0,0,0,0,0,0,0,0,0,0,0
1995.5,1,0,0,1,1,5,0,0,0,0,0,0,0,0,0,0,0,0,0,0,0
1995.5,1,0,0,1,1,10,0,0,0,0,0,0,0,0,0,0,0,0,0,0,0
1995.5,1,0,0,1,1,15,0,0,0,0,0,0,0,0,0,0,0,0,0,0,0
1995.5,1,0,0,1,1,20,0,0,0,0,0,0,0,0,0,0,0,0,0,0,0
1995.5,1,0,0,1,1,25,0,0,0,0,0,0,0,0,0,0,0,0,0,0,0
1995.5,1,0,0,1,1,30,0,0,0,0,0,0,0,0,0,0,0,0,0,0,0
1995.5,1,0,0,1,1,35,0,0,0,0,0,0,0,0,0,0,0,0,0,0,0
1995.5,1,0,0,1,1,40,0,0,0,0,0,0,0,0,0,0,0,0,0,0,0
1995.5,1,0,0,1,1,45,0,0,0,0,0,0,0,0,0,0,0,0,0,0,0
1995.5,1,0,0,1,1,50,0,0,0,0,0,0,0,0,0,0,0,0,0,0,0
1995.5,1,0,0,1,1,55,0,0,0,0,0,0,0,0,0,0,0,0,0,0,0
1995.5,1,0,0,1,1,60,0,0,0,0,0,0,0,0,0,0,0,0,0,0,0
1995.5,1,0,0,1,1,100,0,0,0,0,0,0,0,0,0,0,0,0,0,0,0
1995.5,1,0,1,0,0,0,0,0,0,0,0,0,0,0,0,0,0,0,0,0,0
1995.5,1,0,1,0,0,5,2,0,0,0,0,0,0,0,0,0,0,0,0,0,0
1995.5,1,0,1,0,0,10,11,0,0,0,0,0,0,0,0,0,0,0,0,0,0
1995.5,1,0,1,0,0,15,67,0,0,0,0,0,0,0,0,0,0,0,0,0,0
1995.5,1,0,1,0,0,20,140,0,0,0,1,0,0,0,0,0,0,0,0,0,0
1995.5,1,0,1,0,0,25,209,0,0,0,0,0,0,0,0,0,0,0,0,0,0
1995.5,1,0,1,0,0,30,175,0,0,0,2,0,0,0,0,0,0,0,0,0,0
1995.5,1,0,1,0,0,35,64,0,0,0,0,0,0,0,0,0,0,0,0,0,0
1995.5,1,0,1,0,0,40,47,0,0,0,0,0,0,0,0,0,0,0,0,0,0
1995.5,1,0,1,0,0,45,43,0,0,0,0,0,0,0,0,0,0,0,0,0,0
1995.5,1,0,1,0,0,50,50,0,0,0,0,0,0,0,0,0,0,0,0,0,0
1995.5,1,0,1,0,0,55,44,0,0,0,0,0,0,0,0,0,0,0,0,0,0
1995.5,1,0,1,0,0,60,79,0,0,0,1,0,0,0,0,0,0,0,0,0,0
1995.5,1,0,1,0,0,100,0,0,0,0,0,0,0,0,0,0,0,0,0,0,0
1995.5,1,0,1,0,1,0,0,0,0,0,0,0,0,0,0,0,0,0,0,0,0
1995.5,1,0,1,0,1,5,0,0,0,0,0,0,0,0,0,0,0,0,0,0,0
1995.5,1,0,1,0,1,10,0,0,0,0,0,0,0,0,0,0,0,0,0,0,0
1995.5,1,0,1,0,1,15,0,0,0,0,0,0,0,0,0,0,0,0,0,0,0
1995.5,1,0,1,0,1,20,0,0,0,0,0,0,0,0,0,0,0,0,0,0,0
1995.5,1,0,1,0,1,25,0,0,0,0,0,0,0,0,0,0,0,0,0,0,0
1995.5,1,0,1,0,1,30,0,0,0,0,0,0,0,0,0,0,0,0,0,0,0
1995.5,1,0,1,0,1,35,0,0,0,0,0,0,0,0,0,0,0,0,0,0,0
1995.5,1,0,1,0,1,40,0,0,0,0,0,0,0,0,0,0,0,0,0,0,0
1995.5,1,0,1,0,1,45,0,0,0,0,0,0,0,0,0,0,0,0,0,0,0
1995.5,1,0,1,0,1,50,0,0,0,0,0,0,0,0,0,0,0,0,0,0,0
1995.5,1,0,1,0,1,55,0,0,0,0,0,0,0,0,0,0,0,0,0,0,0
1995.5,1,0,1,0,1,60,0,0,0,0,0,0,0,0,0,0,0,0,0,0,0
1995.5,1,0,1,0,1,100,0,0,0,0,0,0,0,0,0,0,0,0,0,0,0
1995.5,1,0,1,1,0,0,0,0,0,0,0,0,0,0,0,0,0,0,0,0,0
1995.5,1,0,1,1,0,5,0,0,0,0,0,0,0,0,0,0,0,0,0,0,0
1995.5,1,0,1,1,0,10,0,0,0,0,0,0,0,0,0,0,0,0,0,0,0
1995.5,1,0,1,1,0,15,0,0,0,0,0,0,0,0,0,0,0,0,0,0,0
1995.5,1,0,1,1,0,20,17,17,2,0,0,0,0,0,0,0,0,3,0,0,0
1995.5,1,0,1,1,0,25,35,35,3,0,1,1,0,1,1,0,0,2,0,0,0
1995.5,1,0,1,1,0,30,41,41,2,0,1,1,0,1,1,0,0,5,0,0,0
1995.5,1,0,1,1,0,35,20,20,0,0,0,0,1,1,1,0,0,0,0,0,0
1995.5,1,0,1,1,0,40,12,12,1,0,0,0,1,1,1,1,0,2,0,0,0
1995.5,1,0,1,1,0,45,11,11,0,0,0,0,0,0,0,0,0,1,0,0,0
1995.5,1,0,1,1,0,50,8,8,2,0,0,0,0,0,0,0,0,1,0,0,0
1995.5,1,0,1,1,0,55,10,10,0,0,0,0,0,2,2,0,0,0,0,0,0
1995.5,1,0,1,1,0,60,2,2,0,0,1,0,0,0,0,0,0,0,0,0,0
1995.5,1,0,1,1,0,100,0,0,0,0,0,0,0,0,0,0,0,0,0,0,0
1995.5,1,0,1,1,1,0,0,0,0,0,0,0,0,0,0,0,0,0,0,0,0
1995.5,1,0,1,1,1,5,0,0,0,0,0,0,0,0,0,0,0,0,0,0,0
1995.5,1,0,1,1,1,10,0,0,0,0,0,0,0,0,0,0,0,0,0,0,0
1995.5,1,0,1,1,1,15,0,0,0,0,0,0,0,0,0,0,0,0,0,0,0
1995.5,1,0,1,1,1,20,0,0,0,0,0,0,0,0,0,0,0,0,0,0,0
1995.5,1,0,1,1,1,25,0,0,0,0,0,0,0,0,0,0,0,0,0,0,0
1995.5,1,0,1,1,1,30,0,0,0,0,0,0,0,0,0,0,0,0,0,0,0
1995.5,1,0,1,1,1,35,0,0,0,0,0,0,0,0,0,0,0,0,0,0,0
1995.5,1,0,1,1,1,40,0,0,0,0,0,0,0,0,0,0,0,0,0,0,0
1995.5,1,0,1,1,1,45,0,0,0,0,0,0,0,0,0,0,0,0,0,0,0
1995.5,1,0,1,1,1,50,0,0,0,0,0,0,0,0,0,0,0,0,0,0,0
1995.5,1,0,1,1,1,55,0,0,0,0,0,0,0,0,0,0,0,0,0,0,0
1995.5,1,0,1,1,1,60,0,0,0,0,0,0,0,0,0,0,0,0,0,0,0
1995.5,1,0,1,1,1,100,0,0,0,0,0,0,0,0,0,0,0,0,0,0,0
1995.5,1,1,0,0,0,0,4454,0,0,0,26,0,0,0,0,0,0,0,0,0,0
1995.5,1,1,0,0,0,5,4253,0,0,0,2,0,0,0,0,0,0,0,0,0,0
1995.5,1,1,0,0,0,10,3932,0,0,0,1,0,0,0,0,0,0,0,0,0,0
1995.5,1,1,0,0,0,15,2836,0,0,0,1,0,0,0,0,0,0,0,0,0,0
1995.5,1,1,0,0,0,20,2126,0,0,0,2,0,0,0,0,0,0,0,0,0,0
1995.5,1,1,0,0,0,25,1640,0,0,0,0,0,0,0,0,0,0,0,0,0,0
1995.5,1,1,0,0,0,30,1255,0,0,0,1,0,0,0,0,0,0,0,0,0,0
1995.5,1,1,0,0,0,35,554,0,0,0,1,0,0,0,0,0,0,0,0,0,0
1995.5,1,1,0,0,0,40,584,0,0,0,0,0,0,0,0,0,0,0,0,0,0
1995.5,1,1,0,0,0,45,608,0,0,0,6,0,0,0,0,0,0,0,0,0,0
1995.5,1,1,0,0,0,50,700,0,0,0,3,0,0,0,0,0,0,0,0,0,0
1995.5,1,1,0,0,0,55,702,0,0,0,5,0,0,0,0,0,0,0,0,0,0
1995.5,1,1,0,0,0,60,1311,0,0,0,36,0,0,0,0,0,0,0,0,0,0
1995.5,1,1,0,0,0,100,2,0,0,0,0,0,0,0,0,0,0,0,0,0,0
1995.5,1,1,0,0,1,0,0,0,0,0,0,0,0,0,0,0,0,0,0,0,0
1995.5,1,1,0,0,1,5,0,0,0,0,0,0,0,0,0,0,0,0,0,0,0
1995.5,1,1,0,0,1,10,0,0,0,0,0,0,0,0,0,0,0,0,0,0,0
1995.5,1,1,0,0,1,15,0,0,0,0,0,0,0,0,0,0,0,0,0,0,0
1995.5,1,1,0,0,1,20,0,0,0,0,0,0,0,0,0,0,0,0,0,0,0
1995.5,1,1,0,0,1,25,0,0,0,0,0,0,0,0,0,0,0,0,0,0,0
1995.5,1,1,0,0,1,30,0,0,0,0,0,0,0,0,0,0,0,0,0,0,0
1995.5,1,1,0,0,1,35,0,0,0,0,0,0,0,0,0,0,0,0,0,0,0
1995.5,1,1,0,0,1,40,0,0,0,0,0,0,0,0,0,0,0,0,0,0,0
1995.5,1,1,0,0,1,45,0,0,0,0,0,0,0,0,0,0,0,0,0,0,0
1995.5,1,1,0,0,1,50,0,0,0,0,0,0,0,0,0,0,0,0,0,0,0
1995.5,1,1,0,0,1,55,0,0,0,0,0,0,0,0,0,0,0,0,0,0,0
1995.5,1,1,0,0,1,60,0,0,0,0,0,0,0,0,0,0,0,0,0,0,0
1995.5,1,1,0,0,1,100,0,0,0,0,0,0,0,0,0,0,0,0,0,0,0
1995.5,1,1,0,1,0,0,197,197,42,0,27,26,9,9,9,7,0,0,0,0,0
1995.5,1,1,0,1,0,5,73,73,0,0,3,3,0,0,0,0,0,0,0,0,0
1995.5,1,1,0,1,0,10,25,25,11,0,3,3,2,2,2,2,0,1,0,0,0
1995.5,1,1,0,1,0,15,219,219,32,0,2,2,0,1,1,0,0,20,0,0,0
1995.5,1,1,0,1,0,20,597,597,56,0,7,7,7,8,8,5,0,26,0,0,0
1995.5,1,1,0,1,0,25,793,793,28,0,16,15,11,15,15,8,0,24,0,0,0
1995.5,1,1,0,1,0,30,742,742,27,0,26,25,11,19,19,3,0,19,0,0,0
1995.5,1,1,0,1,0,35,312,312,16,0,14,13,5,11,11,3,0,8,0,0,0
1995.5,1,1,0,1,0,40,204,204,6,0,15,15,3,8,8,1,0,5,0,0,0
1995.5,1,1,0,1,0,45,166,166,9,0,14,13,7,12,12,7,0,11,0,0,0
1995.5,1,1,0,1,0,50,105,105,3,0,4,4,4,7,7,2,0,4,0,0,0
1995.5,1,1,0,1,0,55,63,63,4,0,2,2,1,4,4,1,0,0,0,0,0
1995.5,1,1,0,1,0,60,66,66,4,0,5,3,2,3,3,0,0,2,0,0,0
1995.5,1,1,0,1,0,100,0,0,0,0,0,0,0,0,0,0,0,0,0,0,0
1995.5,1,1,0,1,1,0,0,0,0,0,0,0,0,0,0,0,0,0,0,0,0
1995.5,1,1,0,1,1,5,0,0,0,0,0,0,0,0,0,0,0,0,0,0,0
1995.5,1,1,0,1,1,10,0,0,0,0,0,0,0,0,0,0,0,0,0,0,0
1995.5,1,1,0,1,1,15,0,0,0,0,0,0,0,0,0,0,0,0,0,0,0
1995.5,1,1,0,1,1,20,0,0,0,0,0,0,0,0,0,0,0,0,0,0,0
1995.5,1,1,0,1,1,25,0,0,0,0,0,0,0,0,0,0,0,0,0,0,0
1995.5,1,1,0,1,1,30,0,0,0,0,0,0,0,0,0,0,0,0,0,0,0
1995.5,1,1,0,1,1,35,0,0,0,0,0,0,0,0,0,0,0,0,0,0,0
1995.5,1,1,0,1,1,40,0,0,0,0,0,0,0,0,0,0,0,0,0,0,0
1995.5,1,1,0,1,1,45,0,0,0,0,0,0,0,0,0,0,0,0,0,0,0
1995.5,1,1,0,1,1,50,0,0,0,0,0,0,0,0,0,0,0,0,0,0,0
1995.5,1,1,0,1,1,55,0,0,0,0,0,0,0,0,0,0,0,0,0,0,0
1995.5,1,1,0,1,1,60,0,0,0,0,0,0,0,0,0,0,0,0,0,0,0
1995.5,1,1,0,1,1,100,0,0,0,0,0,0,0,0,0,0,0,0,0,0,0
1996,1,0,0,0,0,0,4448,0,0,0,31,0,0,0,0,0,0,0,0,0,0
1996,1,0,0,0,0,5,4126,0,0,0,7,0,0,0,0,0,0,0,0,0,1
1996,1,0,0,0,0,10,3711,0,0,0,1,0,0,0,0,0,0,0,0,0,4
1996,1,0,0,0,0,15,2926,0,0,0,2,0,0,0,0,0,0,0,0,0,13
1996,1,0,0,0,0,20,2327,0,0,0,2,0,0,0,0,0,0,0,0,0,9
1996,1,0,0,0,0,25,1674,0,0,0,4,0,0,0,0,0,0,0,0,0,5
1996,1,0,0,0,0,30,1317,0,0,0,2,0,0,0,0,0,0,0,0,0,1
1996,1,0,0,0,0,35,607,0,0,0,1,0,0,0,0,0,0,0,0,0,0
1996,1,0,0,0,0,40,509,0,0,0,5,0,0,0,0,0,0,0,0,0,0
1996,1,0,0,0,0,45,468,0,0,0,2,0,0,0,0,0,0,0,0,0,0
1996,1,0,0,0,0,50,512,0,0,0,4,0,0,0,0,0,0,0,0,0,0
1996,1,0,0,0,0,55,516,0,0,0,5,0,0,0,0,0,0,0,0,0,0
1996,1,0,0,0,0,60,823,0,0,0,26,0,0,0,0,0,0,0,0,0,0
1996,1,0,0,0,0,100,0,0,0,0,0,0,0,0,0,0,0,0,0,0,0
1996,1,0,0,0,1,0,0,0,0,0,0,0,0,0,0,0,0,0,0,0,0
1996,1,0,0,0,1,5,0,0,0,0,0,0,0,0,0,0,0,0,0,0,0
1996,1,0,0,0,1,10,0,0,0,0,0,0,0,0,0,0,0,0,0,0,0
1996,1,0,0,0,1,15,0,0,0,0,0,0,0,0,0,0,0,0,0,0,0
1996,1,0,0,0,1,20,0,0,0,0,0,0,0,0,0,0,0,0,0,0,0
1996,1,0,0,0,1,25,0,0,0,0,0,0,0,0,0,0,0,0,0,0,0
1996,1,0,0,0,1,30,0,0,0,0,0,0,0,0,0,0,0,0,0,0,0
1996,1,0,0,0,1,35,0,0,0,0,0,0,0,0,0,0,0,0,0,0,0
1996,1,0,0,0,1,40,0,0,0,0,0,0,0,0,0,0,0,0,0,0,0
1996,1,0,0,0,1,45,0,0,0,0,0,0,0,0,0,0,0,0,0,0,0
1996,1,0,0,0,1,50,0,0,0,0,0,0,0,0,0,0,0,0,0,0,0
1996,1,0,0,0,1,55,0,0,0,0,0,0,0,0,0,0,0,0,0,0,0
1996,1,0,0,0,1,60,0,0,0,0,0,0,0,0,0,0,0,0,0,0,0
1996,1,0,0,0,1,100,0,0,0,0,0,0,0,0,0,0,0,0,0,0,0
1996,1,0,0,1,0,0,185,185,47,0,22,21,5,6,6,4,0,0,0,0,0
1996,1,0,0,1,0,5,89,89,0,0,1,1,1,4,4,1,0,0,0,0,0
1996,1,0,0,1,0,10,24,24,0,0,0,0,0,3,3,0,0,0,0,0,0
1996,1,0,0,1,0,15,47,47,11,0,1,1,0,0,0,0,0,1,0,0,0
1996,1,0,0,1,0,20,268,268,31,0,4,4,0,1,1,0,0,38,0,0,0
1996,1,0,0,1,0,25,451,451,27,0,6,5,7,11,11,4,0,65,0,0,1
1996,1,0,0,1,0,30,495,495,19,0,19,16,7,12,12,5,0,49,0,0,0
1996,1,0,0,1,0,35,279,279,6,0,17,17,12,18,18,4,0,19,0,0,0
1996,1,0,0,1,0,40,227,227,13,0,7,6,9,15,15,7,0,24,0,0,0
1996,1,0,0,1,0,45,138,138,6,0,12,11,6,11,11,3,0,12,0,0,0
1996,1,0,0,1,0,50,64,64,0,0,6,4,5,5,5,2,0,4,0,0,0
1996,1,0,0,1,0,55,61,61,8,0,7,7,1,1,1,1,0,5,0,0,0
1996,1,0,0,1,0,60,70,70,5,0,5,2,1,2,2,1,0,17,0,0,0
1996,1,0,0,1,0,100,0,0,0,0,0,0,0,0,0,0,0,0,0,0,0
1996,1,0,0,1,1,0,0,0,0,0,0,0,0,0,0,0,0,0,0,0,0
1996,1,0,0,1,1,5,0,0,0,0,0,0,0,0,0,0,0,0,0,0,0
1996,1,0,0,1,1,10,0,0,0,0,0,0,0,0,0,0,0,0,0,0,0
1996,1,0,0,1,1,15,0,0,0,0,0,0,0,0,0,0,0,0,0,0,0
1996,1,0,0,1,1,20,0,0,0,0,0,0,0,0,0,0,0,0,0,0,0
1996,1,0,0,1,1,25,0,0,0,0,0,0,0,0,0,0,0,0,0,0,0
1996,1,0,0,1,1,30,0,0,0,0,0,0,0,0,0,0,0,0,0,0,0
1996,1,0,0,1,1,35,0,0,0,0,0,0,0,0,0,0,0,0,0,0,0
1996,1,0,0,1,1,40,0,0,0,0,0,0,0,0,0,0,0,0,0,0,0
1996,1,0,0,1,1,45,0,0,0,0,0,0,0,0,0,0,0,0,0,0,0
1996,1,0,0,1,1,50,0,0,0,0,0,0,0,0,0,0,0,0,0,0,0
1996,1,0,0,1,1,55,0,0,0,0,0,0,0,0,0,0,0,0,0,0,0
1996,1,0,0,1,1,60,0,0,0,0,0,0,0,0,0,0,0,0,0,0,0
1996,1,0,0,1,1,100,0,0,0,0,0,0,0,0,0,0,0,0,0,0,0
1996,1,0,1,0,0,0,0,0,0,0,0,0,0,0,0,0,0,0,0,0,0
1996,1,0,1,0,0,5,2,0,0,0,0,0,0,0,0,0,0,0,0,0,0
1996,1,0,1,0,0,10,15,0,0,0,0,0,0,0,0,0,0,0,0,0,0
1996,1,0,1,0,0,15,72,0,0,0,0,0,0,0,0,0,0,0,0,0,0
1996,1,0,1,0,0,20,137,0,0,0,0,0,0,0,0,0,0,0,0,0,0
1996,1,0,1,0,0,25,211,0,0,0,0,0,0,0,0,0,0,0,0,0,0
1996,1,0,1,0,0,30,174,0,0,0,0,0,0,0,0,0,0,0,0,0,0
1996,1,0,1,0,0,35,76,0,0,0,0,0,0,0,0,0,0,0,0,0,0
1996,1,0,1,0,0,40,46,0,0,0,1,0,0,0,0,0,0,0,0,0,0
1996,1,0,1,0,0,45,47,0,0,0,0,0,0,0,0,0,0,0,0,0,0
1996,1,0,1,0,0,50,48,0,0,0,1,0,0,0,0,0,0,0,0,0,0
1996,1,0,1,0,0,55,41,0,0,0,1,0,0,0,0,0,0,0,0,0,0
1996,1,0,1,0,0,60,80,0,0,0,5,0,0,0,0,0,0,0,0,0,0
1996,1,0,1,0,0,100,0,0,0,0,0,0,0,0,0,0,0,0,0,0,0
1996,1,0,1,0,1,0,0,0,0,0,0,0,0,0,0,0,0,0,0,0,0
1996,1,0,1,0,1,5,0,0,0,0,0,0,0,0,0,0,0,0,0,0,0
1996,1,0,1,0,1,10,0,0,0,0,0,0,0,0,0,0,0,0,0,0,0
1996,1,0,1,0,1,15,0,0,0,0,0,0,0,0,0,0,0,0,0,0,0
1996,1,0,1,0,1,20,0,0,0,0,0,0,0,0,0,0,0,0,0,0,0
1996,1,0,1,0,1,25,0,0,0,0,0,0,0,0,0,0,0,0,0,0,0
1996,1,0,1,0,1,30,0,0,0,0,0,0,0,0,0,0,0,0,0,0,0
1996,1,0,1,0,1,35,0,0,0,0,0,0,0,0,0,0,0,0,0,0,0
1996,1,0,1,0,1,40,0,0,0,0,0,0,0,0,0,0,0,0,0,0,0
1996,1,0,1,0,1,45,0,0,0,0,0,0,0,0,0,0,0,0,0,0,0
1996,1,0,1,0,1,50,0,0,0,0,0,0,0,0,0,0,0,0,0,0,0
1996,1,0,1,0,1,55,0,0,0,0,0,0,0,0,0,0,0,0,0,0,0
1996,1,0,1,0,1,60,0,0,0,0,0,0,0,0,0,0,0,0,0,0,0
1996,1,0,1,0,1,100,0,0,0,0,0,0,0,0,0,0,0,0,0,0,0
1996,1,0,1,1,0,0,0,0,0,0,0,0,0,0,0,0,0,0,0,0,0
1996,1,0,1,1,0,5,0,0,0,0,0,0,0,0,0,0,0,0,0,0,0
1996,1,0,1,1,0,10,0,0,0,0,0,0,0,0,0,0,0,0,0,0,0
1996,1,0,1,1,0,15,0,0,0,0,0,0,0,0,0,0,0,0,0,0,0
1996,1,0,1,1,0,20,17,17,2,0,0,0,0,0,0,0,0,2,0,0,0
1996,1,0,1,1,0,25,36,36,2,0,1,1,0,0,0,0,0,4,0,0,0
1996,1,0,1,1,0,30,40,40,2,0,1,1,1,2,2,1,0,5,0,0,0
1996,1,0,1,1,0,35,24,24,0,0,0,0,0,1,1,0,0,2,0,0,0
1996,1,0,1,1,0,40,13,13,1,0,0,0,1,1,1,0,0,3,0,0,0
1996,1,0,1,1,0,45,11,11,0,0,1,1,0,0,0,0,0,2,0,0,0
1996,1,0,1,1,0,50,6,6,0,0,1,1,0,0,0,0,0,1,0,0,0
1996,1,0,1,1,0,55,8,8,0,0,3,3,0,0,0,0,0,0,0,0,0
1996,1,0,1,1,0,60,3,3,1,0,0,0,0,0,0,0,0,0,0,0,0
1996,1,0,1,1,0,100,0,0,0,0,0,0,0,0,0,0,0,0,0,0,0
1996,1,0,1,1,1,0,0,0,0,0,0,0,0,0,0,0,0,0,0,0,0
1996,1,0,1,1,1,5,0,0,0,0,0,0,0,0,0,0,0,0,0,0,0
1996,1,0,1,1,1,10,0,0,0,0,0,0,0,0,0,0,0,0,0,0,0
1996,1,0,1,1,1,15,0,0,0,0,0,0,0,0,0,0,0,0,0,0,0
1996,1,0,1,1,1,20,0,0,0,0,0,0,0,0,0,0,0,0,0,0,0
1996,1,0,1,1,1,25,0,0,0,0,0,0,0,0,0,0,0,0,0,0,0
1996,1,0,1,1,1,30,0,0,0,0,0,0,0,0,0,0,0,0,0,0,0
1996,1,0,1,1,1,35,0,0,0,0,0,0,0,0,0,0,0,0,0,0,0
1996,1,0,1,1,1,40,0,0,0,0,0,0,0,0,0,0,0,0,0,0,0
1996,1,0,1,1,1,45,0,0,0,0,0,0,0,0,0,0,0,0,0,0,0
1996,1,0,1,1,1,50,0,0,0,0,0,0,0,0,0,0,0,0,0,0,0
1996,1,0,1,1,1,55,0,0,0,0,0,0,0,0,0,0,0,0,0,0,0
1996,1,0,1,1,1,60,0,0,0,0,0,0,0,0,0,0,0,0,0,0,0
1996,1,0,1,1,1,100,0,0,0,0,0,0,0,0,0,0,0,0,0,0,0
1996,1,1,0,0,0,0,4423,0,0,0,19,0,0,0,0,0,0,0,0,0,0
1996,1,1,0,0,0,5,4327,0,0,0,2,0,0,0,0,0,0,0,0,0,0
1996,1,1,0,0,0,10,3919,0,0,0,1,0,0,0,0,0,0,0,0,0,0
1996,1,1,0,0,0,15,2914,0,0,0,2,0,0,0,0,0,0,0,0,0,0
1996,1,1,0,0,0,20,2121,0,0,0,4,0,0,0,0,0,0,0,0,0,0
1996,1,1,0,0,0,25,1632,0,0,0,3,0,0,0,0,0,0,0,0,0,0
1996,1,1,0,0,0,30,1254,0,0,0,1,0,0,0,0,0,0,0,0,0,0
1996,1,1,0,0,0,35,606,0,0,0,1,0,1,1,0,0,1,0,0,0,0
1996,1,1,0,0,0,40,574,0,0,0,0,0,0,0,0,0,0,0,0,0,0
1996,1,1,0,0,0,45,577,0,0,0,3,0,0,0,0,0,0,0,0,0,0
1996,1,1,0,0,0,50,692,0,0,0,3,0,0,0,0,0,0,0,0,0,0
1996,1,1,0,0,0,55,702,0,0,0,4,0,0,0,0,0,0,0,0,0,0
1996,1,1,0,0,0,60,1321,0,0,0,36,0,0,0,0,0,0,0,0,0,0
1996,1,1,0,0,0,100,2,0,0,0,0,0,0,0,0,0,0,0,0,0,0
1996,1,1,0,0,1,0,0,0,0,0,0,0,0,0,0,0,0,0,0,0,0
1996,1,1,0,0,1,5,0,0,0,0,0,0,0,0,0,0,0,0,0,0,0
1996,1,1,0,0,1,10,0,0,0,0,0,0,0,0,0,0,0,0,0,0,0
1996,1,1,0,0,1,15,0,0,0,0,0,0,0,0,0,0,0,0,0,0,0
1996,1,1,0,0,1,20,0,0,0,0,0,0,0,0,0,0,0,0,0,0,0
1996,1,1,0,0,1,25,0,0,0,0,0,0,0,0,0,0,0,0,0,0,0
1996,1,1,0,0,1,30,0,0,0,0,0,0,0,0,0,0,0,0,0,0,0
1996,1,1,0,0,1,35,0,0,0,0,0,0,0,0,0,0,0,0,0,0,0
1996,1,1,0,0,1,40,0,0,0,0,0,0,0,0,0,0,0,0,0,0,0
1996,1,1,0,0,1,45,0,0,0,0,0,0,0,0,0,0,0,0,0,0,0
1996,1,1,0,0,1,50,0,0,0,0,0,0,0,0,0,0,0,0,0,0,0
1996,1,1,0,0,1,55,0,0,0,0,0,0,0,0,0,0,0,0,0,0,0
1996,1,1,0,0,1,60,0,0,0,0,0,0,0,0,0,0,0,0,0,0,0
1996,1,1,0,0,1,100,0,0,0,0,0,0,0,0,0,0,0,0,0,0,0
1996,1,1,0,1,0,0,201,201,45,0,23,22,12,12,12,10,0,0,0,0,0
1996,1,1,0,1,0,5,81,81,0,0,1,1,0,0,0,0,0,0,0,0,0
1996,1,1,0,1,0,10,30,30,13,0,4,4,1,1,1,1,0,1,0,0,0
1996,1,1,0,1,0,15,236,236,51,0,4,3,0,1,1,0,0,28,0,0,0
1996,1,1,0,1,0,20,623,623,67,0,8,7,4,7,7,2,0,36,0,0,0
1996,1,1,0,1,0,25,807,807,38,0,21,19,11,16,16,5,0,27,0,0,0
1996,1,1,0,1,0,30,755,755,26,0,20,19,8,18,18,6,0,11,0,0,0
1996,1,1,0,1,0,35,364,364,11,0,19,18,8,16,16,4,0,11,0,0,0
1996,1,1,0,1,0,40,199,199,12,0,18,18,6,8,8,7,0,6,0,0,0
1996,1,1,0,1,0,45,166,166,12,0,15,12,9,13,13,4,0,4,0,0,0
1996,1,1,0,1,0,50,102,102,4,0,15,14,2,3,3,1,0,5,0,0,0
1996,1,1,0,1,0,55,72,72,5,0,5,4,1,3,3,0,0,3,0,0,0
1996,1,1,0,1,0,60,81,81,14,0,3,1,2,4,4,2,0,2,0,0,0
1996,1,1,0,1,0,100,0,0,0,0,0,0,0,0,0,0,0,0,0,0,0
1996,1,1,0,1,1,0,0,0,0,0,0,0,0,0,0,0,0,0,0,0,0
1996,1,1,0,1,1,5,0,0,0,0,0,0,0,0,0,0,0,0,0,0,0
1996,1,1,0,1,1,10,0,0,0,0,0,0,0,0,0,0,0,0,0,0,0
1996,1,1,0,1,1,15,0,0,0,0,0,0,0,0,0,0,0,0,0,0,0
1996,1,1,0,1,1,20,0,0,0,0,0,0,0,0,0,0,0,0,0,0,0
1996,1,1,0,1,1,25,0,0,0,0,0,0,0,0,0,0,0,0,0,0,0
1996,1,1,0,1,1,30,0,0,0,0,0,0,0,0,0,0,0,0,0,0,0
1996,1,1,0,1,1,35,0,0,0,0,0,0,0,0,0,0,0,0,0,0,0
1996,1,1,0,1,1,40,0,0,0,0,0,0,0,0,0,0,0,0,0,0,0
1996,1,1,0,1,1,45,0,0,0,0,0,0,0,0,0,0,0,0,0,0,0
1996,1,1,0,1,1,50,0,0,0,0,0,0,0,0,0,0,0,0,0,0,0
1996,1,1,0,1,1,55,0,0,0,0,0,0,0,0,0,0,0,0,0,0,0
1996,1,1,0,1,1,60,0,0,0,0,0,0,0,0,0,0,0,0,0,0,0
1996,1,1,0,1,1,100,0,0,0,0,0,0,0,0,0,0,0,0,0,0,0
1996.5,1,0,0,0,0,0,4430,0,0,0,32,0,0,0,0,0,0,0,0,0,0
1996.5,1,0,0,0,0,5,4180,0,0,0,1,0,0,0,0,0,0,0,0,0,0
1996.5,1,0,0,0,0,10,3794,0,0,0,1,0,0,0,0,0,0,0,0,0,5
1996.5,1,0,0,0,0,15,2945,0,0,0,2,0,0,0,0,0,0,0,0,0,11
1996.5,1,0,0,0,0,20,2322,0,0,0,2,0,0,0,0,0,0,0,0,0,8
1996.5,1,0,0,0,0,25,1687,0,0,0,7,0,0,0,0,0,0,0,0,0,6
1996.5,1,0,0,0,0,30,1313,0,0,0,2,0,0,0,0,0,0,0,0,0,1
1996.5,1,0,0,0,0,35,666,0,0,0,2,0,0,0,0,0,0,0,0,0,0
1996.5,1,0,0,0,0,40,501,0,0,0,3,0,0,0,0,0,0,0,0,0,0
1996.5,1,0,0,0,0,45,454,0,0,0,2,0,0,0,0,0,0,0,0,0,0
1996.5,1,0,0,0,0,50,510,0,0,0,2,0,0,0,0,0,0,0,0,0,0
1996.5,1,0,0,0,0,55,501,0,0,0,4,0,0,0,0,0,0,0,0,0,0
1996.5,1,0,0,0,0,60,844,0,0,0,28,0,0,0,0,0,0,0,0,0,0
1996.5,1,0,0,0,0,100,0,0,0,0,0,0,0,0,0,0,0,0,0,0,0
1996.5,1,0,0,0,1,0,0,0,0,0,0,0,0,0,0,0,0,0,0,0,0
1996.5,1,0,0,0,1,5,0,0,0,0,0,0,0,0,0,0,0,0,0,0,0
1996.5,1,0,0,0,1,10,0,0,0,0,0,0,0,0,0,0,0,0,0,0,0
1996.5,1,0,0,0,1,15,0,0,0,0,0,0,0,0,0,0,0,0,0,0,0
1996.5,1,0,0,0,1,20,0,0,0,0,0,0,0,0,0,0,0,0,0,0,0
1996.5,1,0,0,0,1,25,0,0,0,0,0,0,0,0,0,0,0,0,0,0,0
1996.5,1,0,0,0,1,30,0,0,0,0,0,0,0,0,0,0,0,0,0,0,0
1996.5,1,0,0,0,1,35,0,0,0,0,0,0,0,0,0,0,0,0,0,0,0
1996.5,1,0,0,0,1,40,0,0,0,0,0,0,0,0,0,0,0,0,0,0,0
1996.5,1,0,0,0,1,45,0,0,0,0,0,0,0,0,0,0,0,0,0,0,0
1996.5,1,0,0,0,1,50,0,0,0,0,0,0,0,0,0,0,0,0,0,0,0
1996.5,1,0,0,0,1,55,0,0,0,0,0,0,0,0,0,0,0,0,0,0,0
1996.5,1,0,0,0,1,60,0,0,0,0,0,0,0,0,0,0,0,0,0,0,0
1996.5,1,0,0,0,1,100,0,0,0,0,0,0,0,0,0,0,0,0,0,0,0
1996.5,1,0,0,1,0,0,187,187,45,0,33,26,4,5,5,6,0,0,0,0,0
1996.5,1,0,0,1,0,5,96,96,0,0,2,2,1,2,2,0,0,0,0,0,0
1996.5,1,0,0,1,0,10,26,26,0,0,2,2,0,2,2,0,0,0,0,0,0
1996.5,1,0,0,1,0,15,46,46,12,0,0,0,0,0,0,0,0,6,0,0,0
1996.5,1,0,0,1,0,20,281,281,44,0,5,4,0,0,0,0,0,35,0,0,2
1996.5,1,0,0,1,0,25,459,459,39,0,13,10,6,9,9,4,0,38,0,0,0
1996.5,1,0,0,1,0,30,503,503,21,0,17,15,8,11,11,2,0,48,0,0,0
1996.5,1,0,0,1,0,35,299,299,13,0,15,14,4,14,14,1,0,16,0,0,0
1996.5,1,0,0,1,0,40,235,235,8,0,5,5,6,12,12,2,0,26,0,0,0
1996.5,1,0,0,1,0,45,142,142,6,0,10,9,6,11,11,2,0,14,0,0,0
1996.5,1,0,0,1,0,50,74,74,5,0,3,2,4,7,7,3,0,6,0,0,0
1996.5,1,0,0,1,0,55,60,60,6,0,4,2,3,3,3,1,0,3,0,0,0
1996.5,1,0,0,1,0,60,71,71,3,0,6,3,3,4,4,3,0,5,0,0,0
1996.5,1,0,0,1,0,100,0,0,0,0,0,0,0,0,0,0,0,0,0,0,0
1996.5,1,0,0,1,1,0,0,0,0,0,0,0,0,0,0,0,0,0,0,0,0
1996.5,1,0,0,1,1,5,0,0,0,0,0,0,0,0,0,0,0,0,0,0,0
1996.5,1,0,0,1,1,10,0,0,0,0,0,0,0,0,0,0,0,0,0,0,0
1996.5,1,0,0,1,1,15,0,0,0,0,0,0,0,0,0,0,0,0,0,0,0
1996.5,1,0,0,1,1,20,0,0,0,0,0,0,0,0,0,0,0,0,0,0,0
1996.5,1,0,0,1,1,25,0,0,0,0,0,0,0,0,0,0,0,0,0,0,0
1996.5,1,0,0,1,1,30,0,0,0,0,0,0,0,0,0,0,0,0,0,0,0
1996.5,1,0,0,1,1,35,0,0,0,0,0,0,0,0,0,0,0,0,0,0,0
1996.5,1,0,0,1,1,40,0,0,0,0,0,0,0,0,0,0,0,0,0,0,0
1996.5,1,0,0,1,1,45,0,0,0,0,0,0,0,0,0,0,0,0,0,0,0
1996.5,1,0,0,1,1,50,0,0,0,0,0,0,0,0,0,0,0,0,0,0,0
1996.5,1,0,0,1,1,55,0,0,0,0,0,0,0,0,0,0,0,0,0,0,0
1996.5,1,0,0,1,1,60,0,0,0,0,0,0,0,0,0,0,0,0,0,0,0
1996.5,1,0,0,1,1,100,0,0,0,0,0,0,0,0,0,0,0,0,0,0,0
1996.5,1,0,1,0,0,0,0,0,0,0,0,0,0,0,0,0,0,0,0,0,0
1996.5,1,0,1,0,0,5,2,0,0,0,0,0,0,0,0,0,0,0,0,0,0
1996.5,1,0,1,0,0,10,17,0,0,0,0,0,0,0,0,0,0,0,0,0,0
1996.5,1,0,1,0,0,15,74,0,0,0,0,0,0,0,0,0,0,0,0,0,0
1996.5,1,0,1,0,0,20,136,0,0,0,0,0,0,0,0,0,0,0,0,0,0
1996.5,1,0,1,0,0,25,211,0,0,0,1,0,0,0,0,0,0,0,0,0,0
1996.5,1,0,1,0,0,30,186,0,0,0,0,0,0,0,0,0,0,0,0,0,0
1996.5,1,0,1,0,0,35,81,0,0,0,0,0,0,0,0,0,0,0,0,0,0
1996.5,1,0,1,0,0,40,46,0,0,0,1,0,0,0,0,0,0,0,0,0,0
1996.5,1,0,1,0,0,45,48,0,0,0,0,0,0,0,0,0,0,0,0,0,0
1996.5,1,0,1,0,0,50,45,0,0,0,1,0,0,0,0,0,0,0,0,0,0
1996.5,1,0,1,0,0,55,41,0,0,0,0,0,0,0,0,0,0,0,0,0,0
1996.5,1,0,1,0,0,60,81,0,0,0,2,0,0,0,0,0,0,0,0,0,0
1996.5,1,0,1,0,0,100,0,0,0,0,0,0,0,0,0,0,0,0,0,0,0
1996.5,1,0,1,0,1,0,0,0,0,0,0,0,0,0,0,0,0,0,0,0,0
1996.5,1,0,1,0,1,5,0,0,0,0,0,0,0,0,0,0,0,0,0,0,0
1996.5,1,0,1,0,1,10,0,0,0,0,0,0,0,0,0,0,0,0,0,0,0
1996.5,1,0,1,0,1,15,0,0,0,0,0,0,0,0,0,0,0,0,0,0,0
1996.5,1,0,1,0,1,20,0,0,0,0,0,0,0,0,0,0,0,0,0,0,0
1996.5,1,0,1,0,1,25,0,0,0,0,0,0,0,0,0,0,0,0,0,0,0
1996.5,1,0,1,0,1,30,0,0,0,0,0,0,0,0,0,0,0,0,0,0,0
1996.5,1,0,1,0,1,35,0,0,0,0,0,0,0,0,0,0,0,0,0,0,0
1996.5,1,0,1,0,1,40,0,0,0,0,0,0,0,0,0,0,0,0,0,0,0
1996.5,1,0,1,0,1,45,0,0,0,0,0,0,0,0,0,0,0,0,0,0,0
1996.5,1,0,1,0,1,50,0,0,0,0,0,0,0,0,0,0,0,0,0,0,0
1996.5,1,0,1,0,1,55,0,0,0,0,0,0,0,0,0,0,0,0,0,0,0
1996.5,1,0,1,0,1,60,0,0,0,0,0,0,0,0,0,0,0,0,0,0,0
1996.5,1,0,1,0,1,100,0,0,0,0,0,0,0,0,0,0,0,0,0,0,0
1996.5,1,0,1,1,0,0,0,0,0,0,0,0,0,0,0,0,0,0,0,0,0
1996.5,1,0,1,1,0,5,0,0,0,0,0,0,0,0,0,0,0,0,0,0,0
1996.5,1,0,1,1,0,10,0,0,0,0,0,0,0,0,0,0,0,0,0,0,0
1996.5,1,0,1,1,0,15,2,2,2,0,0,0,0,0,0,0,0,0,0,0,0
1996.5,1,0,1,1,0,20,16,16,0,0,1,1,0,0,0,0,0,2,0,0,0
1996.5,1,0,1,1,0,25,33,33,2,0,3,2,0,0,0,0,0,3,0,0,0
1996.5,1,0,1,1,0,30,43,43,1,0,1,0,1,2,2,1,0,5,0,0,0
1996.5,1,0,1,1,0,35,19,19,1,0,3,3,1,1,1,0,0,1,0,0,0
1996.5,1,0,1,1,0,40,13,13,0,0,2,2,0,0,0,0,0,2,0,0,0
1996.5,1,0,1,1,0,45,13,13,0,0,0,0,0,0,0,0,0,4,0,0,0
1996.5,1,0,1,1,0,50,6,6,0,0,0,0,0,0,0,0,0,0,0,0,0
1996.5,1,0,1,1,0,55,8,8,1,0,1,1,0,0,0,0,0,0,0,0,0
1996.5,1,0,1,1,0,60,3,3,0,0,0,0,0,0,0,0,0,0,0,0,0
1996.5,1,0,1,1,0,100,0,0,0,0,0,0,0,0,0,0,0,0,0,0,0
1996.5,1,0,1,1,1,0,0,0,0,0,0,0,0,0,0,0,0,0,0,0,0
1996.5,1,0,1,1,1,5,0,0,0,0,0,0,0,0,0,0,0,0,0,0,0
1996.5,1,0,1,1,1,10,0,0,0,0,0,0,0,0,0,0,0,0,0,0,0
1996.5,1,0,1,1,1,15,0,0,0,0,0,0,0,0,0,0,0,0,0,0,0
1996.5,1,0,1,1,1,20,0,0,0,0,0,0,0,0,0,0,0,0,0,0,0
1996.5,1,0,1,1,1,25,0,0,0,0,0,0,0,0,0,0,0,0,0,0,0
1996.5,1,0,1,1,1,30,0,0,0,0,0,0,0,0,0,0,0,0,0,0,0
1996.5,1,0,1,1,1,35,0,0,0,0,0,0,0,0,0,0,0,0,0,0,0
1996.5,1,0,1,1,1,40,0,0,0,0,0,0,0,0,0,0,0,0,0,0,0
1996.5,1,0,1,1,1,45,0,0,0,0,0,0,0,0,0,0,0,0,0,0,0
1996.5,1,0,1,1,1,50,0,0,0,0,0,0,0,0,0,0,0,0,0,0,0
1996.5,1,0,1,1,1,55,0,0,0,0,0,0,0,0,0,0,0,0,0,0,0
1996.5,1,0,1,1,1,60,0,0,0,0,0,0,0,0,0,0,0,0,0,0,0
1996.5,1,0,1,1,1,100,0,0,0,0,0,0,0,0,0,0,0,0,0,0,0
1996.5,1,1,0,0,0,0,4399,0,0,0,29,0,0,0,0,0,0,0,0,0,0
1996.5,1,1,0,0,0,5,4350,0,0,0,0,0,0,0,0,0,0,0,0,0,0
1996.5,1,1,0,0,0,10,3973,0,0,0,1,0,0,0,0,0,0,0,0,0,0
1996.5,1,1,0,0,0,15,2995,0,0,0,0,0,0,0,0,0,0,0,0,0,0
1996.5,1,1,0,0,0,20,2124,0,0,0,5,0,0,0,0,0,0,0,0,0,0
1996.5,1,1,0,0,0,25,1630,0,0,0,4,0,1,1,0,0,1,0,0,0,0
1996.5,1,1,0,0,0,30,1272,0,0,0,1,0,0,0,0,0,0,0,0,0,0
1996.5,1,1,0,0,0,35,620,0,0,0,0,0,1,1,0,0,0,0,0,0,0
1996.5,1,1,0,0,0,40,564,0,0,0,2,0,0,0,0,0,0,0,0,0,0
1996.5,1,1,0,0,0,45,568,0,0,0,0,0,0,0,0,0,0,0,0,0,0
1996.5,1,1,0,0,0,50,679,0,0,0,2,0,0,0,0,0,0,0,0,0,0
1996.5,1,1,0,0,0,55,685,0,0,0,2,0,0,0,0,0,0,0,0,0,0
1996.5,1,1,0,0,0,60,1366,0,0,0,30,0,0,0,0,0,0,0,0,0,0
1996.5,1,1,0,0,0,100,2,0,0,0,0,0,0,0,0,0,0,0,0,0,0
1996.5,1,1,0,0,1,0,0,0,0,0,0,0,0,0,0,0,0,0,0,0,0
1996.5,1,1,0,0,1,5,0,0,0,0,0,0,0,0,0,0,0,0,0,0,0
1996.5,1,1,0,0,1,10,0,0,0,0,0,0,0,0,0,0,0,0,0,0,0
1996.5,1,1,0,0,1,15,0,0,0,0,0,0,0,0,0,0,0,0,0,0,0
1996.5,1,1,0,0,1,20,0,0,0,0,0,0,0,0,0,0,0,0,0,0,0
1996.5,1,1,0,0,1,25,0,0,0,0,0,0,0,0,0,0,0,0,0,0,0
1996.5,1,1,0,0,1,30,0,0,0,0,0,0,0,0,0,0,0,0,0,0,0
1996.5,1,1,0,0,1,35,0,0,0,0,0,0,0,0,0,0,0,0,0,0,0
1996.5,1,1,0,0,1,40,0,0,0,0,0,0,0,0,0,0,0,0,0,0,0
1996.5,1,1,0,0,1,45,0,0,0,0,0,0,0,0,0,0,0,0,0,0,0
1996.5,1,1,0,0,1,50,0,0,0,0,0,0,0,0,0,0,0,0,0,0,0
1996.5,1,1,0,0,1,55,0,0,0,0,0,0,0,0,0,0,0,0,0,0,0
1996.5,1,1,0,0,1,60,0,0,0,0,0,0,0,0,0,0,0,0,0,0,0
1996.5,1,1,0,0,1,100,0,0,0,0,0,0,0,0,0,0,0,0,0,0,0
1996.5,1,1,0,1,0,0,194,194,34,0,34,31,8,10,10,8,0,0,0,0,0
1996.5,1,1,0,1,0,5,86,86,0,0,0,0,1,1,1,0,0,0,0,0,0
1996.5,1,1,0,1,0,10,37,37,8,0,4,4,1,1,1,0,0,6,0,0,0
1996.5,1,1,0,1,0,15,234,234,36,0,3,3,0,0,0,0,0,21,0,0,0
1996.5,1,1,0,1,0,20,626,626,48,0,9,6,4,7,7,2,0,45,0,0,0
1996.5,1,1,0,1,0,25,795,795,34,0,16,16,10,15,15,7,0,36,0,0,0
1996.5,1,1,0,1,0,30,788,788,33,0,23,22,13,21,21,10,0,18,0,0,0
1996.5,1,1,0,1,0,35,419,419,25,0,14,13,10,19,19,5,0,20,0,0,0
1996.5,1,1,0,1,0,40,204,204,8,0,11,11,11,14,14,5,0,5,0,0,0
1996.5,1,1,0,1,0,45,174,174,5,0,8,8,5,10,10,1,0,5,0,0,0
1996.5,1,1,0,1,0,50,102,102,6,0,3,3,3,5,5,2,0,6,0,0,0
1996.5,1,1,0,1,0,55,66,66,4,0,11,10,2,2,2,2,0,0,0,0,0
1996.5,1,1,0,1,0,60,90,90,7,0,5,4,4,5,5,2,0,2,0,0,0
1996.5,1,1,0,1,0,100,0,0,0,0,0,0,0,0,0,0,0,0,0,0,0
1996.5,1,1,0,1,1,0,0,0,0,0,0,0,0,0,0,0,0,0,0,0,0
1996.5,1,1,0,1,1,5,0,0,0,0,0,0,0,0,0,0,0,0,0,0,0
1996.5,1,1,0,1,1,10,0,0,0,0,0,0,0,0,0,0,0,0,0,0,0
1996.5,1,1,0,1,1,15,0,0,0,0,0,0,0,0,0,0,0,0,0,0,0
1996.5,1,1,0,1,1,20,0,0,0,0,0,0,0,0,0,0,0,0,0,0,0
1996.5,1,1,0,1,1,25,0,0,0,0,0,0,0,0,0,0,0,0,0,0,0
1996.5,1,1,0,1,1,30,0,0,0,0,0,0,0,0,0,0,0,0,0,0,0
1996.5,1,1,0,1,1,35,0,0,0,0,0,0,0,0,0,0,0,0,0,0,0
1996.5,1,1,0,1,1,40,0,0,0,0,0,0,0,0,0,0,0,0,0,0,0
1996.5,1,1,0,1,1,45,0,0,0,0,0,0,0,0,0,0,0,0,0,0,0
1996.5,1,1,0,1,1,50,0,0,0,0,0,0,0,0,0,0,0,0,0,0,0
1996.5,1,1,0,1,1,55,0,0,0,0,0,0,0,0,0,0,0,0,0,0,0
1996.5,1,1,0,1,1,60,0,0,0,0,0,0,0,0,0,0,0,0,0,0,0
1996.5,1,1,0,1,1,100,0,0,0,0,0,0,0,0,0,0,0,0,0,0,0
1997,1,0,0,0,0,0,4419,0,0,0,31,0,0,0,0,0,0,0,0,0,0
1997,1,0,0,0,0,5,4190,0,0,0,2,0,0,0,0,0,0,0,0,0,1
1997,1,0,0,0,0,10,3860,0,0,0,0,0,0,0,0,0,0,0,0,0,2
1997,1,0,0,0,0,15,2974,0,0,0,4,0,0,0,0,0,0,0,0,0,14
1997,1,0,0,0,0,20,2336,0,0,0,3,0,0,0,0,0,0,0,0,0,8
1997,1,0,0,0,0,25,1730,0,0,0,2,0,0,0,0,0,0,0,0,0,3
1997,1,0,0,0,0,30,1322,0,0,0,2,0,0,0,0,0,0,0,0,0,0
1997,1,0,0,0,0,35,717,0,0,0,4,0,0,0,0,0,0,0,0,0,0
1997,1,0,0,0,0,40,490,0,0,0,2,0,0,0,0,0,0,0,0,0,0
1997,1,0,0,0,0,45,451,0,0,0,0,0,0,0,0,0,0,0,0,0,0
1997,1,0,0,0,0,50,516,0,0,0,4,0,0,0,0,0,0,0,0,0,0
1997,1,0,0,0,0,55,491,0,0,0,6,0,0,0,0,0,0,0,0,0,0
1997,1,0,0,0,0,60,860,0,0,0,20,0,0,0,0,0,0,0,0,0,0
1997,1,0,0,0,0,100,0,0,0,0,0,0,0,0,0,0,0,0,0,0,0
1997,1,0,0,0,1,0,0,0,0,0,0,0,0,0,0,0,0,0,0,0,0
1997,1,0,0,0,1,5,0,0,0,0,0,0,0,0,0,0,0,0,0,0,0
1997,1,0,0,0,1,10,0,0,0,0,0,0,0,0,0,0,0,0,0,0,0
1997,1,0,0,0,1,15,0,0,0,0,0,0,0,0,0,0,0,0,0,0,0
1997,1,0,0,0,1,20,0,0,0,0,0,0,0,0,0,0,0,0,0,0,0
1997,1,0,0,0,1,25,0,0,0,0,0,0,0,0,0,0,0,0,0,0,0
1997,1,0,0,0,1,30,0,0,0,0,0,0,0,0,0,0,0,0,0,0,0
1997,1,0,0,0,1,35,0,0,0,0,0,0,0,0,0,0,0,0,0,0,0
1997,1,0,0,0,1,40,0,0,0,0,0,0,0,0,0,0,0,0,0,0,0
1997,1,0,0,0,1,45,0,0,0,0,0,0,0,0,0,0,0,0,0,0,0
1997,1,0,0,0,1,50,0,0,0,0,0,0,0,0,0,0,0,0,0,0,0
1997,1,0,0,0,1,55,0,0,0,0,0,0,0,0,0,0,0,0,0,0,0
1997,1,0,0,0,1,60,0,0,0,0,0,0,0,0,0,0,0,0,0,0,0
1997,1,0,0,0,1,100,0,0,0,0,0,0,0,0,0,0,0,0,0,0,0
1997,1,0,0,1,0,0,194,194,38,0,28,26,4,4,4,2,0,0,0,0,0
1997,1,0,0,1,0,5,91,91,0,0,4,4,0,1,1,1,0,0,0,0,0
1997,1,0,0,1,0,10,30,30,0,0,1,1,0,1,1,0,0,0,0,0,0
1997,1,0,0,1,0,15,40,40,6,0,0,0,0,0,0,0,0,4,0,0,1
1997,1,0,0,1,0,20,278,278,24,0,1,1,2,2,2,2,0,22,0,0,1
1997,1,0,0,1,0,25,441,441,20,0,10,9,6,7,7,3,0,52,0,0,3
1997,1,0,0,1,0,30,508,508,12,0,13,13,7,12,12,4,0,38,0,0,0
1997,1,0,0,1,0,35,326,326,7,0,12,11,1,9,9,1,0,23,0,0,0
1997,1,0,0,1,0,40,238,238,13,0,11,11,6,13,13,4,0,25,0,0,0
1997,1,0,0,1,0,45,154,154,4,0,9,9,6,13,13,5,0,13,0,0,0
1997,1,0,0,1,0,50,72,72,3,0,4,4,3,4,4,0,0,11,0,0,0
1997,1,0,0,1,0,55,58,58,4,0,4,4,2,4,4,1,0,4,0,0,0
1997,1,0,0,1,0,60,82,82,7,0,4,3,4,6,6,1,0,12,0,0,0
1997,1,0,0,1,0,100,0,0,0,0,0,0,0,0,0,0,0,0,0,0,0
1997,1,0,0,1,1,0,0,0,0,0,0,0,0,0,0,0,0,0,0,0,0
1997,1,0,0,1,1,5,0,0,0,0,0,0,0,0,0,0,0,0,0,0,0
1997,1,0,0,1,1,10,0,0,0,0,0,0,0,0,0,0,0,0,0,0,0
1997,1,0,0,1,1,15,0,0,0,0,0,0,0,0,0,0,0,0,0,0,0
1997,1,0,0,1,1,20,0,0,0,0,0,0,0,0,0,0,0,0,0,0,0
1997,1,0,0,1,1,25,0,0,0,0,0,0,0,0,0,0,0,0,0,0,0
1997,1,0,0,1,1,30,0,0,0,0,0,0,0,0,0,0,0,0,0,0,0
1997,1,0,0,1,1,35,0,0,0,0,0,0,0,0,0,0,0,0,0,0,0
1997,1,0,0,1,1,40,0,0,0,0,0,0,0,0,0,0,0,0,0,0,0
1997,1,0,0,1,1,45,0,0,0,0,0,0,0,0,0,0,0,0,0,0,0
1997,1,0,0,1,1,50,0,0,0,0,0,0,0,0,0,0,0,0,0,0,0
1997,1,0,0,1,1,55,0,0,0,0,0,0,0,0,0,0,0,0,0,0,0
1997,1,0,0,1,1,60,0,0,0,0,0,0,0,0,0,0,0,0,0,0,0
1997,1,0,0,1,1,100,0,0,0,0,0,0,0,0,0,0,0,0,0,0,0
1997,1,0,1,0,0,0,0,0,0,0,0,0,0,0,0,0,0,0,0,0,0
1997,1,0,1,0,0,5,3,0,0,0,0,0,0,0,0,0,0,0,0,0,0
1997,1,0,1,0,0,10,17,0,0,0,0,0,0,0,0,0,0,0,0,0,0
1997,1,0,1,0,0,15,81,0,0,0,0,0,0,0,0,0,0,0,0,0,0
1997,1,0,1,0,0,20,134,0,0,0,0,0,0,0,0,0,0,0,0,0,0
1997,1,0,1,0,0,25,210,0,0,0,1,0,0,0,0,0,0,0,0,0,0
1997,1,0,1,0,0,30,186,0,0,0,0,0,0,0,0,0,0,0,0,0,0
1997,1,0,1,0,0,35,95,0,0,0,0,0,0,0,0,0,0,0,0,0,0
1997,1,0,1,0,0,40,47,0,0,0,1,0,0,0,0,0,0,0,0,0,0
1997,1,0,1,0,0,45,47,0,0,0,0,0,0,0,0,0,0,0,0,0,0
1997,1,0,1,0,0,50,39,0,0,0,0,0,0,0,0,0,0,0,0,0,0
1997,1,0,1,0,0,55,45,0,0,0,0,0,0,0,0,0,0,0,0,0,0
1997,1,0,1,0,0,60,81,0,0,0,3,0,0,0,0,0,0,0,0,0,0
1997,1,0,1,0,0,100,0,0,0,0,0,0,0,0,0,0,0,0,0,0,0
1997,1,0,1,0,1,0,0,0,0,0,0,0,0,0,0,0,0,0,0,0,0
1997,1,0,1,0,1,5,0,0,0,0,0,0,0,0,0,0,0,0,0,0,0
1997,1,0,1,0,1,10,0,0,0,0,0,0,0,0,0,0,0,0,0,0,0
1997,1,0,1,0,1,15,0,0,0,0,0,0,0,0,0,0,0,0,0,0,0
1997,1,0,1,0,1,20,0,0,0,0,0,0,0,0,0,0,0,0,0,0,0
1997,1,0,1,0,1,25,0,0,0,0,0,0,0,0,0,0,0,0,0,0,0
1997,1,0,1,0,1,30,0,0,0,0,0,0,0,0,0,0,0,0,0,0,0
1997,1,0,1,0,1,35,0,0,0,0,0,0,0,0,0,0,0,0,0,0,0
1997,1,0,1,0,1,40,0,0,0,0,0,0,0,0,0,0,0,0,0,0,0
1997,1,0,1,0,1,45,0,0,0,0,0,0,0,0,0,0,0,0,0,0,0
1997,1,0,1,0,1,50,0,0,0,0,0,0,0,0,0,0,0,0,0,0,0
1997,1,0,1,0,1,55,0,0,0,0,0,0,0,0,0,0,0,0,0,0,0
1997,1,0,1,0,1,60,0,0,0,0,0,0,0,0,0,0,0,0,0,0,0
1997,1,0,1,0,1,100,0,0,0,0,0,0,0,0,0,0,0,0,0,0,0
1997,1,0,1,1,0,0,0,0,0,0,0,0,0,0,0,0,0,0,0,0,0
1997,1,0,1,1,0,5,0,0,0,0,0,0,0,0,0,0,0,0,0,0,0
1997,1,0,1,1,0,10,0,0,0,0,0,0,0,0,0,0,0,0,0,0,0
1997,1,0,1,1,0,15,3,3,0,0,0,0,0,0,0,0,0,0,0,0,0
1997,1,0,1,1,0,20,14,14,0,0,1,1,0,0,0,0,0,1,0,0,0
1997,1,0,1,1,0,25,36,36,1,0,1,1,1,1,1,1,0,5,0,0,0
1997,1,0,1,1,0,30,43,43,2,0,0,0,1,2,2,0,0,5,0,0,0
1997,1,0,1,1,0,35,24,24,0,0,0,0,1,2,2,1,0,4,0,0,0
1997,1,0,1,1,0,40,14,14,1,0,0,0,2,2,2,2,0,1,0,0,0
1997,1,0,1,1,0,45,13,13,1,0,0,0,0,0,0,0,0,1,0,0,0
1997,1,0,1,1,0,50,7,7,0,0,0,0,0,0,0,0,0,2,0,0,0
1997,1,0,1,1,0,55,6,6,0,0,2,2,0,0,0,0,0,0,0,0,0
1997,1,0,1,1,0,60,3,3,0,0,0,0,0,0,0,0,0,0,0,0,0
1997,1,0,1,1,0,100,0,0,0,0,0,0,0,0,0,0,0,0,0,0,0
1997,1,0,1,1,1,0,0,0,0,0,0,0,0,0,0,0,0,0,0,0,0
1997,1,0,1,1,1,5,0,0,0,0,0,0,0,0,0,0,0,0,0,0,0
1997,1,0,1,1,1,10,0,0,0,0,0,0,0,0,0,0,0,0,0,0,0
1997,1,0,1,1,1,15,0,0,0,0,0,0,0,0,0,0,0,0,0,0,0
1997,1,0,1,1,1,20,0,0,0,0,0,0,0,0,0,0,0,0,0,0,0
1997,1,0,1,1,1,25,0,0,0,0,0,0,0,0,0,0,0,0,0,0,0
1997,1,0,1,1,1,30,0,0,0,0,0,0,0,0,0,0,0,0,0,0,0
1997,1,0,1,1,1,35,0,0,0,0,0,0,0,0,0,0,0,0,0,0,0
1997,1,0,1,1,1,40,0,0,0,0,0,0,0,0,0,0,0,0,0,0,0
1997,1,0,1,1,1,45,0,0,0,0,0,0,0,0,0,0,0,0,0,0,0
1997,1,0,1,1,1,50,0,0,0,0,0,0,0,0,0,0,0,0,0,0,0
1997,1,0,1,1,1,55,0,0,0,0,0,0,0,0,0,0,0,0,0,0,0
1997,1,0,1,1,1,60,0,0,0,0,0,0,0,0,0,0,0,0,0,0,0
1997,1,0,1,1,1,100,0,0,0,0,0,0,0,0,0,0,0,0,0,0,0
1997,1,1,0,0,0,0,4416,0,0,0,25,0,0,0,0,0,0,0,0,0,0
1997,1,1,0,0,0,5,4319,0,0,0,2,0,0,0,0,0,0,0,0,0,0
1997,1,1,0,0,0,10,4023,0,0,0,2,0,0,0,0,0,0,0,0,0,0
1997,1,1,0,0,0,15,3082,0,0,0,1,0,1,1,0,0,1,0,0,0,0
1997,1,1,0,0,0,20,2132,0,0,0,2,0,0,0,0,0,0,0,0,0,0
1997,1,1,0,0,0,25,1608,0,0,0,1,0,1,1,0,0,0,0,0,0,0
1997,1,1,0,0,0,30,1313,0,0,0,1,0,0,0,0,0,0,0,0,0,0
1997,1,1,0,0,0,35,650,0,0,0,1,0,0,0,0,0,0,0,0,0,0
1997,1,1,0,0,0,40,546,0,0,0,1,0,0,0,0,0,0,0,0,0,0
1997,1,1,0,0,0,45,561,0,0,0,3,0,0,0,0,0,0,0,0,0,0
1997,1,1,0,0,0,50,637,0,0,0,5,0,0,0,0,0,0,0,0,0,0
1997,1,1,0,0,0,55,673,0,0,0,4,0,0,0,0,0,0,0,0,0,0
1997,1,1,0,0,0,60,1405,0,0,0,28,0,0,0,0,0,0,0,0,0,0
1997,1,1,0,0,0,100,2,0,0,0,0,0,0,0,0,0,0,0,0,0,0
1997,1,1,0,0,1,0,0,0,0,0,0,0,0,0,0,0,0,0,0,0,0
1997,1,1,0,0,1,5,0,0,0,0,0,0,0,0,0,0,0,0,0,0,0
1997,1,1,0,0,1,10,0,0,0,0,0,0,0,0,0,0,0,0,0,0,0
1997,1,1,0,0,1,15,0,0,0,0,0,0,0,0,0,0,0,0,0,0,0
1997,1,1,0,0,1,20,0,0,0,0,0,0,0,0,0,0,0,0,0,0,0
1997,1,1,0,0,1,25,0,0,0,0,0,0,0,0,0,0,0,0,0,0,0
1997,1,1,0,0,1,30,0,0,0,0,0,0,0,0,0,0,0,0,0,0,0
1997,1,1,0,0,1,35,0,0,0,0,0,0,0,0,0,0,0,0,0,0,0
1997,1,1,0,0,1,40,0,0,0,0,0,0,0,0,0,0,0,0,0,0,0
1997,1,1,0,0,1,45,0,0,0,0,0,0,0,0,0,0,0,0,0,0,0
1997,1,1,0,0,1,50,0,0,0,0,0,0,0,0,0,0,0,0,0,0,0
1997,1,1,0,0,1,55,0,0,0,0,0,0,0,0,0,0,0,0,0,0,0
1997,1,1,0,0,1,60,0,0,0,0,0,0,0,0,0,0,0,0,0,0,0
1997,1,1,0,0,1,100,0,0,0,0,0,0,0,0,0,0,0,0,0,0,0
1997,1,1,0,1,0,0,181,181,31,0,28,28,8,8,8,6,0,0,0,0,0
1997,1,1,0,1,0,5,96,96,0,0,1,1,0,0,0,0,0,0,0,0,0
1997,1,1,0,1,0,10,46,46,12,0,1,1,0,1,1,0,0,1,0,0,0
1997,1,1,0,1,0,15,231,231,33,0,1,1,1,1,1,1,0,13,0,0,0
1997,1,1,0,1,0,20,611,611,51,0,12,12,8,8,8,6,0,27,0,0,0
1997,1,1,0,1,0,25,835,835,33,0,15,15,16,19,19,9,0,23,0,0,0
1997,1,1,0,1,0,30,793,793,28,0,24,24,15,25,25,10,0,15,0,0,0
1997,1,1,0,1,0,35,452,452,16,0,25,24,13,21,21,6,0,5,0,0,0
1997,1,1,0,1,0,40,225,225,13,0,14,14,8,14,14,2,0,7,0,0,0
1997,1,1,0,1,0,45,173,173,10,0,11,11,4,8,8,2,0,7,0,0,0
1997,1,1,0,1,0,50,114,114,8,0,5,5,3,6,6,1,0,4,0,0,0
1997,1,1,0,1,0,55,71,71,5,0,3,3,3,3,3,1,0,3,0,0,0
1997,1,1,0,1,0,60,103,103,14,0,3,2,2,4,4,0,0,0,0,0,0
1997,1,1,0,1,0,100,0,0,0,0,0,0,0,0,0,0,0,0,0,0,0
1997,1,1,0,1,1,0,0,0,0,0,0,0,0,0,0,0,0,0,0,0,0
1997,1,1,0,1,1,5,0,0,0,0,0,0,0,0,0,0,0,0,0,0,0
1997,1,1,0,1,1,10,0,0,0,0,0,0,0,0,0,0,0,0,0,0,0
1997,1,1,0,1,1,15,0,0,0,0,0,0,0,0,0,0,0,0,0,0,0
1997,1,1,0,1,1,20,0,0,0,0,0,0,0,0,0,0,0,0,0,0,0
1997,1,1,0,1,1,25,0,0,0,0,0,0,0,0,0,0,0,0,0,0,0
1997,1,1,0,1,1,30,0,0,0,0,0,0,0,0,0,0,0,0,0,0,0
1997,1,1,0,1,1,35,0,0,0,0,0,0,0,0,0,0,0,0,0,0,0
1997,1,1,0,1,1,40,0,0,0,0,0,0,0,0,0,0,0,0,0,0,0
1997,1,1,0,1,1,45,0,0,0,0,0,0,0,0,0,0,0,0,0,0,0
1997,1,1,0,1,1,50,0,0,0,0,0,0,0,0,0,0,0,0,0,0,0
1997,1,1,0,1,1,55,0,0,0,0,0,0,0,0,0,0,0,0,0,0,0
1997,1,1,0,1,1,60,0,0,0,0,0,0,0,0,0,0,0,0,0,0,0
1997,1,1,0,1,1,100,0,0,0,0,0,0,0,0,0,0,0,0,0,0,0
1997.5,1,0,0,0,0,0,4428,0,0,0,33,0,0,0,0,0,0,0,0,0,0
1997.5,1,0,0,0,0,5,4196,0,0,0,5,0,0,0,0,0,0,0,0,0,1
1997.5,1,0,0,0,0,10,3900,0,0,0,7,0,0,0,0,0,0,0,0,0,1
1997.5,1,0,0,0,0,15,3061,0,0,0,2,0,0,0,0,0,0,0,0,0,12
1997.5,1,0,0,0,0,20,2323,0,0,0,6,0,0,0,0,0,0,0,0,0,13
1997.5,1,0,0,0,0,25,1739,0,0,0,4,0,0,0,0,0,0,0,0,0,6
1997.5,1,0,0,0,0,30,1367,0,0,0,0,0,0,0,0,0,0,0,0,0,0
1997.5,1,0,0,0,0,35,755,0,0,0,3,0,0,0,0,0,0,0,0,0,0
1997.5,1,0,0,0,0,40,486,0,0,0,2,0,0,0,0,0,0,0,0,0,0
1997.5,1,0,0,0,0,45,453,0,0,0,2,0,0,0,0,0,0,0,0,0,0
1997.5,1,0,0,0,0,50,490,0,0,0,6,0,0,0,0,0,0,0,0,0,0
1997.5,1,0,0,0,0,55,494,0,0,0,6,0,0,0,0,0,0,0,0,0,0
1997.5,1,0,0,0,0,60,877,0,0,0,19,0,0,0,0,0,0,0,0,0,0
1997.5,1,0,0,0,0,100,0,0,0,0,0,0,0,0,0,0,0,0,0,0,0
1997.5,1,0,0,0,1,0,0,0,0,0,0,0,0,0,0,0,0,0,0,0,0
1997.5,1,0,0,0,1,5,0,0,0,0,0,0,0,0,0,0,0,0,0,0,0
1997.5,1,0,0,0,1,10,0,0,0,0,0,0,0,0,0,0,0,0,0,0,0
1997.5,1,0,0,0,1,15,0,0,0,0,0,0,0,0,0,0,0,0,0,0,0
1997.5,1,0,0,0,1,20,0,0,0,0,0,0,0,0,0,0,0,0,0,0,0
1997.5,1,0,0,0,1,25,0,0,0,0,0,0,0,0,0,0,0,0,0,0,0
1997.5,1,0,0,0,1,30,0,0,0,0,0,0,0,0,0,0,0,0,0,0,0
1997.5,1,0,0,0,1,35,0,0,0,0,0,0,0,0,0,0,0,0,0,0,0
1997.5,1,0,0,0,1,40,0,0,0,0,0,0,0,0,0,0,0,0,0,0,0
1997.5,1,0,0,0,1,45,0,0,0,0,0,0,0,0,0,0,0,0,0,0,0
1997.5,1,0,0,0,1,50,0,0,0,0,0,0,0,0,0,0,0,0,0,0,0
1997.5,1,0,0,0,1,55,0,0,0,0,0,0,0,0,0,0,0,0,0,0,0
1997.5,1,0,0,0,1,60,0,0,0,0,0,0,0,0,0,0,0,0,0,0,0
1997.5,1,0,0,0,1,100,0,0,0,0,0,0,0,0,0,0,0,0,0,0,0
1997.5,1,0,0,1,0,0,197,197,38,0,16,15,6,6,6,6,0,0,0,0,0
1997.5,1,0,0,1,0,5,86,86,0,0,4,4,1,1,1,1,0,0,0,0,0
1997.5,1,0,0,1,0,10,40,40,0,0,1,1,0,1,1,0,0,0,0,0,0
1997.5,1,0,0,1,0,15,34,34,9,0,0,0,0,0,0,0,0,4,0,0,1
1997.5,1,0,0,1,0,20,285,285,29,0,2,2,2,2,2,1,0,40,0,0,2
1997.5,1,0,0,1,0,25,432,432,28,0,5,5,8,11,11,5,0,45,0,0,1
1997.5,1,0,0,1,0,30,526,526,20,0,17,17,8,12,12,5,0,38,0,0,0
1997.5,1,0,0,1,0,35,339,339,6,0,18,17,4,9,9,3,0,16,0,0,0
1997.5,1,0,0,1,0,40,243,243,10,0,9,8,7,15,15,3,0,29,0,0,0
1997.5,1,0,0,1,0,45,156,156,2,0,10,10,5,11,11,2,0,13,0,0,0
1997.5,1,0,0,1,0,50,75,75,3,0,5,4,4,8,8,4,0,4,0,0,0
1997.5,1,0,0,1,0,55,61,61,4,0,2,2,3,5,5,2,0,2,0,0,0
1997.5,1,0,0,1,0,60,81,81,6,0,7,4,1,5,5,0,0,4,0,0,0
1997.5,1,0,0,1,0,100,0,0,0,0,0,0,0,0,0,0,0,0,0,0,0
1997.5,1,0,0,1,1,0,0,0,0,0,0,0,0,0,0,0,0,0,0,0,0
1997.5,1,0,0,1,1,5,0,0,0,0,0,0,0,0,0,0,0,0,0,0,0
1997.5,1,0,0,1,1,10,0,0,0,0,0,0,0,0,0,0,0,0,0,0,0
1997.5,1,0,0,1,1,15,0,0,0,0,0,0,0,0,0,0,0,0,0,0,0
1997.5,1,0,0,1,1,20,0,0,0,0,0,0,0,0,0,0,0,0,0,0,0
1997.5,1,0,0,1,1,25,0,0,0,0,0,0,0,0,0,0,0,0,0,0,0
1997.5,1,0,0,1,1,30,0,0,0,0,0,0,0,0,0,0,0,0,0,0,0
1997.5,1,0,0,1,1,35,0,0,0,0,0,0,0,0,0,0,0,0,0,0,0
1997.5,1,0,0,1,1,40,0,0,0,0,0,0,0,0,0,0,0,0,0,0,0
1997.5,1,0,0,1,1,45,0,0,0,0,0,0,0,0,0,0,0,0,0,0,0
1997.5,1,0,0,1,1,50,0,0,0,0,0,0,0,0,0,0,0,0,0,0,0
1997.5,1,0,0,1,1,55,0,0,0,0,0,0,0,0,0,0,0,0,0,0,0
1997.5,1,0,0,1,1,60,0,0,0,0,0,0,0,0,0,0,0,0,0,0,0
1997.5,1,0,0,1,1,100,0,0,0,0,0,0,0,0,0,0,0,0,0,0,0
1997.5,1,0,1,0,0,0,0,0,0,0,0,0,0,0,0,0,0,0,0,0,0
1997.5,1,0,1,0,0,5,4,0,0,0,0,0,0,0,0,0,0,0,0,0,0
1997.5,1,0,1,0,0,10,17,0,0,0,0,0,0,0,0,0,0,0,0,0,0
1997.5,1,0,1,0,0,15,82,0,0,0,0,0,0,0,0,0,0,0,0,0,0
1997.5,1,0,1,0,0,20,144,0,0,0,0,0,0,0,0,0,0,0,0,0,0
1997.5,1,0,1,0,0,25,206,0,0,0,0,0,0,0,0,0,0,0,0,0,0
1997.5,1,0,1,0,0,30,189,0,0,0,0,0,0,0,0,0,0,0,0,0,0
1997.5,1,0,1,0,0,35,106,0,0,0,0,0,0,0,0,0,0,0,0,0,0
1997.5,1,0,1,0,0,40,49,0,0,0,0,0,0,0,0,0,0,0,0,0,0
1997.5,1,0,1,0,0,45,45,0,0,0,0,0,0,0,0,0,0,0,0,0,0
1997.5,1,0,1,0,0,50,39,0,0,0,0,0,0,0,0,0,0,0,0,0,0
1997.5,1,0,1,0,0,55,45,0,0,0,1,0,0,0,0,0,0,0,0,0,0
1997.5,1,0,1,0,0,60,81,0,0,0,4,0,0,0,0,0,0,0,0,0,0
1997.5,1,0,1,0,0,100,0,0,0,0,0,0,0,0,0,0,0,0,0,0,0
1997.5,1,0,1,0,1,0,0,0,0,0,0,0,0,0,0,0,0,0,0,0,0
1997.5,1,0,1,0,1,5,0,0,0,0,0,0,0,0,0,0,0,0,0,0,0
1997.5,1,0,1,0,1,10,0,0,0,0,0,0,0,0,0,0,0,0,0,0,0
1997.5,1,0,1,0,1,15,0,0,0,0,0,0,0,0,0,0,0,0,0,0,0
1997.5,1,0,1,0,1,20,0,0,0,0,0,0,0,0,0,0,0,0,0,0,0
1997.5,1,0,1,0,1,25,0,0,0,0,0,0,0,0,0,0,0,0,0,0,0
1997.5,1,0,1,0,1,30,0,0,0,0,0,0,0,0,0,0,0,0,0,0,0
1997.5,1,0,1,0,1,35,0,0,0,0,0,0,0,0,0,0,0,0,0,0,0
1997.5,1,0,1,0,1,40,0,0,0,0,0,0,0,0,0,0,0,0,0,0,0
1997.5,1,0,1,0,1,45,0,0,0,0,0,0,0,0,0,0,0,0,0,0,0
1997.5,1,0,1,0,1,50,0,0,0,0,0,0,0,0,0,0,0,0,0,0,0
1997.5,1,0,1,0,1,55,0,0,0,0,0,0,0,0,0,0,0,0,0,0,0
1997.5,1,0,1,0,1,60,0,0,0,0,0,0,0,0,0,0,0,0,0,0,0
1997.5,1,0,1,0,1,100,0,0,0,0,0,0,0,0,0,0,0,0,0,0,0
1997.5,1,0,1,1,0,0,0,0,0,0,0,0,0,0,0,0,0,0,0,0,0
1997.5,1,0,1,1,0,5,0,0,0,0,0,0,0,0,0,0,0,0,0,0,0
1997.5,1,0,1,1,0,10,0,0,0,0,0,0,0,0,0,0,0,0,0,0,0
1997.5,1,0,1,1,0,15,3,3,0,0,0,0,0,0,0,0,0,0,0,0,0
1997.5,1,0,1,1,0,20,12,12,0,0,0,0,0,0,0,0,0,1,0,0,0
1997.5,1,0,1,1,0,25,39,39,2,0,0,0,1,1,1,0,0,3,0,0,0
1997.5,1,0,1,1,0,30,40,40,0,0,4,3,0,1,1,0,0,4,0,0,0
1997.5,1,0,1,1,0,35,23,23,0,0,1,1,1,2,2,0,0,2,0,0,0
1997.5,1,0,1,1,0,40,17,17,1,0,0,0,3,3,3,1,0,0,0,0,0
1997.5,1,0,1,1,0,45,15,15,2,0,0,0,0,0,0,0,0,3,0,0,0
1997.5,1,0,1,1,0,50,10,10,1,0,0,0,0,0,0,0,0,1,0,0,0
1997.5,1,0,1,1,0,55,5,5,1,0,1,1,0,0,0,0,0,1,0,0,0
1997.5,1,0,1,1,0,60,4,4,0,0,0,0,0,0,0,0,0,0,0,0,0
1997.5,1,0,1,1,0,100,0,0,0,0,0,0,0,0,0,0,0,0,0,0,0
1997.5,1,0,1,1,1,0,0,0,0,0,0,0,0,0,0,0,0,0,0,0,0
1997.5,1,0,1,1,1,5,0,0,0,0,0,0,0,0,0,0,0,0,0,0,0
1997.5,1,0,1,1,1,10,0,0,0,0,0,0,0,0,0,0,0,0,0,0,0
1997.5,1,0,1,1,1,15,0,0,0,0,0,0,0,0,0,0,0,0,0,0,0
1997.5,1,0,1,1,1,20,0,0,0,0,0,0,0,0,0,0,0,0,0,0,0
1997.5,1,0,1,1,1,25,0,0,0,0,0,0,0,0,0,0,0,0,0,0,0
1997.5,1,0,1,1,1,30,0,0,0,0,0,0,0,0,0,0,0,0,0,0,0
1997.5,1,0,1,1,1,35,0,0,0,0,0,0,0,0,0,0,0,0,0,0,0
1997.5,1,0,1,1,1,40,0,0,0,0,0,0,0,0,0,0,0,0,0,0,0
1997.5,1,0,1,1,1,45,0,0,0,0,0,0,0,0,0,0,0,0,0,0,0
1997.5,1,0,1,1,1,50,0,0,0,0,0,0,0,0,0,0,0,0,0,0,0
1997.5,1,0,1,1,1,55,0,0,0,0,0,0,0,0,0,0,0,0,0,0,0
1997.5,1,0,1,1,1,60,0,0,0,0,0,0,0,0,0,0,0,0,0,0,0
1997.5,1,0,1,1,1,100,0,0,0,0,0,0,0,0,0,0,0,0,0,0,0
1997.5,1,1,0,0,0,0,4450,0,0,0,18,0,0,0,0,0,0,0,0,0,0
1997.5,1,1,0,0,0,5,4352,0,0,0,1,0,0,0,0,0,0,0,0,0,0
1997.5,1,1,0,0,0,10,4058,0,0,0,2,0,0,0,0,0,0,0,0,0,0
1997.5,1,1,0,0,0,15,3143,0,0,0,0,0,1,1,0,0,0,0,0,0,0
1997.5,1,1,0,0,0,20,2155,0,0,0,4,0,0,0,0,0,0,0,0,0,0
1997.5,1,1,0,0,0,25,1603,0,0,0,0,0,0,1,0,0,0,0,0,0,0
1997.5,1,1,0,0,0,30,1324,0,0,0,2,0,0,0,0,0,0,0,0,0,0
1997.5,1,1,0,0,0,35,690,0,0,0,2,0,0,0,0,0,0,0,0,0,0
1997.5,1,1,0,0,0,40,533,0,0,0,0,0,0,0,0,0,0,0,0,0,0
1997.5,1,1,0,0,0,45,560,0,0,0,0,0,0,0,0,0,0,0,0,0,0
1997.5,1,1,0,0,0,50,625,0,0,0,3,0,0,0,0,0,0,0,0,0,0
1997.5,1,1,0,0,0,55,649,0,0,0,5,0,0,0,0,0,0,0,0,0,0
1997.5,1,1,0,0,0,60,1440,0,0,0,28,0,0,0,0,0,0,0,0,0,0
1997.5,1,1,0,0,0,100,2,0,0,0,0,0,0,0,0,0,0,0,0,0,0
1997.5,1,1,0,0,1,0,0,0,0,0,0,0,0,0,0,0,0,0,0,0,0
1997.5,1,1,0,0,1,5,0,0,0,0,0,0,0,0,0,0,0,0,0,0,0
1997.5,1,1,0,0,1,10,0,0,0,0,0,0,0,0,0,0,0,0,0,0,0
1997.5,1,1,0,0,1,15,0,0,0,0,0,0,0,0,0,0,0,0,0,0,0
1997.5,1,1,0,0,1,20,0,0,0,0,0,0,0,0,0,0,0,0,0,0,0
1997.5,1,1,0,0,1,25,0,0,0,0,0,0,0,0,0,0,0,0,0,0,0
1997.5,1,1,0,0,1,30,0,0,0,0,0,0,0,0,0,0,0,0,0,0,0
1997.5,1,1,0,0,1,35,0,0,0,0,0,0,0,0,0,0,0,0,0,0,0
1997.5,1,1,0,0,1,40,0,0,0,0,0,0,0,0,0,0,0,0,0,0,0
1997.5,1,1,0,0,1,45,0,0,0,0,0,0,0,0,0,0,0,0,0,0,0
1997.5,1,1,0,0,1,50,0,0,0,0,0,0,0,0,0,0,0,0,0,0,0
1997.5,1,1,0,0,1,55,0,0,0,0,0,0,0,0,0,0,0,0,0,0,0
1997.5,1,1,0,0,1,60,0,0,0,0,0,0,0,0,0,0,0,0,0,0,0
1997.5,1,1,0,0,1,100,0,0,0,0,0,0,0,0,0,0,0,0,0,0,0
1997.5,1,1,0,1,0,0,180,180,42,0,17,16,6,6,6,7,0,0,0,0,0
1997.5,1,1,0,1,0,5,105,105,0,0,1,1,0,0,0,0,0,0,0,0,0
1997.5,1,1,0,1,0,10,60,60,13,0,1,1,1,2,2,1,0,6,0,0,0
1997.5,1,1,0,1,0,15,229,229,35,0,2,2,2,2,2,2,0,17,0,0,0
1997.5,1,1,0,1,0,20,623,623,56,0,8,8,9,10,10,5,0,32,0,0,0
1997.5,1,1,0,1,0,25,855,855,32,0,9,8,15,20,20,4,0,22,0,0,0
1997.5,1,1,0,1,0,30,800,800,29,0,29,29,16,21,21,12,0,15,0,0,0
1997.5,1,1,0,1,0,35,487,487,14,0,14,14,15,29,29,7,0,8,0,0,0
1997.5,1,1,0,1,0,40,231,231,11,0,15,14,5,12,12,2,0,10,0,0,0
1997.5,1,1,0,1,0,45,171,171,5,0,7,6,3,9,9,2,0,9,0,0,0
1997.5,1,1,0,1,0,50,125,125,6,0,5,4,5,6,6,3,0,0,0,0,0
1997.5,1,1,0,1,0,55,69,69,4,0,5,5,2,4,4,1,0,4,0,0,0
1997.5,1,1,0,1,0,60,110,110,5,0,8,7,3,6,6,3,0,1,0,0,0
1997.5,1,1,0,1,0,100,0,0,0,0,0,0,0,0,0,0,0,0,0,0,0
1997.5,1,1,0,1,1,0,0,0,0,0,0,0,0,0,0,0,0,0,0,0,0
1997.5,1,1,0,1,1,5,0,0,0,0,0,0,0,0,0,0,0,0,0,0,0
1997.5,1,1,0,1,1,10,0,0,0,0,0,0,0,0,0,0,0,0,0,0,0
1997.5,1,1,0,1,1,15,0,0,0,0,0,0,0,0,0,0,0,0,0,0,0
1997.5,1,1,0,1,1,20,0,0,0,0,0,0,0,0,0,0,0,0,0,0,0
1997.5,1,1,0,1,1,25,0,0,0,0,0,0,0,0,0,0,0,0,0,0,0
1997.5,1,1,0,1,1,30,0,0,0,0,0,0,0,0,0,0,0,0,0,0,0
1997.5,1,1,0,1,1,35,0,0,0,0,0,0,0,0,0,0,0,0,0,0,0
1997.5,1,1,0,1,1,40,0,0,0,0,0,0,0,0,0,0,0,0,0,0,0
1997.5,1,1,0,1,1,45,0,0,0,0,0,0,0,0,0,0,0,0,0,0,0
1997.5,1,1,0,1,1,50,0,0,0,0,0,0,0,0,0,0,0,0,0,0,0
1997.5,1,1,0,1,1,55,0,0,0,0,0,0,0,0,0,0,0,0,0,0,0
1997.5,1,1,0,1,1,60,0,0,0,0,0,0,0,0,0,0,0,0,0,0,0
1997.5,1,1,0,1,1,100,0,0,0,0,0,0,0,0,0,0,0,0,0,0,0
1998,1,0,0,0,0,0,4437,0,0,0,35,0,0,0,0,0,0,0,0,0,0
1998,1,0,0,0,0,5,4207,0,0,0,0,0,0,0,0,0,0,0,0,0,1
1998,1,0,0,0,0,10,3975,0,0,0,3,0,0,0,0,0,0,0,0,0,3
1998,1,0,0,0,0,15,3129,0,0,0,3,0,0,0,0,0,0,0,0,0,15
1998,1,0,0,0,0,20,2328,0,0,0,2,0,0,0,0,0,0,0,0,0,9
1998,1,0,0,0,0,25,1751,0,0,0,1,0,0,0,0,0,0,0,0,0,4
1998,1,0,0,0,0,30,1380,0,0,0,2,0,0,0,0,0,0,0,0,0,1
1998,1,0,0,0,0,35,811,0,0,0,0,0,0,0,0,0,0,0,0,0,0
1998,1,0,0,0,0,40,471,0,0,0,1,0,0,0,0,0,0,0,0,0,0
1998,1,0,0,0,0,45,453,0,0,0,3,0,0,0,0,0,0,0,0,0,0
1998,1,0,0,0,0,50,460,0,0,0,6,0,0,0,0,0,0,0,0,0,0
1998,1,0,0,0,0,55,501,0,0,0,6,0,0,0,0,0,0,0,0,0,0
1998,1,0,0,0,0,60,878,0,0,0,32,0,0,0,0,0,0,0,0,0,0
1998,1,0,0,0,0,100,0,0,0,0,0,0,0,0,0,0,0,0,0,0,0
1998,1,0,0,0,1,0,0,0,0,0,0,0,0,0,0,0,0,0,0,0,0
1998,1,0,0,0,1,5,0,0,0,0,0,0,0,0,0,0,0,0,0,0,0
1998,1,0,0,0,1,10,0,0,0,0,0,0,0,0,0,0,0,0,0,0,0
1998,1,0,0,0,1,15,0,0,0,0,0,0,0,0,0,0,0,0,0,0,0
1998,1,0,0,0,1,20,0,0,0,0,0,0,0,0,0,0,0,0,0,0,0
1998,1,0,0,0,1,25,0,0,0,0,0,0,0,0,0,0,0,0,0,0,0
1998,1,0,0,0,1,30,0,0,0,0,0,0,0,0,0,0,0,0,0,0,0
1998,1,0,0,0,1,35,0,0,0,0,0,0,0,0,0,0,0,0,0,0,0
1998,1,0,0,0,1,40,0,0,0,0,0,0,0,0,0,0,0,0,0,0,0
1998,1,0,0,0,1,45,0,0,0,0,0,0,0,0,0,0,0,0,0,0,0
1998,1,0,0,0,1,50,0,0,0,0,0,0,0,0,0,0,0,0,0,0,0
1998,1,0,0,0,1,55,0,0,0,0,0,0,0,0,0,0,0,0,0,0,0
1998,1,0,0,0,1,60,0,0,0,0,0,0,0,0,0,0,0,0,0,0,0
1998,1,0,0,0,1,100,0,0,0,0,0,0,0,0,0,0,0,0,0,0,0
1998,1,0,0,1,0,0,209,209,49,0,24,21,13,14,14,11,0,0,0,0,0
1998,1,0,0,1,0,5,93,93,0,0,1,1,3,3,3,1,0,0,0,0,0
1998,1,0,0,1,0,10,43,43,0,0,2,2,1,1,1,1,0,0,0,0,0
1998,1,0,0,1,0,15,29,29,8,0,0,0,0,0,0,0,0,6,0,0,0
1998,1,0,0,1,0,20,272,272,26,0,1,1,2,3,3,1,0,37,0,0,6
1998,1,0,0,1,0,25,439,439,39,0,11,9,8,12,12,5,0,55,0,0,3
1998,1,0,0,1,0,30,553,553,28,0,19,18,13,17,17,8,0,49,0,0,0
1998,1,0,0,1,0,35,363,363,16,0,21,21,8,9,9,5,0,25,0,0,0
1998,1,0,0,1,0,40,239,239,15,0,15,14,6,8,8,5,0,26,0,0,0
1998,1,0,0,1,0,45,169,169,7,0,4,3,3,13,13,1,0,18,0,0,0
1998,1,0,0,1,0,50,80,80,4,0,8,8,7,9,9,2,0,10,0,0,0
1998,1,0,0,1,0,55,61,61,2,0,2,1,2,3,3,1,0,1,0,0,0
1998,1,0,0,1,0,60,92,92,8,0,5,3,3,6,6,2,0,13,0,0,0
1998,1,0,0,1,0,100,0,0,0,0,0,0,0,0,0,0,0,0,0,0,0
1998,1,0,0,1,1,0,0,0,0,0,0,0,0,0,0,0,0,0,0,0,0
1998,1,0,0,1,1,5,0,0,0,0,0,0,0,0,0,0,0,0,0,0,0
1998,1,0,0,1,1,10,0,0,0,0,0,0,0,0,0,0,0,0,0,0,0
1998,1,0,0,1,1,15,0,0,0,0,0,0,0,0,0,0,0,0,0,0,0
1998,1,0,0,1,1,20,0,0,0,0,0,0,0,0,0,0,0,0,0,0,0
1998,1,0,0,1,1,25,0,0,0,0,0,0,0,0,0,0,0,0,0,0,0
1998,1,0,0,1,1,30,0,0,0,0,0,0,0,0,0,0,0,0,0,0,0
1998,1,0,0,1,1,35,0,0,0,0,0,0,0,0,0,0,0,0,0,0,0
1998,1,0,0,1,1,40,0,0,0,0,0,0,0,0,0,0,0,0,0,0,0
1998,1,0,0,1,1,45,0,0,0,0,0,0,0,0,0,0,0,0,0,0,0
1998,1,0,0,1,1,50,0,0,0,0,0,0,0,0,0,0,0,0,0,0,0
1998,1,0,0,1,1,55,0,0,0,0,0,0,0,0,0,0,0,0,0,0,0
1998,1,0,0,1,1,60,0,0,0,0,0,0,0,0,0,0,0,0,0,0,0
1998,1,0,0,1,1,100,0,0,0,0,0,0,0,0,0,0,0,0,0,0,0
1998,1,0,1,0,0,0,0,0,0,0,0,0,0,0,0,0,0,0,0,0,0
1998,1,0,1,0,0,5,5,0,0,0,0,0,0,0,0,0,0,0,0,0,0
1998,1,0,1,0,0,10,16,0,0,0,0,0,0,0,0,0,0,0,0,0,0
1998,1,0,1,0,0,15,83,0,0,0,0,0,0,0,0,0,0,0,0,0,0
1998,1,0,1,0,0,20,143,0,0,0,0,0,0,0,0,0,0,0,0,0,0
1998,1,0,1,0,0,25,214,0,0,0,1,0,0,0,0,0,0,0,0,0,0
1998,1,0,1,0,0,30,192,0,0,0,0,0,0,0,0,0,0,0,0,0,0
1998,1,0,1,0,0,35,115,0,0,0,0,0,0,0,0,0,0,0,0,0,0
1998,1,0,1,0,0,40,47,0,0,0,0,0,0,0,0,0,0,0,0,0,0
1998,1,0,1,0,0,45,45,0,0,0,0,0,0,0,0,0,0,0,0,0,0
1998,1,0,1,0,0,50,36,0,0,0,3,0,0,0,0,0,0,0,0,0,0
1998,1,0,1,0,0,55,47,0,0,0,0,0,0,0,0,0,0,0,0,0,0
1998,1,0,1,0,0,60,82,0,0,0,1,0,0,0,0,0,0,0,0,0,0
1998,1,0,1,0,0,100,0,0,0,0,0,0,0,0,0,0,0,0,0,0,0
1998,1,0,1,0,1,0,0,0,0,0,0,0,0,0,0,0,0,0,0,0,0
1998,1,0,1,0,1,5,0,0,0,0,0,0,0,0,0,0,0,0,0,0,0
1998,1,0,1,0,1,10,0,0,0,0,0,0,0,0,0,0,0,0,0,0,0
1998,1,0,1,0,1,15,0,0,0,0,0,0,0,0,0,0,0,0,0,0,0
1998,1,0,1,0,1,20,0,0,0,0,0,0,0,0,0,0,0,0,0,0,0
1998,1,0,1,0,1,25,0,0,0,0,0,0,0,0,0,0,0,0,0,0,0
1998,1,0,1,0,1,30,0,0,0,0,0,0,0,0,0,0,0,0,0,0,0
1998,1,0,1,0,1,35,0,0,0,0,0,0,0,0,0,0,0,0,0,0,0
1998,1,0,1,0,1,40,0,0,0,0,0,0,0,0,0,0,0,0,0,0,0
1998,1,0,1,0,1,45,0,0,0,0,0,0,0,0,0,0,0,0,0,0,0
1998,1,0,1,0,1,50,0,0,0,0,0,0,0,0,0,0,0,0,0,0,0
1998,1,0,1,0,1,55,0,0,0,0,0,0,0,0,0,0,0,0,0,0,0
1998,1,0,1,0,1,60,0,0,0,0,0,0,0,0,0,0,0,0,0,0,0
1998,1,0,1,0,1,100,0,0,0,0,0,0,0,0,0,0,0,0,0,0,0
1998,1,0,1,1,0,0,0,0,0,0,0,0,0,0,0,0,0,0,0,0,0
1998,1,0,1,1,0,5,0,0,0,0,0,0,0,0,0,0,0,0,0,0,0
1998,1,0,1,1,0,10,0,0,0,0,0,0,0,0,0,0,0,0,0,0,0
1998,1,0,1,1,0,15,3,3,0,0,0,0,0,0,0,0,0,0,0,0,0
1998,1,0,1,1,0,20,16,16,3,0,0,0,1,1,1,1,0,4,0,0,0
1998,1,0,1,1,0,25,46,46,2,0,0,0,1,2,2,1,0,4,0,0,0
1998,1,0,1,1,0,30,40,40,3,0,0,0,1,2,2,1,0,3,0,0,0
1998,1,0,1,1,0,35,25,25,0,0,1,0,0,1,1,0,0,3,0,0,0
1998,1,0,1,1,0,40,20,20,2,0,0,0,1,3,3,0,0,3,0,0,0
1998,1,0,1,1,0,45,14,14,0,0,1,1,0,0,0,0,0,1,0,0,0
1998,1,0,1,1,0,50,8,8,0,0,3,3,1,1,1,2,0,1,0,0,0
1998,1,0,1,1,0,55,5,5,0,0,0,0,1,1,1,1,0,0,0,0,0
1998,1,0,1,1,0,60,5,5,1,0,0,0,1,1,1,1,0,0,0,0,0
1998,1,0,1,1,0,100,0,0,0,0,0,0,0,0,0,0,0,0,0,0,0
1998,1,0,1,1,1,0,0,0,0,0,0,0,0,0,0,0,0,0,0,0,0
1998,1,0,1,1,1,5,0,0,0,0,0,0,0,0,0,0,0,0,0,0,0
1998,1,0,1,1,1,10,0,0,0,0,0,0,0,0,0,0,0,0,0,0,0
1998,1,0,1,1,1,15,0,0,0,0,0,0,0,0,0,0,0,0,0,0,0
1998,1,0,1,1,1,20,0,0,0,0,0,0,0,0,0,0,0,0,0,0,0
1998,1,0,1,1,1,25,0,0,0,0,0,0,0,0,0,0,0,0,0,0,0
1998,1,0,1,1,1,30,0,0,0,0,0,0,0,0,0,0,0,0,0,0,0
1998,1,0,1,1,1,35,0,0,0,0,0,0,0,0,0,0,0,0,0,0,0
1998,1,0,1,1,1,40,0,0,0,0,0,0,0,0,0,0,0,0,0,0,0
1998,1,0,1,1,1,45,0,0,0,0,0,0,0,0,0,0,0,0,0,0,0
1998,1,0,1,1,1,50,0,0,0,0,0,0,0,0,0,0,0,0,0,0,0
1998,1,0,1,1,1,55,0,0,0,0,0,0,0,0,0,0,0,0,0,0,0
1998,1,0,1,1,1,60,0,0,0,0,0,0,0,0,0,0,0,0,0,0,0
1998,1,0,1,1,1,100,0,0,0,0,0,0,0,0,0,0,0,0,0,0,0
1998,1,1,0,0,0,0,4465,0,0,0,22,0,0,0,0,0,0,0,0,0,0
1998,1,1,0,0,0,5,4375,0,0,0,1,0,0,0,0,0,0,0,0,0,0
1998,1,1,0,0,0,10,4117,0,0,0,1,0,0,0,0,0,0,0,0,0,0
1998,1,1,0,0,0,15,3185,0,0,0,1,0,0,1,0,0,0,0,0,0,0
1998,1,1,0,0,0,20,2156,0,0,0,2,0,2,2,0,0,2,0,0,0,0
1998,1,1,0,0,0,25,1599,0,0,0,1,0,1,2,0,0,1,0,0,0,0
1998,1,1,0,0,0,30,1339,0,0,0,4,0,0,0,0,0,0,0,0,0,0
1998,1,1,0,0,0,35,726,0,0,0,1,0,0,0,0,0,0,0,0,0,0
1998,1,1,0,0,0,40,504,0,0,0,1,0,0,0,0,0,0,0,0,0,0
1998,1,1,0,0,0,45,550,0,0,0,3,0,0,0,0,0,0,0,0,0,0
1998,1,1,0,0,0,50,604,0,0,0,4,0,0,0,0,0,0,0,0,0,0
1998,1,1,0,0,0,55,645,0,0,0,3,0,0,0,0,0,0,0,0,0,0
1998,1,1,0,0,0,60,1454,0,0,0,35,0,0,0,0,0,0,0,0,0,0
1998,1,1,0,0,0,100,1,0,0,0,1,0,0,0,0,0,0,0,0,0,0
1998,1,1,0,0,1,0,0,0,0,0,0,0,0,0,0,0,0,0,0,0,0
1998,1,1,0,0,1,5,0,0,0,0,0,0,0,0,0,0,0,0,0,0,0
1998,1,1,0,0,1,10,0,0,0,0,0,0,0,0,0,0,0,0,0,0,0
1998,1,1,0,0,1,15,0,0,0,0,0,0,0,0,0,0,0,0,0,0,0
1998,1,1,0,0,1,20,0,0,0,0,0,0,0,0,0,0,0,0,0,0,0
1998,1,1,0,0,1,25,0,0,0,0,0,0,0,0,0,0,0,0,0,0,0
1998,1,1,0,0,1,30,0,0,0,0,0,0,0,0,0,0,0,0,0,0,0
1998,1,1,0,0,1,35,0,0,0,0,0,0,0,0,0,0,0,0,0,0,0
1998,1,1,0,0,1,40,0,0,0,0,0,0,0,0,0,0,0,0,0,0,0
1998,1,1,0,0,1,45,0,0,0,0,0,0,0,0,0,0,0,0,0,0,0
1998,1,1,0,0,1,50,0,0,0,0,0,0,0,0,0,0,0,0,0,0,0
1998,1,1,0,0,1,55,0,0,0,0,0,0,0,0,0,0,0,0,0,0,0
1998,1,1,0,0,1,60,0,0,0,0,0,0,0,0,0,0,0,0,0,0,0
1998,1,1,0,0,1,100,0,0,0,0,0,0,0,0,0,0,0,0,0,0,0
1998,1,1,0,1,0,0,200,200,60,0,30,29,10,10,10,10,0,0,0,0,0
1998,1,1,0,1,0,5,111,111,0,0,2,2,1,1,1,1,0,0,0,0,0
1998,1,1,0,1,0,10,58,58,7,0,6,6,4,5,5,4,0,1,0,0,0
1998,1,1,0,1,0,15,245,245,52,0,7,6,3,4,4,2,0,18,0,0,0
1998,1,1,0,1,0,20,626,626,61,0,8,7,9,11,11,6,0,39,0,0,0
1998,1,1,0,1,0,25,894,894,35,0,15,15,14,31,31,10,0,46,0,0,0
1998,1,1,0,1,0,30,824,824,38,0,20,20,23,27,27,12,0,13,0,0,0
1998,1,1,0,1,0,35,527,527,18,0,20,20,13,28,28,6,0,22,0,0,0
1998,1,1,0,1,0,40,245,245,14,0,15,14,4,11,11,1,0,13,0,0,0
1998,1,1,0,1,0,45,167,167,5,0,12,12,3,7,7,0,0,8,0,0,0
1998,1,1,0,1,0,50,132,132,5,0,8,6,6,11,11,4,0,3,0,0,0
1998,1,1,0,1,0,55,75,75,9,0,4,4,3,5,5,2,0,0,0,0,0
1998,1,1,0,1,0,60,120,120,15,0,13,9,5,7,7,3,0,1,0,0,0
1998,1,1,0,1,0,100,0,0,0,0,0,0,0,0,0,0,0,0,0,0,0
1998,1,1,0,1,1,0,0,0,0,0,0,0,0,0,0,0,0,0,0,0,0
1998,1,1,0,1,1,5,0,0,0,0,0,0,0,0,0,0,0,0,0,0,0
1998,1,1,0,1,1,10,0,0,0,0,0,0,0,0,0,0,0,0,0,0,0
1998,1,1,0,1,1,15,0,0,0,0,0,0,0,0,0,0,0,0,0,0,0
1998,1,1,0,1,1,20,0,0,0,0,0,0,0,0,0,0,0,0,0,0,0
1998,1,1,0,1,1,25,0,0,0,0,0,0,0,0,0,0,0,0,0,0,0
1998,1,1,0,1,1,30,0,0,0,0,0,0,0,0,0,0,0,0,0,0,0
1998,1,1,0,1,1,35,0,0,0,0,0,0,0,0,0,0,0,0,0,0,0
1998,1,1,0,1,1,40,0,0,0,0,0,0,0,0,0,0,0,0,0,0,0
1998,1,1,0,1,1,45,0,0,0,0,0,0,0,0,0,0,0,0,0,0,0
1998,1,1,0,1,1,50,0,0,0,0,0,0,0,0,0,0,0,0,0,0,0
1998,1,1,0,1,1,55,0,0,0,0,0,0,0,0,0,0,0,0,0,0,0
1998,1,1,0,1,1,60,0,0,0,0,0,0,0,0,0,0,0,0,0,0,0
1998,1,1,0,1,1,100,0,0,0,0,0,0,0,0,0,0,0,0,0,0,0
1998.5,1,0,0,0,0,0,4453,0,0,0,23,0,0,0,0,0,0,0,0,0,0
1998.5,1,0,0,0,0,5,4167,0,0,0,4,0,0,0,0,0,0,0,0,0,0
1998.5,1,0,0,0,0,10,4037,0,0,0,0,0,0,0,0,0,0,0,0,0,5
1998.5,1,0,0,0,0,15,3178,0,0,0,0,0,0,0,0,0,0,0,0,0,11
1998.5,1,0,0,0,0,20,2363,0,0,0,4,0,0,0,0,0,0,0,0,0,14
1998.5,1,0,0,0,0,25,1758,0,0,0,0,0,0,0,0,0,0,0,0,0,5
1998.5,1,0,0,0,0,30,1413,0,0,0,3,0,0,0,0,0,0,0,0,0,1
1998.5,1,0,0,0,0,35,867,0,0,0,1,0,0,0,0,0,0,0,0,0,0
1998.5,1,0,0,0,0,40,454,0,0,0,2,0,0,0,0,0,0,0,0,0,0
1998.5,1,0,0,0,0,45,451,0,0,0,6,0,0,0,0,0,0,0,0,0,0
1998.5,1,0,0,0,0,50,442,0,0,0,7,0,0,0,0,0,0,0,0,0,0
1998.5,1,0,0,0,0,55,485,0,0,0,6,0,0,0,0,0,0,0,0,0,0
1998.5,1,0,0,0,0,60,897,0,0,0,28,0,0,0,0,0,0,0,0,0,0
1998.5,1,0,0,0,0,100,0,0,0,0,0,0,0,0,0,0,0,0,0,0,0
1998.5,1,0,0,0,1,0,0,0,0,0,0,0,0,0,0,0,0,0,0,0,0
1998.5,1,0,0,0,1,5,0,0,0,0,0,0,0,0,0,0,0,0,0,0,0
1998.5,1,0,0,0,1,10,0,0,0,0,0,0,0,0,0,0,0,0,0,0,0
1998.5,1,0,0,0,1,15,0,0,0,0,0,0,0,0,0,0,0,0,0,0,0
1998.5,1,0,0,0,1,20,0,0,0,0,0,0,0,0,0,0,0,0,0,0,0
1998.5,1,0,0,0,1,25,0,0,0,0,0,0,0,0,0,0,0,0,0,0,0
1998.5,1,0,0,0,1,30,0,0,0,0,0,0,0,0,0,0,0,0,0,0,0
1998.5,1,0,0,0,1,35,0,0,0,0,0,0,0,0,0,0,0,0,0,0,0
1998.5,1,0,0,0,1,40,0,0,0,0,0,0,0,0,0,0,0,0,0,0,0
1998.5,1,0,0,0,1,45,0,0,0,0,0,0,0,0,0,0,0,0,0,0,0
1998.5,1,0,0,0,1,50,0,0,0,0,0,0,0,0,0,0,0,0,0,0,0
1998.5,1,0,0,0,1,55,0,0,0,0,0,0,0,0,0,0,0,0,0,0,0
1998.5,1,0,0,0,1,60,0,0,0,0,0,0,0,0,0,0,0,0,0,0,0
1998.5,1,0,0,0,1,100,0,0,0,0,0,0,0,0,0,0,0,0,0,0,0
1998.5,1,0,0,1,0,0,217,217,47,0,25,25,12,13,13,10,0,0,0,0,0
1998.5,1,0,0,1,0,5,100,100,0,0,2,2,1,3,3,1,0,0,0,0,0
1998.5,1,0,0,1,0,10,48,48,0,0,2,2,3,3,3,1,0,0,0,0,0
1998.5,1,0,0,1,0,15,24,24,6,0,0,0,0,0,0,0,0,5,0,0,0
1998.5,1,0,0,1,0,20,250,250,20,0,5,5,2,2,2,1,0,33,0,0,0
1998.5,1,0,0,1,0,25,461,461,32,0,13,12,9,12,12,4,0,58,0,0,2
1998.5,1,0,0,1,0,30,554,554,23,0,19,17,11,15,15,5,0,44,0,0,0
1998.5,1,0,0,1,0,35,380,380,15,0,15,13,6,10,10,4,0,31,0,0,0
1998.5,1,0,0,1,0,40,252,252,8,0,9,7,14,16,16,8,0,19,0,0,0
1998.5,1,0,0,1,0,45,161,161,2,0,12,12,5,11,11,3,0,15,0,0,0
1998.5,1,0,0,1,0,50,86,86,3,0,10,9,1,8,8,0,0,6,0,0,0
1998.5,1,0,0,1,0,55,63,63,7,0,10,8,1,3,3,1,0,0,0,0,0
1998.5,1,0,0,1,0,60,94,94,4,0,9,7,2,5,5,0,0,10,0,0,0
1998.5,1,0,0,1,0,100,0,0,0,0,0,0,0,0,0,0,0,0,0,0,0
1998.5,1,0,0,1,1,0,0,0,0,0,0,0,0,0,0,0,0,0,0,0,0
1998.5,1,0,0,1,1,5,0,0,0,0,0,0,0,0,0,0,0,0,0,0,0
1998.5,1,0,0,1,1,10,0,0,0,0,0,0,0,0,0,0,0,0,0,0,0
1998.5,1,0,0,1,1,15,0,0,0,0,0,0,0,0,0,0,0,0,0,0,0
1998.5,1,0,0,1,1,20,0,0,0,0,0,0,0,0,0,0,0,0,0,0,0
1998.5,1,0,0,1,1,25,0,0,0,0,0,0,0,0,0,0,0,0,0,0,0
1998.5,1,0,0,1,1,30,0,0,0,0,0,0,0,0,0,0,0,0,0,0,0
1998.5,1,0,0,1,1,35,0,0,0,0,0,0,0,0,0,0,0,0,0,0,0
1998.5,1,0,0,1,1,40,0,0,0,0,0,0,0,0,0,0,0,0,0,0,0
1998.5,1,0,0,1,1,45,0,0,0,0,0,0,0,0,0,0,0,0,0,0,0
1998.5,1,0,0,1,1,50,0,0,0,0,0,0,0,0,0,0,0,0,0,0,0
1998.5,1,0,0,1,1,55,0,0,0,0,0,0,0,0,0,0,0,0,0,0,0
1998.5,1,0,0,1,1,60,0,0,0,0,0,0,0,0,0,0,0,0,0,0,0
1998.5,1,0,0,1,1,100,0,0,0,0,0,0,0,0,0,0,0,0,0,0,0
1998.5,1,0,1,0,0,0,0,0,0,0,0,0,0,0,0,0,0,0,0,0,0
1998.5,1,0,1,0,0,5,3,0,0,0,0,0,0,0,0,0,0,0,0,0,0
1998.5,1,0,1,0,0,10,19,0,0,0,0,0,0,0,0,0,0,0,0,0,0
1998.5,1,0,1,0,0,15,85,0,0,0,0,0,0,0,0,0,0,0,0,0,0
1998.5,1,0,1,0,0,20,152,0,0,0,0,0,0,0,0,0,0,0,0,0,0
1998.5,1,0,1,0,0,25,207,0,0,0,1,0,0,0,0,0,0,0,0,0,0
1998.5,1,0,1,0,0,30,196,0,0,0,0,0,0,0,0,0,0,0,0,0,0
1998.5,1,0,1,0,0,35,125,0,0,0,1,0,0,0,0,0,0,0,0,0,0
1998.5,1,0,1,0,0,40,50,0,0,0,0,0,0,0,0,0,0,0,0,0,0
1998.5,1,0,1,0,0,45,39,0,0,0,1,0,0,0,0,0,0,0,0,0,0
1998.5,1,0,1,0,0,50,43,0,0,0,0,0,0,0,0,0,0,0,0,0,0
1998.5,1,0,1,0,0,55,42,0,0,0,1,0,0,0,0,0,0,0,0,0,0
1998.5,1,0,1,0,0,60,84,0,0,0,2,0,0,0,0,0,0,0,0,0,0
1998.5,1,0,1,0,0,100,0,0,0,0,0,0,0,0,0,0,0,0,0,0,0
1998.5,1,0,1,0,1,0,0,0,0,0,0,0,0,0,0,0,0,0,0,0,0
1998.5,1,0,1,0,1,5,0,0,0,0,0,0,0,0,0,0,0,0,0,0,0
1998.5,1,0,1,0,1,10,0,0,0,0,0,0,0,0,0,0,0,0,0,0,0
1998.5,1,0,1,0,1,15,0,0,0,0,0,0,0,0,0,0,0,0,0,0,0
1998.5,1,0,1,0,1,20,0,0,0,0,0,0,0,0,0,0,0,0,0,0,0
1998.5,1,0,1,0,1,25,0,0,0,0,0,0,0,0,0,0,0,0,0,0,0
1998.5,1,0,1,0,1,30,0,0,0,0,0,0,0,0,0,0,0,0,0,0,0
1998.5,1,0,1,0,1,35,0,0,0,0,0,0,0,0,0,0,0,0,0,0,0
1998.5,1,0,1,0,1,40,0,0,0,0,0,0,0,0,0,0,0,0,0,0,0
1998.5,1,0,1,0,1,45,0,0,0,0,0,0,0,0,0,0,0,0,0,0,0
1998.5,1,0,1,0,1,50,0,0,0,0,0,0,0,0,0,0,0,0,0,0,0
1998.5,1,0,1,0,1,55,0,0,0,0,0,0,0,0,0,0,0,0,0,0,0
1998.5,1,0,1,0,1,60,0,0,0,0,0,0,0,0,0,0,0,0,0,0,0
1998.5,1,0,1,0,1,100,0,0,0,0,0,0,0,0,0,0,0,0,0,0,0
1998.5,1,0,1,1,0,0,0,0,0,0,0,0,0,0,0,0,0,0,0,0,0
1998.5,1,0,1,1,0,5,0,0,0,0,0,0,0,0,0,0,0,0,0,0,0
1998.5,1,0,1,1,0,10,0,0,0,0,0,0,0,0,0,0,0,0,0,0,0
1998.5,1,0,1,1,0,15,2,2,0,0,0,0,0,0,0,0,0,1,0,0,0
1998.5,1,0,1,1,0,20,18,18,1,0,0,0,1,1,1,0,0,3,0,0,0
1998.5,1,0,1,1,0,25,40,40,0,0,2,2,1,1,1,0,0,9,0,0,0
1998.5,1,0,1,1,0,30,50,50,6,0,0,0,3,5,5,2,0,8,0,0,0
1998.5,1,0,1,1,0,35,29,29,2,0,0,0,0,1,1,0,0,0,0,0,0
1998.5,1,0,1,1,0,40,18,18,0,0,2,2,0,3,3,0,0,3,0,0,0
1998.5,1,0,1,1,0,45,13,13,0,0,2,1,0,0,0,1,0,2,0,0,0
1998.5,1,0,1,1,0,50,8,8,0,0,1,1,1,1,1,0,0,1,0,0,0
1998.5,1,0,1,1,0,55,3,3,0,0,1,1,0,0,0,0,0,0,0,0,0
1998.5,1,0,1,1,0,60,6,6,0,0,1,1,1,1,1,0,0,1,0,0,0
1998.5,1,0,1,1,0,100,0,0,0,0,0,0,0,0,0,0,0,0,0,0,0
1998.5,1,0,1,1,1,0,0,0,0,0,0,0,0,0,0,0,0,0,0,0,0
1998.5,1,0,1,1,1,5,0,0,0,0,0,0,0,0,0,0,0,0,0,0,0
1998.5,1,0,1,1,1,10,0,0,0,0,0,0,0,0,0,0,0,0,0,0,0
1998.5,1,0,1,1,1,15,0,0,0,0,0,0,0,0,0,0,0,0,0,0,0
1998.5,1,0,1,1,1,20,0,0,0,0,0,0,0,0,0,0,0,0,0,0,0
1998.5,1,0,1,1,1,25,0,0,0,0,0,0,0,0,0,0,0,0,0,0,0
1998.5,1,0,1,1,1,30,0,0,0,0,0,0,0,0,0,0,0,0,0,0,0
1998.5,1,0,1,1,1,35,0,0,0,0,0,0,0,0,0,0,0,0,0,0,0
1998.5,1,0,1,1,1,40,0,0,0,0,0,0,0,0,0,0,0,0,0,0,0
1998.5,1,0,1,1,1,45,0,0,0,0,0,0,0,0,0,0,0,0,0,0,0
1998.5,1,0,1,1,1,50,0,0,0,0,0,0,0,0,0,0,0,0,0,0,0
1998.5,1,0,1,1,1,55,0,0,0,0,0,0,0,0,0,0,0,0,0,0,0
1998.5,1,0,1,1,1,60,0,0,0,0,0,0,0,0,0,0,0,0,0,0,0
1998.5,1,0,1,1,1,100,0,0,0,0,0,0,0,0,0,0,0,0,0,0,0
1998.5,1,1,0,0,0,0,4506,0,0,0,26,0,0,0,0,0,0,0,0,0,0
1998.5,1,1,0,0,0,5,4342,0,0,0,1,0,0,0,0,0,0,0,0,0,0
1998.5,1,1,0,0,0,10,4161,0,0,0,2,0,0,0,0,0,0,0,0,0,0
1998.5,1,1,0,0,0,15,3229,0,0,0,1,0,0,1,0,0,0,0,0,0,0
1998.5,1,1,0,0,0,20,2199,0,0,0,0,0,5,5,0,0,4,0,0,0,0
1998.5,1,1,0,0,0,25,1600,0,0,0,1,0,1,2,0,0,0,0,0,0,0
1998.5,1,1,0,0,0,30,1332,0,0,0,0,0,2,2,0,0,2,0,0,0,0
1998.5,1,1,0,0,0,35,767,0,0,0,0,0,0,0,0,0,0,0,0,0,0
1998.5,1,1,0,0,0,40,503,0,0,0,0,0,0,0,0,0,0,0,0,0,0
1998.5,1,1,0,0,0,45,530,0,0,0,1,0,0,0,0,0,0,0,0,0,0
1998.5,1,1,0,0,0,50,583,0,0,0,6,0,0,0,0,0,0,0,0,0,0
1998.5,1,1,0,0,0,55,637,0,0,0,6,0,0,0,0,0,0,0,0,0,0
1998.5,1,1,0,0,0,60,1467,0,0,0,39,0,0,0,0,0,0,0,0,0,0
1998.5,1,1,0,0,0,100,1,0,0,0,0,0,0,0,0,0,0,0,0,0,0
1998.5,1,1,0,0,1,0,0,0,0,0,0,0,0,0,0,0,0,0,0,0,0
1998.5,1,1,0,0,1,5,0,0,0,0,0,0,0,0,0,0,0,0,0,0,0
1998.5,1,1,0,0,1,10,0,0,0,0,0,0,0,0,0,0,0,0,0,0,0
1998.5,1,1,0,0,1,15,0,0,0,0,0,0,0,0,0,0,0,0,0,0,0
1998.5,1,1,0,0,1,20,0,0,0,0,0,0,0,0,0,0,0,0,0,0,0
1998.5,1,1,0,0,1,25,0,0,0,0,0,0,0,0,0,0,0,0,0,0,0
1998.5,1,1,0,0,1,30,0,0,0,0,0,0,0,0,0,0,0,0,0,0,0
1998.5,1,1,0,0,1,35,0,0,0,0,0,0,0,0,0,0,0,0,0,0,0
1998.5,1,1,0,0,1,40,0,0,0,0,0,0,0,0,0,0,0,0,0,0,0
1998.5,1,1,0,0,1,45,0,0,0,0,0,0,0,0,0,0,0,0,0,0,0
1998.5,1,1,0,0,1,50,0,0,0,0,0,0,0,0,0,0,0,0,0,0,0
1998.5,1,1,0,0,1,55,0,0,0,0,0,0,0,0,0,0,0,0,0,0,0
1998.5,1,1,0,0,1,60,0,0,0,0,0,0,0,0,0,0,0,0,0,0,0
1998.5,1,1,0,0,1,100,0,0,0,0,0,0,0,0,0,0,0,0,0,0,0
1998.5,1,1,0,1,0,0,195,195,42,0,28,27,12,12,12,11,0,0,0,0,0
1998.5,1,1,0,1,0,5,119,119,0,0,4,4,1,1,1,0,0,0,0,0,0
1998.5,1,1,0,1,0,10,58,58,17,0,7,7,3,4,4,2,0,3,0,0,0
1998.5,1,1,0,1,0,15,260,260,53,0,4,4,5,8,8,2,0,17,0,0,0
1998.5,1,1,0,1,0,20,656,656,63,0,9,9,11,15,14,7,0,27,0,0,0
1998.5,1,1,0,1,0,25,876,876,31,0,25,22,16,28,28,8,0,31,0,0,0
1998.5,1,1,0,1,0,30,844,844,33,0,30,26,23,34,34,13,0,25,0,0,0
1998.5,1,1,0,1,0,35,582,582,20,0,12,12,11,28,28,6,0,11,0,0,0
1998.5,1,1,0,1,0,40,254,254,6,0,11,11,6,15,15,2,0,2,0,0,0
1998.5,1,1,0,1,0,45,171,171,10,0,11,10,3,6,6,3,0,6,0,0,0
1998.5,1,1,0,1,0,50,124,124,2,0,12,12,5,8,8,1,0,2,0,0,0
1998.5,1,1,0,1,0,55,75,75,4,0,4,4,3,4,4,1,0,1,0,0,0
1998.5,1,1,0,1,0,60,129,129,10,0,11,9,8,10,10,5,0,4,0,0,0
1998.5,1,1,0,1,0,100,0,0,0,0,0,0,0,0,0,0,0,0,0,0,0
1998.5,1,1,0,1,1,0,0,0,0,0,0,0,0,0,0,0,0,0,0,0,0
1998.5,1,1,0,1,1,5,0,0,0,0,0,0,0,0,0,0,0,0,0,0,0
1998.5,1,1,0,1,1,10,0,0,0,0,0,0,0,0,0,0,0,0,0,0,0
1998.5,1,1,0,1,1,15,0,0,0,0,0,0,0,0,0,0,0,0,0,0,0
1998.5,1,1,0,1,1,20,0,0,0,0,0,0,0,0,0,0,0,0,0,0,0
1998.5,1,1,0,1,1,25,0,0,0,0,0,0,0,0,0,0,0,0,0,0,0
1998.5,1,1,0,1,1,30,0,0,0,0,0,0,0,0,0,0,0,0,0,0,0
1998.5,1,1,0,1,1,35,0,0,0,0,0,0,0,0,0,0,0,0,0,0,0
1998.5,1,1,0,1,1,40,0,0,0,0,0,0,0,0,0,0,0,0,0,0,0
1998.5,1,1,0,1,1,45,0,0,0,0,0,0,0,0,0,0,0,0,0,0,0
1998.5,1,1,0,1,1,50,0,0,0,0,0,0,0,0,0,0,0,0,0,0,0
1998.5,1,1,0,1,1,55,0,0,0,0,0,0,0,0,0,0,0,0,0,0,0
1998.5,1,1,0,1,1,60,0,0,0,0,0,0,0,0,0,0,0,0,0,0,0
1998.5,1,1,0,1,1,100,0,0,0,0,0,0,0,0,0,0,0,0,0,0,0
1999,1,0,0,0,0,0,4463,0,0,0,26,0,0,0,0,0,0,0,0,0,0
1999,1,0,0,0,0,5,4221,0,0,0,2,0,0,0,0,0,0,0,0,0,2
1999,1,0,0,0,0,10,4063,0,0,0,4,0,0,0,0,0,0,0,0,0,5
1999,1,0,0,0,0,15,3230,0,0,0,4,0,0,0,0,0,0,0,0,0,8
1999,1,0,0,0,0,20,2412,0,0,0,3,0,0,0,0,0,0,0,0,0,10
1999,1,0,0,0,0,25,1778,0,0,0,1,0,0,0,0,0,0,0,0,0,6
1999,1,0,0,0,0,30,1397,0,0,0,4,0,0,0,0,0,0,0,0,0,1
1999,1,0,0,0,0,35,920,0,0,0,2,0,0,0,0,0,0,0,0,0,0
1999,1,0,0,0,0,40,434,0,0,0,3,0,0,0,0,0,0,0,0,0,0
1999,1,0,0,0,0,45,454,0,0,0,3,0,0,0,0,0,0,0,0,0,0
1999,1,0,0,0,0,50,447,0,0,0,5,0,0,0,0,0,0,0,0,0,0
1999,1,0,0,0,0,55,460,0,0,0,6,0,0,0,0,0,0,0,0,0,0
1999,1,0,0,0,0,60,915,0,0,0,24,0,0,0,0,0,0,0,0,0,0
1999,1,0,0,0,0,100,0,0,0,0,0,0,0,0,0,0,0,0,0,0,0
1999,1,0,0,0,1,0,0,0,0,0,0,0,0,0,0,0,0,0,0,0,0
1999,1,0,0,0,1,5,0,0,0,0,0,0,0,0,0,0,0,0,0,0,0
1999,1,0,0,0,1,10,0,0,0,0,0,0,0,0,0,0,0,0,0,0,0
1999,1,0,0,0,1,15,0,0,0,0,0,0,0,0,0,0,0,0,0,0,0
1999,1,0,0,0,1,20,0,0,0,0,0,0,0,0,0,0,0,0,0,0,0
1999,1,0,0,0,1,25,0,0,0,0,0,0,0,0,0,0,0,0,0,0,0
1999,1,0,0,0,1,30,0,0,0,0,0,0,0,0,0,0,0,0,0,0,0
1999,1,0,0,0,1,35,0,0,0,0,0,0,0,0,0,0,0,0,0,0,0
1999,1,0,0,0,1,40,0,0,0,0,0,0,0,0,0,0,0,0,0,0,0
1999,1,0,0,0,1,45,0,0,0,0,0,0,0,0,0,0,0,0,0,0,0
1999,1,0,0,0,1,50,0,0,0,0,0,0,0,0,0,0,0,0,0,0,0
1999,1,0,0,0,1,55,0,0,0,0,0,0,0,0,0,0,0,0,0,0,0
1999,1,0,0,0,1,60,0,0,0,0,0,0,0,0,0,0,0,0,0,0,0
1999,1,0,0,0,1,100,0,0,0,0,0,0,0,0,0,0,0,0,0,0,0
1999,1,0,0,1,0,0,215,215,39,0,30,30,6,7,7,5,0,0,0,0,0
1999,1,0,0,1,0,5,98,98,0,0,1,0,0,2,2,0,0,0,0,0,0
1999,1,0,0,1,0,10,51,51,0,0,2,2,4,6,6,2,0,0,0,0,0
1999,1,0,0,1,0,15,21,21,6,0,0,0,1,1,1,1,0,1,0,0,0
1999,1,0,0,1,0,20,240,240,22,0,4,3,3,3,3,3,0,28,0,0,3
1999,1,0,0,1,0,25,478,478,36,0,7,7,4,9,9,1,0,58,0,0,3
1999,1,0,0,1,0,30,553,553,28,0,14,13,12,20,20,6,0,54,0,0,0
1999,1,0,0,1,0,35,407,407,11,0,19,18,5,9,9,4,0,35,0,0,0
1999,1,0,0,1,0,40,252,252,17,0,10,8,10,13,13,3,0,21,0,0,0
1999,1,0,0,1,0,45,170,170,5,0,12,12,9,16,16,4,0,12,0,0,0
1999,1,0,0,1,0,50,87,87,2,0,6,6,4,8,8,4,0,8,0,0,0
1999,1,0,0,1,0,55,56,56,6,0,2,1,3,4,4,3,0,2,0,0,0
1999,1,0,0,1,0,60,102,102,4,0,10,7,4,8,8,3,0,12,0,0,0
1999,1,0,0,1,0,100,0,0,0,0,0,0,0,0,0,0,0,0,0,0,0
1999,1,0,0,1,1,0,0,0,0,0,0,0,0,0,0,0,0,0,0,0,0
1999,1,0,0,1,1,5,0,0,0,0,0,0,0,0,0,0,0,0,0,0,0
1999,1,0,0,1,1,10,0,0,0,0,0,0,0,0,0,0,0,0,0,0,0
1999,1,0,0,1,1,15,0,0,0,0,0,0,0,0,0,0,0,0,0,0,0
1999,1,0,0,1,1,20,0,0,0,0,0,0,0,0,0,0,0,0,0,0,0
1999,1,0,0,1,1,25,0,0,0,0,0,0,0,0,0,0,0,0,0,0,0
1999,1,0,0,1,1,30,0,0,0,0,0,0,0,0,0,0,0,0,0,0,0
1999,1,0,0,1,1,35,0,0,0,0,0,0,0,0,0,0,0,0,0,0,0
1999,1,0,0,1,1,40,0,0,0,0,0,0,0,0,0,0,0,0,0,0,0
1999,1,0,0,1,1,45,0,0,0,0,0,0,0,0,0,0,0,0,0,0,0
1999,1,0,0,1,1,50,0,0,0,0,0,0,0,0,0,0,0,0,0,0,0
1999,1,0,0,1,1,55,0,0,0,0,0,0,0,0,0,0,0,0,0,0,0
1999,1,0,0,1,1,60,0,0,0,0,0,0,0,0,0,0,0,0,0,0,0
1999,1,0,0,1,1,100,0,0,0,0,0,0,0,0,0,0,0,0,0,0,0
1999,1,0,1,0,0,0,0,0,0,0,0,0,0,0,0,0,0,0,0,0,0
1999,1,0,1,0,0,5,2,0,0,0,0,0,0,0,0,0,0,0,0,0,0
1999,1,0,1,0,0,10,22,0,0,0,0,0,0,0,0,0,0,0,0,0,0
1999,1,0,1,0,0,15,82,0,0,0,0,0,0,0,0,0,0,0,0,0,0
1999,1,0,1,0,0,20,156,0,0,0,1,0,0,0,0,0,0,0,0,0,0
1999,1,0,1,0,0,25,204,0,0,0,0,0,0,0,0,0,0,0,0,0,0
1999,1,0,1,0,0,30,201,0,0,0,0,0,0,0,0,0,0,0,0,0,0
1999,1,0,1,0,0,35,131,0,0,0,0,0,0,0,0,0,0,0,0,0,0
1999,1,0,1,0,0,40,50,0,0,0,0,0,0,0,0,0,0,0,0,0,0
1999,1,0,1,0,0,45,40,0,0,0,0,0,0,0,0,0,0,0,0,0,0
1999,1,0,1,0,0,50,38,0,0,0,0,0,0,0,0,0,0,0,0,0,0
1999,1,0,1,0,0,55,48,0,0,0,0,0,0,0,0,0,0,0,0,0,0
1999,1,0,1,0,0,60,84,0,0,0,2,0,0,0,0,0,0,0,0,0,0
1999,1,0,1,0,0,100,0,0,0,0,0,0,0,0,0,0,0,0,0,0,0
1999,1,0,1,0,1,0,0,0,0,0,0,0,0,0,0,0,0,0,0,0,0
1999,1,0,1,0,1,5,0,0,0,0,0,0,0,0,0,0,0,0,0,0,0
1999,1,0,1,0,1,10,0,0,0,0,0,0,0,0,0,0,0,0,0,0,0
1999,1,0,1,0,1,15,0,0,0,0,0,0,0,0,0,0,0,0,0,0,0
1999,1,0,1,0,1,20,0,0,0,0,0,0,0,0,0,0,0,0,0,0,0
1999,1,0,1,0,1,25,0,0,0,0,0,0,0,0,0,0,0,0,0,0,0
1999,1,0,1,0,1,30,0,0,0,0,0,0,0,0,0,0,0,0,0,0,0
1999,1,0,1,0,1,35,0,0,0,0,0,0,0,0,0,0,0,0,0,0,0
1999,1,0,1,0,1,40,0,0,0,0,0,0,0,0,0,0,0,0,0,0,0
1999,1,0,1,0,1,45,0,0,0,0,0,0,0,0,0,0,0,0,0,0,0
1999,1,0,1,0,1,50,0,0,0,0,0,0,0,0,0,0,0,0,0,0,0
1999,1,0,1,0,1,55,0,0,0,0,0,0,0,0,0,0,0,0,0,0,0
1999,1,0,1,0,1,60,0,0,0,0,0,0,0,0,0,0,0,0,0,0,0
1999,1,0,1,0,1,100,0,0,0,0,0,0,0,0,0,0,0,0,0,0,0
1999,1,0,1,1,0,0,0,0,0,0,0,0,0,0,0,0,0,0,0,0,0
1999,1,0,1,1,0,5,0,0,0,0,0,0,0,0,0,0,0,0,0,0,0
1999,1,0,1,1,0,10,0,0,0,0,0,0,0,0,0,0,0,0,0,0,0
1999,1,0,1,1,0,15,3,3,2,0,0,0,0,0,0,0,0,1,0,0,0
1999,1,0,1,1,0,20,16,16,1,0,0,0,0,1,1,0,0,2,0,0,0
1999,1,0,1,1,0,25,44,44,1,0,0,0,0,0,0,0,0,3,0,0,0
1999,1,0,1,1,0,30,52,52,6,0,4,4,3,6,6,1,0,5,0,0,0
1999,1,0,1,1,0,35,38,38,3,0,1,1,1,2,2,1,0,2,0,0,0
1999,1,0,1,1,0,40,19,19,2,0,0,0,0,1,1,0,0,0,0,0,0
1999,1,0,1,1,0,45,12,12,0,0,1,1,1,1,1,1,0,0,0,0,0
1999,1,0,1,1,0,50,10,10,1,0,1,1,0,1,1,0,0,1,0,0,0
1999,1,0,1,1,0,55,3,3,0,0,0,0,0,0,0,0,0,0,0,0,0
1999,1,0,1,1,0,60,5,5,0,0,0,0,0,1,1,0,0,0,0,0,0
1999,1,0,1,1,0,100,0,0,0,0,0,0,0,0,0,0,0,0,0,0,0
1999,1,0,1,1,1,0,0,0,0,0,0,0,0,0,0,0,0,0,0,0,0
1999,1,0,1,1,1,5,0,0,0,0,0,0,0,0,0,0,0,0,0,0,0
1999,1,0,1,1,1,10,0,0,0,0,0,0,0,0,0,0,0,0,0,0,0
1999,1,0,1,1,1,15,0,0,0,0,0,0,0,0,0,0,0,0,0,0,0
1999,1,0,1,1,1,20,0,0,0,0,0,0,0,0,0,0,0,0,0,0,0
1999,1,0,1,1,1,25,0,0,0,0,0,0,0,0,0,0,0,0,0,0,0
1999,1,0,1,1,1,30,0,0,0,0,0,0,0,0,0,0,0,0,0,0,0
1999,1,0,1,1,1,35,0,0,0,0,0,0,0,0,0,0,0,0,0,0,0
1999,1,0,1,1,1,40,0,0,0,0,0,0,0,0,0,0,0,0,0,0,0
1999,1,0,1,1,1,45,0,0,0,0,0,0,0,0,0,0,0,0,0,0,0
1999,1,0,1,1,1,50,0,0,0,0,0,0,0,0,0,0,0,0,0,0,0
1999,1,0,1,1,1,55,0,0,0,0,0,0,0,0,0,0,0,0,0,0,0
1999,1,0,1,1,1,60,0,0,0,0,0,0,0,0,0,0,0,0,0,0,0
1999,1,0,1,1,1,100,0,0,0,0,0,0,0,0,0,0,0,0,0,0,0
1999,1,1,0,0,0,0,4519,0,0,0,25,0,0,0,0,0,0,0,0,0,0
1999,1,1,0,0,0,5,4327,0,0,0,3,0,0,0,0,0,0,0,0,0,0
1999,1,1,0,0,0,10,4252,0,0,0,2,0,0,0,0,0,0,0,0,0,0
1999,1,1,0,0,0,15,3281,0,0,0,4,0,1,2,0,0,1,0,0,0,0
1999,1,1,0,0,0,20,2218,0,0,0,1,0,4,5,0,0,0,0,0,0,0
1999,1,1,0,0,0,25,1585,0,0,0,3,0,2,3,0,0,2,0,0,0,0
1999,1,1,0,0,0,30,1335,0,0,0,0,0,2,2,0,0,0,0,0,0,0
1999,1,1,0,0,0,35,795,0,0,0,3,0,0,0,0,0,0,0,0,0,0
1999,1,1,0,0,0,40,502,0,0,0,2,0,0,0,0,0,0,0,0,0,0
1999,1,1,0,0,0,45,499,0,0,0,2,0,0,0,0,0,0,0,0,0,0
1999,1,1,0,0,0,50,584,0,0,0,4,0,0,0,0,0,0,0,0,0,0
1999,1,1,0,0,0,55,628,0,0,0,3,0,0,0,0,0,0,0,0,0,0
1999,1,1,0,0,0,60,1482,0,0,0,37,0,0,0,0,0,0,0,0,0,0
1999,1,1,0,0,0,100,1,0,0,0,0,0,0,0,0,0,0,0,0,0,0
1999,1,1,0,0,1,0,0,0,0,0,0,0,0,0,0,0,0,0,0,0,0
1999,1,1,0,0,1,5,0,0,0,0,0,0,0,0,0,0,0,0,0,0,0
1999,1,1,0,0,1,10,0,0,0,0,0,0,0,0,0,0,0,0,0,0,0
1999,1,1,0,0,1,15,0,0,0,0,0,0,0,0,0,0,0,0,0,0,0
1999,1,1,0,0,1,20,0,0,0,0,0,0,0,0,0,0,0,0,0,0,0
1999,1,1,0,0,1,25,0,0,0,0,0,0,0,0,0,0,0,0,0,0,0
1999,1,1,0,0,1,30,0,0,0,0,0,0,0,0,0,0,0,0,0,0,0
1999,1,1,0,0,1,35,0,0,0,0,0,0,0,0,0,0,0,0,0,0,0
1999,1,1,0,0,1,40,0,0,0,0,0,0,0,0,0,0,0,0,0,0,0
1999,1,1,0,0,1,45,0,0,0,0,0,0,0,0,0,0,0,0,0,0,0
1999,1,1,0,0,1,50,0,0,0,0,0,0,0,0,0,0,0,0,0,0,0
1999,1,1,0,0,1,55,0,0,0,0,0,0,0,0,0,0,0,0,0,0,0
1999,1,1,0,0,1,60,0,0,0,0,0,0,0,0,0,0,0,0,0,0,0
1999,1,1,0,0,1,100,0,0,0,0,0,0,0,0,0,0,0,0,0,0,0
1999,1,1,0,1,0,0,211,211,43,0,30,29,9,12,12,7,0,0,0,0,0
1999,1,1,0,1,0,5,118,118,0,0,2,2,2,3,3,2,0,0,0,0,0
1999,1,1,0,1,0,10,57,57,6,0,6,6,1,2,2,0,0,2,0,0,0
1999,1,1,0,1,0,15,254,254,45,0,4,4,2,4,4,0,0,21,0,0,0
1999,1,1,0,1,0,20,663,663,54,0,8,8,8,12,11,5,0,35,0,0,0
1999,1,1,0,1,0,25,897,897,44,0,26,26,13,25,25,3,0,29,0,0,0
1999,1,1,0,1,0,30,867,867,46,0,41,41,22,34,33,13,0,22,0,0,0
1999,1,1,0,1,0,35,613,613,19,0,26,26,20,36,36,14,0,22,0,0,0
1999,1,1,0,1,0,40,267,267,3,0,15,13,7,14,14,4,0,10,0,0,0
1999,1,1,0,1,0,45,178,178,10,0,8,8,8,10,10,5,0,8,0,0,0
1999,1,1,0,1,0,50,120,120,2,0,8,8,4,9,9,3,0,3,0,0,0
1999,1,1,0,1,0,55,77,77,5,0,14,13,2,5,5,1,0,0,0,0,0
1999,1,1,0,1,0,60,132,132,11,0,9,6,5,6,6,3,0,1,0,0,0
1999,1,1,0,1,0,100,0,0,0,0,0,0,0,0,0,0,0,0,0,0,0
1999,1,1,0,1,1,0,0,0,0,0,0,0,0,0,0,0,0,0,0,0,0
1999,1,1,0,1,1,5,0,0,0,0,0,0,0,0,0,0,0,0,0,0,0
1999,1,1,0,1,1,10,0,0,0,0,0,0,0,0,0,0,0,0,0,0,0
1999,1,1,0,1,1,15,0,0,0,0,0,0,0,0,0,0,0,0,0,0,0
1999,1,1,0,1,1,20,0,0,0,0,0,0,0,0,0,0,0,0,0,0,0
1999,1,1,0,1,1,25,0,0,0,0,0,0,0,0,0,0,0,0,0,0,0
1999,1,1,0,1,1,30,0,0,0,0,0,0,0,0,0,0,0,0,0,0,0
1999,1,1,0,1,1,35,0,0,0,0,0,0,0,0,0,0,0,0,0,0,0
1999,1,1,0,1,1,40,0,0,0,0,0,0,0,0,0,0,0,0,0,0,0
1999,1,1,0,1,1,45,0,0,0,0,0,0,0,0,0,0,0,0,0,0,0
1999,1,1,0,1,1,50,0,0,0,0,0,0,0,0,0,0,0,0,0,0,0
1999,1,1,0,1,1,55,0,0,0,0,0,0,0,0,0,0,0,0,0,0,0
1999,1,1,0,1,1,60,0,0,0,0,0,0,0,0,0,0,0,0,0,0,0
1999,1,1,0,1,1,100,0,0,0,0,0,0,0,0,0,0,0,0,0,0,0
1999.5,1,0,0,0,0,0,4447,0,0,0,40,0,0,0,0,0,0,0,0,0,0
1999.5,1,0,0,0,0,5,4234,0,0,0,1,0,0,0,0,0,0,0,0,0,0
1999.5,1,0,0,0,0,10,4131,0,0,0,2,0,0,0,0,0,0,0,0,0,3
1999.5,1,0,0,0,0,15,3286,0,0,0,4,0,0,0,0,0,0,0,0,0,13
1999.5,1,0,0,0,0,20,2448,0,0,0,5,0,0,0,0,0,0,0,0,0,15
1999.5,1,0,0,0,0,25,1809,0,0,0,2,0,0,0,0,0,0,0,0,0,4
1999.5,1,0,0,0,0,30,1392,0,0,0,5,0,0,0,0,0,0,0,0,0,0
1999.5,1,0,0,0,0,35,963,0,0,0,7,0,0,0,0,0,0,0,0,0,0
1999.5,1,0,0,0,0,40,434,0,0,0,1,0,0,0,0,0,0,0,0,0,0
1999.5,1,0,0,0,0,45,435,0,0,0,2,0,0,0,0,0,0,0,0,0,0
1999.5,1,0,0,0,0,50,421,0,0,0,6,0,0,0,0,0,0,0,0,0,0
1999.5,1,0,0,0,0,55,460,0,0,0,10,0,0,0,0,0,0,0,0,0,0
1999.5,1,0,0,0,0,60,942,0,0,0,19,0,0,0,0,0,0,0,0,0,0
1999.5,1,0,0,0,0,100,0,0,0,0,0,0,0,0,0,0,0,0,0,0,0
1999.5,1,0,0,0,1,0,0,0,0,0,0,0,0,0,0,0,0,0,0,0,0
1999.5,1,0,0,0,1,5,0,0,0,0,0,0,0,0,0,0,0,0,0,0,0
1999.5,1,0,0,0,1,10,0,0,0,0,0,0,0,0,0,0,0,0,0,0,0
1999.5,1,0,0,0,1,15,0,0,0,0,0,0,0,0,0,0,0,0,0,0,0
1999.5,1,0,0,0,1,20,0,0,0,0,0,0,0,0,0,0,0,0,0,0,0
1999.5,1,0,0,0,1,25,0,0,0,0,0,0,0,0,0,0,0,0,0,0,0
1999.5,1,0,0,0,1,30,0,0,0,0,0,0,0,0,0,0,0,0,0,0,0
1999.5,1,0,0,0,1,35,0,0,0,0,0,0,0,0,0,0,0,0,0,0,0
1999.5,1,0,0,0,1,40,0,0,0,0,0,0,0,0,0,0,0,0,0,0,0
1999.5,1,0,0,0,1,45,0,0,0,0,0,0,0,0,0,0,0,0,0,0,0
1999.5,1,0,0,0,1,50,0,0,0,0,0,0,0,0,0,0,0,0,0,0,0
1999.5,1,0,0,0,1,55,0,0,0,0,0,0,0,0,0,0,0,0,0,0,0
1999.5,1,0,0,0,1,60,0,0,0,0,0,0,0,0,0,0,0,0,0,0,0
1999.5,1,0,0,0,1,100,0,0,0,0,0,0,0,0,0,0,0,0,0,0,0
1999.5,1,0,0,1,0,0,213,213,53,0,26,24,5,8,8,5,0,0,0,0,0
1999.5,1,0,0,1,0,5,113,113,0,0,0,0,1,3,3,0,0,0,0,0,0
1999.5,1,0,0,1,0,10,52,52,0,0,4,4,2,4,4,0,0,0,0,0,0
1999.5,1,0,0,1,0,15,25,25,10,0,0,0,0,0,0,0,0,5,0,0,0
1999.5,1,0,0,1,0,20,237,237,26,0,1,1,6,6,6,3,0,27,0,0,1
1999.5,1,0,0,1,0,25,486,486,31,0,11,11,5,10,10,3,0,53,0,0,0
1999.5,1,0,0,1,0,30,557,557,25,0,20,20,9,19,19,6,0,45,0,0,0
1999.5,1,0,0,1,0,35,446,446,17,0,19,18,10,14,14,6,0,32,0,0,0
1999.5,1,0,0,1,0,40,244,244,12,0,9,9,4,10,10,3,0,18,0,0,0
1999.5,1,0,0,1,0,45,176,176,8,0,13,12,10,17,17,4,0,14,0,0,0
1999.5,1,0,0,1,0,50,92,92,2,0,10,10,7,8,8,3,0,4,0,0,0
1999.5,1,0,0,1,0,55,53,53,5,0,2,1,2,2,2,0,0,4,0,0,0
1999.5,1,0,0,1,0,60,108,108,8,0,7,4,5,7,7,3,0,17,0,0,0
1999.5,1,0,0,1,0,100,0,0,0,0,0,0,0,0,0,0,0,0,0,0,0
1999.5,1,0,0,1,1,0,0,0,0,0,0,0,0,0,0,0,0,0,0,0,0
1999.5,1,0,0,1,1,5,0,0,0,0,0,0,0,0,0,0,0,0,0,0,0
1999.5,1,0,0,1,1,10,0,0,0,0,0,0,0,0,0,0,0,0,0,0,0
1999.5,1,0,0,1,1,15,0,0,0,0,0,0,0,0,0,0,0,0,0,0,0
1999.5,1,0,0,1,1,20,0,0,0,0,0,0,0,0,0,0,0,0,0,0,0
1999.5,1,0,0,1,1,25,0,0,0,0,0,0,0,0,0,0,0,0,0,0,0
1999.5,1,0,0,1,1,30,0,0,0,0,0,0,0,0,0,0,0,0,0,0,0
1999.5,1,0,0,1,1,35,0,0,0,0,0,0,0,0,0,0,0,0,0,0,0
1999.5,1,0,0,1,1,40,0,0,0,0,0,0,0,0,0,0,0,0,0,0,0
1999.5,1,0,0,1,1,45,0,0,0,0,0,0,0,0,0,0,0,0,0,0,0
1999.5,1,0,0,1,1,50,0,0,0,0,0,0,0,0,0,0,0,0,0,0,0
1999.5,1,0,0,1,1,55,0,0,0,0,0,0,0,0,0,0,0,0,0,0,0
1999.5,1,0,0,1,1,60,0,0,0,0,0,0,0,0,0,0,0,0,0,0,0
1999.5,1,0,0,1,1,100,0,0,0,0,0,0,0,0,0,0,0,0,0,0,0
1999.5,1,0,1,0,0,0,0,0,0,0,0,0,0,0,0,0,0,0,0,0,0
1999.5,1,0,1,0,0,5,1,0,0,0,0,0,0,0,0,0,0,0,0,0,0
1999.5,1,0,1,0,0,10,22,0,0,0,0,0,0,0,0,0,0,0,0,0,0
1999.5,1,0,1,0,0,15,83,0,0,0,0,0,0,0,0,0,0,0,0,0,0
1999.5,1,0,1,0,0,20,176,0,0,0,1,0,0,0,0,0,0,0,0,0,0
1999.5,1,0,1,0,0,25,193,0,0,0,1,0,0,0,0,0,0,0,0,0,0
1999.5,1,0,1,0,0,30,205,0,0,0,0,0,0,0,0,0,0,0,0,0,0
1999.5,1,0,1,0,0,35,137,0,0,0,1,0,0,0,0,0,0,0,0,0,0
1999.5,1,0,1,0,0,40,52,0,0,0,0,0,0,0,0,0,0,0,0,0,0
1999.5,1,0,1,0,0,45,37,0,0,0,0,0,0,0,0,0,0,0,0,0,0
1999.5,1,0,1,0,0,50,43,0,0,0,1,0,0,0,0,0,0,0,0,0,0
1999.5,1,0,1,0,0,55,46,0,0,0,2,0,0,0,0,0,0,0,0,0,0
1999.5,1,0,1,0,0,60,84,0,0,0,2,0,0,0,0,0,0,0,0,0,0
1999.5,1,0,1,0,0,100,0,0,0,0,0,0,0,0,0,0,0,0,0,0,0
1999.5,1,0,1,0,1,0,0,0,0,0,0,0,0,0,0,0,0,0,0,0,0
1999.5,1,0,1,0,1,5,0,0,0,0,0,0,0,0,0,0,0,0,0,0,0
1999.5,1,0,1,0,1,10,0,0,0,0,0,0,0,0,0,0,0,0,0,0,0
1999.5,1,0,1,0,1,15,0,0,0,0,0,0,0,0,0,0,0,0,0,0,0
1999.5,1,0,1,0,1,20,0,0,0,0,0,0,0,0,0,0,0,0,0,0,0
1999.5,1,0,1,0,1,25,0,0,0,0,0,0,0,0,0,0,0,0,0,0,0
1999.5,1,0,1,0,1,30,0,0,0,0,0,0,0,0,0,0,0,0,0,0,0
1999.5,1,0,1,0,1,35,0,0,0,0,0,0,0,0,0,0,0,0,0,0,0
1999.5,1,0,1,0,1,40,0,0,0,0,0,0,0,0,0,0,0,0,0,0,0
1999.5,1,0,1,0,1,45,0,0,0,0,0,0,0,0,0,0,0,0,0,0,0
1999.5,1,0,1,0,1,50,0,0,0,0,0,0,0,0,0,0,0,0,0,0,0
1999.5,1,0,1,0,1,55,0,0,0,0,0,0,0,0,0,0,0,0,0,0,0
1999.5,1,0,1,0,1,60,0,0,0,0,0,0,0,0,0,0,0,0,0,0,0
1999.5,1,0,1,0,1,100,0,0,0,0,0,0,0,0,0,0,0,0,0,0,0
1999.5,1,0,1,1,0,0,0,0,0,0,0,0,0,0,0,0,0,0,0,0,0
1999.5,1,0,1,1,0,5,0,0,0,0,0,0,0,0,0,0,0,0,0,0,0
1999.5,1,0,1,1,0,10,0,0,0,0,0,0,0,0,0,0,0,0,0,0,0
1999.5,1,0,1,1,0,15,1,1,0,0,0,0,0,0,0,0,0,1,0,0,0
1999.5,1,0,1,1,0,20,16,16,1,0,1,1,0,0,0,0,0,2,0,0,0
1999.5,1,0,1,1,0,25,42,42,1,0,1,1,0,0,0,0,0,2,0,0,0
1999.5,1,0,1,1,0,30,53,53,2,0,3,3,1,4,4,0,0,2,0,0,0
1999.5,1,0,1,1,0,35,38,38,3,0,1,1,1,2,2,0,0,1,0,0,0
1999.5,1,0,1,1,0,40,22,22,0,0,1,0,2,3,3,2,0,2,0,0,0
1999.5,1,0,1,1,0,45,11,11,0,0,0,0,1,1,1,0,0,1,0,0,0
1999.5,1,0,1,1,0,50,11,11,0,0,0,0,0,1,1,0,0,0,0,0,0
1999.5,1,0,1,1,0,55,2,2,0,0,0,0,0,0,0,0,0,0,0,0,0
1999.5,1,0,1,1,0,60,6,6,0,0,0,0,0,1,1,0,0,0,0,0,0
1999.5,1,0,1,1,0,100,0,0,0,0,0,0,0,0,0,0,0,0,0,0,0
1999.5,1,0,1,1,1,0,0,0,0,0,0,0,0,0,0,0,0,0,0,0,0
1999.5,1,0,1,1,1,5,0,0,0,0,0,0,0,0,0,0,0,0,0,0,0
1999.5,1,0,1,1,1,10,0,0,0,0,0,0,0,0,0,0,0,0,0,0,0
1999.5,1,0,1,1,1,15,0,0,0,0,0,0,0,0,0,0,0,0,0,0,0
1999.5,1,0,1,1,1,20,0,0,0,0,0,0,0,0,0,0,0,0,0,0,0
1999.5,1,0,1,1,1,25,0,0,0,0,0,0,0,0,0,0,0,0,0,0,0
1999.5,1,0,1,1,1,30,0,0,0,0,0,0,0,0,0,0,0,0,0,0,0
1999.5,1,0,1,1,1,35,0,0,0,0,0,0,0,0,0,0,0,0,0,0,0
1999.5,1,0,1,1,1,40,0,0,0,0,0,0,0,0,0,0,0,0,0,0,0
1999.5,1,0,1,1,1,45,0,0,0,0,0,0,0,0,0,0,0,0,0,0,0
1999.5,1,0,1,1,1,50,0,0,0,0,0,0,0,0,0,0,0,0,0,0,0
1999.5,1,0,1,1,1,55,0,0,0,0,0,0,0,0,0,0,0,0,0,0,0
1999.5,1,0,1,1,1,60,0,0,0,0,0,0,0,0,0,0,0,0,0,0,0
1999.5,1,0,1,1,1,100,0,0,0,0,0,0,0,0,0,0,0,0,0,0,0
1999.5,1,1,0,0,0,0,4556,0,0,0,20,0,0,0,0,0,0,0,0,0,0
1999.5,1,1,0,0,0,5,4286,0,0,0,1,0,0,0,0,0,0,0,0,0,0
1999.5,1,1,0,0,0,10,4305,0,0,0,2,0,0,0,0,0,0,0,0,0,0
1999.5,1,1,0,0,0,15,3404,0,0,0,0,0,2,2,0,0,1,0,0,0,0
1999.5,1,1,0,0,0,20,2213,0,0,0,2,0,3,7,0,0,3,0,0,0,0
1999.5,1,1,0,0,0,25,1586,0,0,0,1,0,5,8,0,0,4,0,0,0,0
1999.5,1,1,0,0,0,30,1341,0,0,0,1,0,2,3,0,0,1,0,0,0,0
1999.5,1,1,0,0,0,35,848,0,0,0,2,0,0,1,0,0,0,0,0,0,0
1999.5,1,1,0,0,0,40,478,0,0,0,0,0,0,0,0,0,0,0,0,0,0
1999.5,1,1,0,0,0,45,512,0,0,0,5,0,0,0,0,0,0,0,0,0,0
1999.5,1,1,0,0,0,50,538,0,0,0,4,0,0,0,0,0,0,0,0,0,0
1999.5,1,1,0,0,0,55,623,0,0,0,4,0,0,0,0,0,0,0,0,0,0
1999.5,1,1,0,0,0,60,1504,0,0,0,27,0,0,0,0,0,0,0,0,0,0
1999.5,1,1,0,0,0,100,2,0,0,0,0,0,0,0,0,0,0,0,0,0,0
1999.5,1,1,0,0,1,0,0,0,0,0,0,0,0,0,0,0,0,0,0,0,0
1999.5,1,1,0,0,1,5,0,0,0,0,0,0,0,0,0,0,0,0,0,0,0
1999.5,1,1,0,0,1,10,0,0,0,0,0,0,0,0,0,0,0,0,0,0,0
1999.5,1,1,0,0,1,15,0,0,0,0,0,0,0,0,0,0,0,0,0,0,0
1999.5,1,1,0,0,1,20,0,0,0,0,0,0,0,0,0,0,0,0,0,0,0
1999.5,1,1,0,0,1,25,0,0,0,0,0,0,0,0,0,0,0,0,0,0,0
1999.5,1,1,0,0,1,30,0,0,0,0,0,0,0,0,0,0,0,0,0,0,0
1999.5,1,1,0,0,1,35,0,0,0,0,0,0,0,0,0,0,0,0,0,0,0
1999.5,1,1,0,0,1,40,0,0,0,0,0,0,0,0,0,0,0,0,0,0,0
1999.5,1,1,0,0,1,45,0,0,0,0,0,0,0,0,0,0,0,0,0,0,0
1999.5,1,1,0,0,1,50,0,0,0,0,0,0,0,0,0,0,0,0,0,0,0
1999.5,1,1,0,0,1,55,0,0,0,0,0,0,0,0,0,0,0,0,0,0,0
1999.5,1,1,0,0,1,60,0,0,0,0,0,0,0,0,0,0,0,0,0,0,0
1999.5,1,1,0,0,1,100,0,0,0,0,0,0,0,0,0,0,0,0,0,0,0
1999.5,1,1,0,1,0,0,203,203,43,0,22,21,6,7,7,5,0,0,0,0,0
1999.5,1,1,0,1,0,5,133,133,0,0,4,4,2,5,5,0,0,0,0,0,0
1999.5,1,1,0,1,0,10,62,62,6,0,4,4,2,4,4,2,0,0,0,0,0
1999.5,1,1,0,1,0,15,246,246,38,0,5,5,2,4,4,2,0,23,0,0,0
1999.5,1,1,0,1,0,20,674,674,63,0,7,7,6,12,11,5,0,27,0,0,0
1999.5,1,1,0,1,0,25,908,908,32,0,26,26,12,26,26,5,0,34,0,0,0
1999.5,1,1,0,1,0,30,879,879,34,0,24,21,23,38,37,12,0,25,0,0,0
1999.5,1,1,0,1,0,35,655,655,22,0,30,28,14,28,28,4,0,25,0,0,0
1999.5,1,1,0,1,0,40,261,261,4,0,20,16,11,16,16,5,0,8,0,0,0
1999.5,1,1,0,1,0,45,173,173,7,0,12,12,7,9,9,3,0,5,0,0,0
1999.5,1,1,0,1,0,50,126,126,3,0,10,9,6,9,9,2,0,2,0,0,0
1999.5,1,1,0,1,0,55,76,76,7,0,6,6,6,8,8,5,0,0,0,0,0
1999.5,1,1,0,1,0,60,145,145,14,0,6,4,4,6,6,1,0,2,0,0,0
1999.5,1,1,0,1,0,100,0,0,0,0,0,0,0,0,0,0,0,0,0,0,0
1999.5,1,1,0,1,1,0,0,0,0,0,0,0,0,0,0,0,0,0,0,0,0
1999.5,1,1,0,1,1,5,0,0,0,0,0,0,0,0,0,0,0,0,0,0,0
1999.5,1,1,0,1,1,10,0,0,0,0,0,0,0,0,0,0,0,0,0,0,0
1999.5,1,1,0,1,1,15,0,0,0,0,0,0,0,0,0,0,0,0,0,0,0
1999.5,1,1,0,1,1,20,0,0,0,0,0,0,0,0,0,0,0,0,0,0,0
1999.5,1,1,0,1,1,25,0,0,0,0,0,0,0,0,0,0,0,0,0,0,0
1999.5,1,1,0,1,1,30,0,0,0,0,0,0,0,0,0,0,0,0,0,0,0
1999.5,1,1,0,1,1,35,0,0,0,0,0,0,0,0,0,0,0,0,0,0,0
1999.5,1,1,0,1,1,40,0,0,0,0,0,0,0,0,0,0,0,0,0,0,0
1999.5,1,1,0,1,1,45,0,0,0,0,0,0,0,0,0,0,0,0,0,0,0
1999.5,1,1,0,1,1,50,0,0,0,0,0,0,0,0,0,0,0,0,0,0,0
1999.5,1,1,0,1,1,55,0,0,0,0,0,0,0,0,0,0,0,0,0,0,0
1999.5,1,1,0,1,1,60,0,0,0,0,0,0,0,0,0,0,0,0,0,0,0
1999.5,1,1,0,1,1,100,0,0,0,0,0,0,0,0,0,0,0,0,0,0,0
2000,1,0,0,0,0,0,4445,0,0,0,25,0,0,0,0,0,0,0,0,0,0
2000,1,0,0,0,0,5,4266,0,0,0,2,0,0,0,0,0,0,0,0,0,0
2000,1,0,0,0,0,10,4183,0,0,0,1,0,0,0,0,0,0,0,0,0,1
2000,1,0,0,0,0,15,3347,0,0,0,4,0,0,0,0,0,0,0,0,0,4
2000,1,0,0,0,0,20,2501,0,0,0,3,0,0,0,0,0,0,0,0,0,14
2000,1,0,0,0,0,25,1839,0,0,0,5,0,0,0,0,0,0,0,0,0,4
2000,1,0,0,0,0,30,1370,0,0,0,1,0,0,0,0,0,0,0,0,0,0
2000,1,0,0,0,0,35,1012,0,0,0,6,0,0,0,0,0,0,0,0,0,0
2000,1,0,0,0,0,40,441,0,0,0,0,0,0,0,0,0,0,0,0,0,0
2000,1,0,0,0,0,45,413,0,0,0,1,0,0,0,0,0,0,0,0,0,0
2000,1,0,0,0,0,50,421,0,0,0,2,0,0,0,0,0,0,0,0,0,0
2000,1,0,0,0,0,55,455,0,0,0,5,0,0,0,0,0,0,0,0,0,0
2000,1,0,0,0,0,60,938,0,0,0,33,0,0,0,0,0,0,0,0,0,0
2000,1,0,0,0,0,100,0,0,0,0,0,0,0,0,0,0,0,0,0,0,0
2000,1,0,0,0,1,0,0,0,0,0,0,0,0,0,0,0,0,0,0,0,0
2000,1,0,0,0,1,5,0,0,0,0,0,0,0,0,0,0,0,0,0,0,0
2000,1,0,0,0,1,10,0,0,0,0,0,0,0,0,0,0,0,0,0,0,0
2000,1,0,0,0,1,15,0,0,0,0,0,0,0,0,0,0,0,0,0,0,0
2000,1,0,0,0,1,20,0,0,0,0,0,0,0,0,0,0,0,0,0,0,0
2000,1,0,0,0,1,25,0,0,0,0,0,0,0,0,0,0,0,0,0,0,0
2000,1,0,0,0,1,30,0,0,0,0,0,0,0,0,0,0,0,0,0,0,0
2000,1,0,0,0,1,35,0,0,0,0,0,0,0,0,0,0,0,0,0,0,0
2000,1,0,0,0,1,40,0,0,0,0,0,0,0,0,0,0,0,0,0,0,0
2000,1,0,0,0,1,45,0,0,0,0,0,0,0,0,0,0,0,0,0,0,0
2000,1,0,0,0,1,50,0,0,0,0,0,0,0,0,0,0,0,0,0,0,0
2000,1,0,0,0,1,55,0,0,0,0,0,0,0,0,0,0,0,0,0,0,0
2000,1,0,0,0,1,60,0,0,0,0,0,0,0,0,0,0,0,0,0,0,0
2000,1,0,0,0,1,100,0,0,0,0,0,0,0,0,0,0,0,0,0,0,0
2000,1,0,0,1,0,0,243,243,55,0,19,15,10,11,11,10,0,0,0,0,0
2000,1,0,0,1,0,5,115,115,0,0,3,3,3,4,4,2,0,0,0,0,0
2000,1,0,0,1,0,10,50,50,0,0,3,3,0,2,2,0,0,0,0,0,0
2000,1,0,0,1,0,15,34,34,12,0,0,0,0,0,0,0,0,7,0,0,0
2000,1,0,0,1,0,20,215,215,30,0,4,3,5,6,6,2,0,34,0,0,1
2000,1,0,0,1,0,25,515,515,28,0,12,11,5,11,11,2,0,55,0,0,0
2000,1,0,0,1,0,30,562,562,28,0,20,20,14,20,20,9,0,47,0,0,0
2000,1,0,0,1,0,35,474,474,20,0,17,16,7,17,17,2,0,18,0,0,0
2000,1,0,0,1,0,40,241,241,12,0,13,12,8,10,10,6,0,31,0,0,0
2000,1,0,0,1,0,45,181,181,4,0,12,12,4,10,10,2,0,14,0,0,0
2000,1,0,0,1,0,50,89,89,2,0,15,14,4,8,8,3,0,6,0,0,0
2000,1,0,0,1,0,55,50,50,2,0,3,2,2,4,4,2,0,2,0,0,0
2000,1,0,0,1,0,60,109,109,9,0,12,9,4,7,7,2,0,11,0,0,0
2000,1,0,0,1,0,100,0,0,0,0,0,0,0,0,0,0,0,0,0,0,0
2000,1,0,0,1,1,0,0,0,0,0,0,0,0,0,0,0,0,0,0,0,0
2000,1,0,0,1,1,5,0,0,0,0,0,0,0,0,0,0,0,0,0,0,0
2000,1,0,0,1,1,10,0,0,0,0,0,0,0,0,0,0,0,0,0,0,0
2000,1,0,0,1,1,15,0,0,0,0,0,0,0,0,0,0,0,0,0,0,0
2000,1,0,0,1,1,20,0,0,0,0,0,0,0,0,0,0,0,0,0,0,0
2000,1,0,0,1,1,25,0,0,0,0,0,0,0,0,0,0,0,0,0,0,0
2000,1,0,0,1,1,30,0,0,0,0,0,0,0,0,0,0,0,0,0,0,0
2000,1,0,0,1,1,35,0,0,0,0,0,0,0,0,0,0,0,0,0,0,0
2000,1,0,0,1,1,40,0,0,0,0,0,0,0,0,0,0,0,0,0,0,0
2000,1,0,0,1,1,45,0,0,0,0,0,0,0,0,0,0,0,0,0,0,0
2000,1,0,0,1,1,50,0,0,0,0,0,0,0,0,0,0,0,0,0,0,0
2000,1,0,0,1,1,55,0,0,0,0,0,0,0,0,0,0,0,0,0,0,0
2000,1,0,0,1,1,60,0,0,0,0,0,0,0,0,0,0,0,0,0,0,0
2000,1,0,0,1,1,100,0,0,0,0,0,0,0,0,0,0,0,0,0,0,0
2000,1,0,1,0,0,0,0,0,0,0,0,0,0,0,0,0,0,0,0,0,0
2000,1,0,1,0,0,5,1,0,0,0,0,0,0,0,0,0,0,0,0,0,0
2000,1,0,1,0,0,10,21,0,0,0,0,0,0,0,0,0,0,0,0,0,0
2000,1,0,1,0,0,15,77,0,0,0,0,0,0,0,0,0,0,0,0,0,0
2000,1,0,1,0,0,20,185,0,0,0,0,0,0,0,0,0,0,0,0,0,0
2000,1,0,1,0,0,25,192,0,0,0,0,0,0,0,0,0,0,0,0,0,0
2000,1,0,1,0,0,30,206,0,0,0,0,0,0,0,0,0,0,0,0,0,0
2000,1,0,1,0,0,35,147,0,0,0,2,0,0,0,0,0,0,0,0,0,0
2000,1,0,1,0,0,40,53,0,0,0,0,0,0,0,0,0,0,0,0,0,0
2000,1,0,1,0,0,45,37,0,0,0,0,0,0,0,0,0,0,0,0,0,0
2000,1,0,1,0,0,50,45,0,0,0,0,0,0,0,0,0,0,0,0,0,0
2000,1,0,1,0,0,55,37,0,0,0,1,0,0,0,0,0,0,0,0,0,0
2000,1,0,1,0,0,60,86,0,0,0,6,0,0,0,0,0,0,0,0,0,0
2000,1,0,1,0,0,100,0,0,0,0,0,0,0,0,0,0,0,0,0,0,0
2000,1,0,1,0,1,0,0,0,0,0,0,0,0,0,0,0,0,0,0,0,0
2000,1,0,1,0,1,5,0,0,0,0,0,0,0,0,0,0,0,0,0,0,0
2000,1,0,1,0,1,10,0,0,0,0,0,0,0,0,0,0,0,0,0,0,0
2000,1,0,1,0,1,15,0,0,0,0,0,0,0,0,0,0,0,0,0,0,0
2000,1,0,1,0,1,20,0,0,0,0,0,0,0,0,0,0,0,0,0,0,0
2000,1,0,1,0,1,25,0,0,0,0,0,0,0,0,0,0,0,0,0,0,0
2000,1,0,1,0,1,30,0,0,0,0,0,0,0,0,0,0,0,0,0,0,0
2000,1,0,1,0,1,35,0,0,0,0,0,0,0,0,0,0,0,0,0,0,0
2000,1,0,1,0,1,40,0,0,0,0,0,0,0,0,0,0,0,0,0,0,0
2000,1,0,1,0,1,45,0,0,0,0,0,0,0,0,0,0,0,0,0,0,0
2000,1,0,1,0,1,50,0,0,0,0,0,0,0,0,0,0,0,0,0,0,0
2000,1,0,1,0,1,55,0,0,0,0,0,0,0,0,0,0,0,0,0,0,0
2000,1,0,1,0,1,60,0,0,0,0,0,0,0,0,0,0,0,0,0,0,0
2000,1,0,1,0,1,100,0,0,0,0,0,0,0,0,0,0,0,0,0,0,0
2000,1,0,1,1,0,0,0,0,0,0,0,0,0,0,0,0,0,0,0,0,0
2000,1,0,1,1,0,5,0,0,0,0,0,0,0,0,0,0,0,0,0,0,0
2000,1,0,1,1,0,10,0,0,0,0,0,0,0,0,0,0,0,0,0,0,0
2000,1,0,1,1,0,15,1,1,0,0,0,0,0,0,0,0,0,0,0,0,0
2000,1,0,1,1,0,20,17,17,0,0,0,0,0,0,0,0,0,0,0,0,0
2000,1,0,1,1,0,25,39,39,1,0,0,0,1,1,1,1,0,3,0,0,0
2000,1,0,1,1,0,30,51,51,1,0,1,1,0,2,2,0,0,4,0,0,0
2000,1,0,1,1,0,35,41,41,1,0,4,4,1,2,2,1,0,5,0,0,0
2000,1,0,1,1,0,40,20,20,1,0,1,1,2,3,3,0,0,4,0,0,0
2000,1,0,1,1,0,45,13,13,0,0,0,0,0,1,1,0,0,0,0,0,0
2000,1,0,1,1,0,50,9,9,0,0,2,2,0,0,0,0,0,1,0,0,0
2000,1,0,1,1,0,55,3,3,1,0,0,0,0,0,0,0,0,0,0,0,0
2000,1,0,1,1,0,60,8,8,1,0,0,0,0,1,1,0,0,2,0,0,0
2000,1,0,1,1,0,100,0,0,0,0,0,0,0,0,0,0,0,0,0,0,0
2000,1,0,1,1,1,0,0,0,0,0,0,0,0,0,0,0,0,0,0,0,0
2000,1,0,1,1,1,5,0,0,0,0,0,0,0,0,0,0,0,0,0,0,0
2000,1,0,1,1,1,10,0,0,0,0,0,0,0,0,0,0,0,0,0,0,0
2000,1,0,1,1,1,15,0,0,0,0,0,0,0,0,0,0,0,0,0,0,0
2000,1,0,1,1,1,20,0,0,0,0,0,0,0,0,0,0,0,0,0,0,0
2000,1,0,1,1,1,25,0,0,0,0,0,0,0,0,0,0,0,0,0,0,0
2000,1,0,1,1,1,30,0,0,0,0,0,0,0,0,0,0,0,0,0,0,0
2000,1,0,1,1,1,35,0,0,0,0,0,0,0,0,0,0,0,0,0,0,0
2000,1,0,1,1,1,40,0,0,0,0,0,0,0,0,0,0,0,0,0,0,0
2000,1,0,1,1,1,45,0,0,0,0,0,0,0,0,0,0,0,0,0,0,0
2000,1,0,1,1,1,50,0,0,0,0,0,0,0,0,0,0,0,0,0,0,0
2000,1,0,1,1,1,55,0,0,0,0,0,0,0,0,0,0,0,0,0,0,0
2000,1,0,1,1,1,60,0,0,0,0,0,0,0,0,0,0,0,0,0,0,0
2000,1,0,1,1,1,100,0,0,0,0,0,0,0,0,0,0,0,0,0,0,0
2000,1,1,0,0,0,0,4562,0,0,0,27,0,0,0,0,0,0,0,0,0,0
2000,1,1,0,0,0,5,4361,0,0,0,2,0,0,0,0,0,0,0,0,0,0
2000,1,1,0,0,0,10,4315,0,0,0,3,0,0,0,0,0,0,0,0,0,0
2000,1,1,0,0,0,15,3497,0,0,0,1,0,2,3,0,0,1,0,0,0,0
2000,1,1,0,0,0,20,2234,0,0,0,1,0,5,9,0,0,3,0,0,0,0
2000,1,1,0,0,0,25,1584,0,0,0,2,0,6,10,0,0,2,0,0,0,0
2000,1,1,0,0,0,30,1324,0,0,0,5,0,2,4,0,0,1,0,0,0,0
2000,1,1,0,0,0,35,903,0,0,0,0,0,0,0,0,0,0,0,0,0,0
2000,1,1,0,0,0,40,450,0,0,0,3,0,0,0,0,0,0,0,0,0,0
2000,1,1,0,0,0,45,496,0,0,0,1,0,0,0,0,0,0,0,0,0,0
2000,1,1,0,0,0,50,539,0,0,0,2,0,0,0,0,0,0,0,0,0,0
2000,1,1,0,0,0,55,620,0,0,0,4,0,0,0,0,0,0,0,0,0,0
2000,1,1,0,0,0,60,1515,0,0,0,27,0,0,0,0,0,0,0,0,0,0
2000,1,1,0,0,0,100,2,0,0,0,0,0,0,0,0,0,0,0,0,0,0
2000,1,1,0,0,1,0,0,0,0,0,0,0,0,0,0,0,0,0,0,0,0
2000,1,1,0,0,1,5,0,0,0,0,0,0,0,0,0,0,0,0,0,0,0
2000,1,1,0,0,1,10,0,0,0,0,0,0,0,0,0,0,0,0,0,0,0
2000,1,1,0,0,1,15,0,0,0,0,0,0,0,0,0,0,0,0,0,0,0
2000,1,1,0,0,1,20,0,0,0,0,0,0,0,0,0,0,0,0,0,0,0
2000,1,1,0,0,1,25,0,0,0,0,0,0,0,0,0,0,0,0,0,0,0
2000,1,1,0,0,1,30,0,0,0,0,0,0,0,0,0,0,0,0,0,0,0
2000,1,1,0,0,1,35,0,0,0,0,0,0,0,0,0,0,0,0,0,0,0
2000,1,1,0,0,1,40,0,0,0,0,0,0,0,0,0,0,0,0,0,0,0
2000,1,1,0,0,1,45,0,0,0,0,0,0,0,0,0,0,0,0,0,0,0
2000,1,1,0,0,1,50,0,0,0,0,0,0,0,0,0,0,0,0,0,0,0
2000,1,1,0,0,1,55,0,0,0,0,0,0,0,0,0,0,0,0,0,0,0
2000,1,1,0,0,1,60,0,0,0,0,0,0,0,0,0,0,0,0,0,0,0
2000,1,1,0,0,1,100,0,0,0,0,0,0,0,0,0,0,0,0,0,0,0
2000,1,1,0,1,0,0,216,216,49,0,19,17,9,10,10,6,0,0,0,0,0
2000,1,1,0,1,0,5,141,141,0,0,2,2,2,6,6,2,0,0,0,0,0
2000,1,1,0,1,0,10,67,67,10,0,2,2,1,3,3,2,0,3,0,0,0
2000,1,1,0,1,0,15,235,235,37,0,9,8,5,5,5,1,0,19,0,0,0
2000,1,1,0,1,0,20,691,691,52,0,8,6,9,16,15,5,0,29,0,0,0
2000,1,1,0,1,0,25,896,896,40,0,28,27,18,29,28,14,0,37,0,0,0
2000,1,1,0,1,0,30,907,907,38,0,25,23,23,41,40,12,0,24,0,0,0
2000,1,1,0,1,0,35,708,708,30,0,36,34,13,32,31,9,0,23,0,0,0
2000,1,1,0,1,0,40,261,261,7,0,15,14,9,16,16,5,0,7,0,0,0
2000,1,1,0,1,0,45,169,169,6,0,11,11,11,12,12,6,0,6,0,0,0
2000,1,1,0,1,0,50,122,122,8,0,15,15,7,9,9,5,0,2,0,0,0
2000,1,1,0,1,0,55,79,79,5,0,7,7,5,6,6,1,0,2,0,0,0
2000,1,1,0,1,0,60,150,150,11,0,13,9,8,9,9,7,0,1,0,0,0
2000,1,1,0,1,0,100,0,0,0,0,0,0,0,0,0,0,0,0,0,0,0
2000,1,1,0,1,1,0,0,0,0,0,0,0,0,0,0,0,0,0,0,0,0
2000,1,1,0,1,1,5,0,0,0,0,0,0,0,0,0,0,0,0,0,0,0
2000,1,1,0,1,1,10,0,0,0,0,0,0,0,0,0,0,0,0,0,0,0
2000,1,1,0,1,1,15,0,0,0,0,0,0,0,0,0,0,0,0,0,0,0
2000,1,1,0,1,1,20,0,0,0,0,0,0,0,0,0,0,0,0,0,0,0
2000,1,1,0,1,1,25,0,0,0,0,0,0,0,0,0,0,0,0,0,0,0
2000,1,1,0,1,1,30,0,0,0,0,0,0,0,0,0,0,0,0,0,0,0
2000,1,1,0,1,1,35,0,0,0,0,0,0,0,0,0,0,0,0,0,0,0
2000,1,1,0,1,1,40,0,0,0,0,0,0,0,0,0,0,0,0,0,0,0
2000,1,1,0,1,1,45,0,0,0,0,0,0,0,0,0,0,0,0,0,0,0
2000,1,1,0,1,1,50,0,0,0,0,0,0,0,0,0,0,0,0,0,0,0
2000,1,1,0,1,1,55,0,0,0,0,0,0,0,0,0,0,0,0,0,0,0
2000,1,1,0,1,1,60,0,0,0,0,0,0,0,0,0,0,0,0,0,0,0
2000,1,1,0,1,1,100,0,0,0,0,0,0,0,0,0,0,0,0,0,0,0
2000.5,1,0,0,0,0,0,4464,0,0,0,37,0,0,0,0,0,0,0,0,0,0
2000.5,1,0,0,0,0,5,4217,0,0,0,5,0,0,0,0,0,0,0,0,0,2
2000.5,1,0,0,0,0,10,4268,0,0,0,2,0,0,0,0,0,0,0,0,0,2
2000.5,1,0,0,0,0,15,3424,0,0,0,6,0,0,0,0,0,0,0,0,0,8
2000.5,1,0,0,0,0,20,2538,0,0,0,5,0,0,0,0,0,0,0,0,0,18
2000.5,1,0,0,0,0,25,1861,0,0,0,2,0,0,0,0,0,0,0,0,0,5
2000.5,1,0,0,0,0,30,1376,0,0,0,1,0,0,0,0,0,0,0,0,0,0
2000.5,1,0,0,0,0,35,1068,0,0,0,6,0,0,0,0,0,0,0,0,0,0
2000.5,1,0,0,0,0,40,442,0,0,0,3,0,0,0,0,0,0,0,0,0,0
2000.5,1,0,0,0,0,45,397,0,0,0,2,0,0,0,0,0,0,0,0,0,0
2000.5,1,0,0,0,0,50,414,0,0,0,5,0,0,0,0,0,0,0,0,0,0
2000.5,1,0,0,0,0,55,444,0,0,0,6,0,0,0,0,0,0,0,0,0,0
2000.5,1,0,0,0,0,60,941,0,0,0,33,0,0,0,0,0,0,0,0,0,0
2000.5,1,0,0,0,0,100,0,0,0,0,0,0,0,0,0,0,0,0,0,0,0
2000.5,1,0,0,0,1,0,0,0,0,0,0,0,0,0,0,0,0,0,0,0,0
2000.5,1,0,0,0,1,5,0,0,0,0,0,0,0,0,0,0,0,0,0,0,0
2000.5,1,0,0,0,1,10,0,0,0,0,0,0,0,0,0,0,0,0,0,0,0
2000.5,1,0,0,0,1,15,0,0,0,0,0,0,0,0,0,0,0,0,0,0,0
2000.5,1,0,0,0,1,20,0,0,0,0,0,0,0,0,0,0,0,0,0,0,0
2000.5,1,0,0,0,1,25,0,0,0,0,0,0,0,0,0,0,0,0,0,0,0
2000.5,1,0,0,0,1,30,0,0,0,0,0,0,0,0,0,0,0,0,0,0,0
2000.5,1,0,0,0,1,35,0,0,0,0,0,0,0,0,0,0,0,0,0,0,0
2000.5,1,0,0,0,1,40,0,0,0,0,0,0,0,0,0,0,0,0,0,0,0
2000.5,1,0,0,0,1,45,0,0,0,0,0,0,0,0,0,0,0,0,0,0,0
2000.5,1,0,0,0,1,50,0,0,0,0,0,0,0,0,0,0,0,0,0,0,0
2000.5,1,0,0,0,1,55,0,0,0,0,0,0,0,0,0,0,0,0,0,0,0
2000.5,1,0,0,0,1,60,0,0,0,0,0,0,0,0,0,0,0,0,0,0,0
2000.5,1,0,0,0,1,100,0,0,0,0,0,0,0,0,0,0,0,0,0,0,0
2000.5,1,0,0,1,0,0,242,242,47,0,34,31,11,12,12,8,0,0,0,0,0
2000.5,1,0,0,1,0,5,120,120,0,0,5,5,2,2,2,0,0,0,0,0,0
2000.5,1,0,0,1,0,10,54,54,1,0,3,3,0,0,0,0,0,0,0,0,1
2000.5,1,0,0,1,0,15,46,46,12,0,0,0,0,0,0,0,0,7,0,0,0
2000.5,1,0,0,1,0,20,208,208,26,0,1,1,2,5,5,0,0,26,0,0,1
2000.5,1,0,0,1,0,25,500,500,20,0,9,9,6,11,11,5,0,61,0,0,1
2000.5,1,0,0,1,0,30,574,574,26,0,18,16,18,26,26,11,0,53,0,0,0
2000.5,1,0,0,1,0,35,494,494,13,0,24,21,12,21,21,11,0,32,0,0,0
2000.5,1,0,0,1,0,40,234,234,13,0,13,12,9,12,12,4,0,17,0,0,0
2000.5,1,0,0,1,0,45,199,199,7,0,8,6,7,11,11,4,0,7,0,0,0
2000.5,1,0,0,1,0,50,86,86,2,0,7,6,3,7,7,2,0,10,0,0,0
2000.5,1,0,0,1,0,55,43,43,3,0,8,5,3,4,4,3,0,3,0,0,0
2000.5,1,0,0,1,0,60,112,112,9,0,14,12,10,13,13,7,0,10,0,0,0
2000.5,1,0,0,1,0,100,0,0,0,0,0,0,0,0,0,0,0,0,0,0,0
2000.5,1,0,0,1,1,0,0,0,0,0,0,0,0,0,0,0,0,0,0,0,0
2000.5,1,0,0,1,1,5,0,0,0,0,0,0,0,0,0,0,0,0,0,0,0
2000.5,1,0,0,1,1,10,0,0,0,0,0,0,0,0,0,0,0,0,0,0,0
2000.5,1,0,0,1,1,15,0,0,0,0,0,0,0,0,0,0,0,0,0,0,0
2000.5,1,0,0,1,1,20,0,0,0,0,0,0,0,0,0,0,0,0,0,0,0
2000.5,1,0,0,1,1,25,0,0,0,0,0,0,0,0,0,0,0,0,0,0,0
2000.5,1,0,0,1,1,30,0,0,0,0,0,0,0,0,0,0,0,0,0,0,0
2000.5,1,0,0,1,1,35,0,0,0,0,0,0,0,0,0,0,0,0,0,0,0
2000.5,1,0,0,1,1,40,0,0,0,0,0,0,0,0,0,0,0,0,0,0,0
2000.5,1,0,0,1,1,45,0,0,0,0,0,0,0,0,0,0,0,0,0,0,0
2000.5,1,0,0,1,1,50,0,0,0,0,0,0,0,0,0,0,0,0,0,0,0
2000.5,1,0,0,1,1,55,0,0,0,0,0,0,0,0,0,0,0,0,0,0,0
2000.5,1,0,0,1,1,60,0,0,0,0,0,0,0,0,0,0,0,0,0,0,0
2000.5,1,0,0,1,1,100,0,0,0,0,0,0,0,0,0,0,0,0,0,0,0
2000.5,1,0,1,0,0,0,0,0,0,0,0,0,0,0,0,0,0,0,0,0,0
2000.5,1,0,1,0,0,5,3,0,0,0,0,0,0,0,0,0,0,0,0,0,0
2000.5,1,0,1,0,0,10,15,0,0,0,0,0,0,0,0,0,0,0,0,0,0
2000.5,1,0,1,0,0,15,74,0,0,0,0,0,0,0,0,0,0,0,0,0,0
2000.5,1,0,1,0,0,20,197,0,0,0,0,0,0,0,0,0,0,0,0,0,0
2000.5,1,0,1,0,0,25,201,0,0,0,1,0,0,0,0,0,0,0,0,0,0
2000.5,1,0,1,0,0,30,202,0,0,0,1,0,0,0,0,0,0,0,0,0,0
2000.5,1,0,1,0,0,35,156,0,0,0,0,0,0,0,0,0,0,0,0,0,0
2000.5,1,0,1,0,0,40,56,0,0,0,0,0,0,0,0,0,0,0,0,0,0
2000.5,1,0,1,0,0,45,38,0,0,0,0,0,0,0,0,0,0,0,0,0,0
2000.5,1,0,1,0,0,50,37,0,0,0,0,0,0,0,0,0,0,0,0,0,0
2000.5,1,0,1,0,0,55,41,0,0,0,0,0,0,0,0,0,0,0,0,0,0
2000.5,1,0,1,0,0,60,83,0,0,0,5,0,0,0,0,0,0,0,0,0,0
2000.5,1,0,1,0,0,100,0,0,0,0,0,0,0,0,0,0,0,0,0,0,0
2000.5,1,0,1,0,1,0,0,0,0,0,0,0,0,0,0,0,0,0,0,0,0
2000.5,1,0,1,0,1,5,0,0,0,0,0,0,0,0,0,0,0,0,0,0,0
2000.5,1,0,1,0,1,10,0,0,0,0,0,0,0,0,0,0,0,0,0,0,0
2000.5,1,0,1,0,1,15,0,0,0,0,0,0,0,0,0,0,0,0,0,0,0
2000.5,1,0,1,0,1,20,0,0,0,0,0,0,0,0,0,0,0,0,0,0,0
2000.5,1,0,1,0,1,25,0,0,0,0,0,0,0,0,0,0,0,0,0,0,0
2000.5,1,0,1,0,1,30,0,0,0,0,0,0,0,0,0,0,0,0,0,0,0
2000.5,1,0,1,0,1,35,0,0,0,0,0,0,0,0,0,0,0,0,0,0,0
2000.5,1,0,1,0,1,40,0,0,0,0,0,0,0,0,0,0,0,0,0,0,0
2000.5,1,0,1,0,1,45,0,0,0,0,0,0,0,0,0,0,0,0,0,0,0
2000.5,1,0,1,0,1,50,0,0,0,0,0,0,0,0,0,0,0,0,0,0,0
2000.5,1,0,1,0,1,55,0,0,0,0,0,0,0,0,0,0,0,0,0,0,0
2000.5,1,0,1,0,1,60,0,0,0,0,0,0,0,0,0,0,0,0,0,0,0
2000.5,1,0,1,0,1,100,0,0,0,0,0,0,0,0,0,0,0,0,0,0,0
2000.5,1,0,1,1,0,0,0,0,0,0,0,0,0,0,0,0,0,0,0,0,0
2000.5,1,0,1,1,0,5,0,0,0,0,0,0,0,0,0,0,0,0,0,0,0
2000.5,1,0,1,1,0,10,1,1,0,0,0,0,0,0,0,0,0,0,0,0,0
2000.5,1,0,1,1,0,15,1,1,0,0,0,0,0,0,0,0,0,0,0,0,0
2000.5,1,0,1,1,0,20,13,13,2,0,0,0,0,0,0,0,0,5,0,0,0
2000.5,1,0,1,1,0,25,44,44,1,0,1,1,2,2,2,1,0,4,0,0,0
2000.5,1,0,1,1,0,30,55,55,5,0,0,0,2,3,3,2,0,6,0,0,0
2000.5,1,0,1,1,0,35,40,40,1,0,2,2,0,1,1,0,0,3,0,0,0
2000.5,1,0,1,1,0,40,19,19,1,0,2,2,0,0,0,0,0,4,0,0,0
2000.5,1,0,1,1,0,45,14,14,1,0,1,1,0,2,2,0,0,0,0,0,0
2000.5,1,0,1,1,0,50,8,8,0,0,0,0,0,0,0,0,0,1,0,0,0
2000.5,1,0,1,1,0,55,4,4,0,0,0,0,0,0,0,0,0,0,0,0,0
2000.5,1,0,1,1,0,60,9,9,1,0,0,0,1,2,2,1,0,0,0,0,0
2000.5,1,0,1,1,0,100,0,0,0,0,0,0,0,0,0,0,0,0,0,0,0
2000.5,1,0,1,1,1,0,0,0,0,0,0,0,0,0,0,0,0,0,0,0,0
2000.5,1,0,1,1,1,5,0,0,0,0,0,0,0,0,0,0,0,0,0,0,0
2000.5,1,0,1,1,1,10,0,0,0,0,0,0,0,0,0,0,0,0,0,0,0
2000.5,1,0,1,1,1,15,0,0,0,0,0,0,0,0,0,0,0,0,0,0,0
2000.5,1,0,1,1,1,20,0,0,0,0,0,0,0,0,0,0,0,0,0,0,0
2000.5,1,0,1,1,1,25,0,0,0,0,0,0,0,0,0,0,0,0,0,0,0
2000.5,1,0,1,1,1,30,0,0,0,0,0,0,0,0,0,0,0,0,0,0,0
2000.5,1,0,1,1,1,35,0,0,0,0,0,0,0,0,0,0,0,0,0,0,0
2000.5,1,0,1,1,1,40,0,0,0,0,0,0,0,0,0,0,0,0,0,0,0
2000.5,1,0,1,1,1,45,0,0,0,0,0,0,0,0,0,0,0,0,0,0,0
2000.5,1,0,1,1,1,50,0,0,0,0,0,0,0,0,0,0,0,0,0,0,0
2000.5,1,0,1,1,1,55,0,0,0,0,0,0,0,0,0,0,0,0,0,0,0
2000.5,1,0,1,1,1,60,0,0,0,0,0,0,0,0,0,0,0,0,0,0,0
2000.5,1,0,1,1,1,100,0,0,0,0,0,0,0,0,0,0,0,0,0,0,0
2000.5,1,1,0,0,0,0,4584,0,0,0,20,0,0,0,0,0,0,0,0,0,0
2000.5,1,1,0,0,0,5,4328,0,0,0,0,0,0,0,0,0,0,0,0,0,0
2000.5,1,1,0,0,0,10,4361,0,0,0,1,0,1,1,0,0,1,0,0,0,0
2000.5,1,1,0,0,0,15,3565,0,0,0,3,0,4,6,0,0,3,0,0,0,0
2000.5,1,1,0,0,0,20,2284,0,0,0,3,0,4,10,0,0,3,0,0,0,0
2000.5,1,1,0,0,0,25,1606,0,0,0,0,0,4,10,0,0,1,0,0,0,0
2000.5,1,1,0,0,0,30,1308,0,0,0,2,0,2,6,0,0,1,0,0,0,0
2000.5,1,1,0,0,0,35,950,0,0,0,0,0,0,0,0,0,0,0,0,0,0
2000.5,1,1,0,0,0,40,451,0,0,0,0,0,0,0,0,0,0,0,0,0,0
2000.5,1,1,0,0,0,45,481,0,0,0,3,0,0,0,0,0,0,0,0,0,0
2000.5,1,1,0,0,0,50,517,0,0,0,1,0,0,0,0,0,0,0,0,0,0
2000.5,1,1,0,0,0,55,610,0,0,0,3,0,0,0,0,0,0,0,0,0,0
2000.5,1,1,0,0,0,60,1542,0,0,0,28,0,0,0,0,0,0,0,0,0,0
2000.5,1,1,0,0,0,100,2,0,0,0,0,0,0,0,0,0,0,0,0,0,0
2000.5,1,1,0,0,1,0,0,0,0,0,0,0,0,0,0,0,0,0,0,0,0
2000.5,1,1,0,0,1,5,0,0,0,0,0,0,0,0,0,0,0,0,0,0,0
2000.5,1,1,0,0,1,10,0,0,0,0,0,0,0,0,0,0,0,0,0,0,0
2000.5,1,1,0,0,1,15,0,0,0,0,0,0,0,0,0,0,0,0,0,0,0
2000.5,1,1,0,0,1,20,0,0,0,0,0,0,0,0,0,0,0,0,0,0,0
2000.5,1,1,0,0,1,25,0,0,0,0,0,0,0,0,0,0,0,0,0,0,0
2000.5,1,1,0,0,1,30,0,0,0,0,0,0,0,0,0,0,0,0,0,0,0
2000.5,1,1,0,0,1,35,0,0,0,0,0,0,0,0,0,0,0,0,0,0,0
2000.5,1,1,0,0,1,40,0,0,0,0,0,0,0,0,0,0,0,0,0,0,0
2000.5,1,1,0,0,1,45,0,0,0,0,0,0,0,0,0,0,0,0,0,0,0
2000.5,1,1,0,0,1,50,0,0,0,0,0,0,0,0,0,0,0,0,0,0,0
2000.5,1,1,0,0,1,55,0,0,0,0,0,0,0,0,0,0,0,0,0,0,0
2000.5,1,1,0,0,1,60,0,0,0,0,0,0,0,0,0,0,0,0,0,0,0
2000.5,1,1,0,0,1,100,0,0,0,0,0,0,0,0,0,0,0,0,0,0,0
2000.5,1,1,0,1,0,0,215,215,45,0,26,26,7,9,9,11,0,0,0,0,0
2000.5,1,1,0,1,0,5,138,138,0,0,2,2,1,4,4,1,0,0,0,0,0
2000.5,1,1,0,1,0,10,88,88,12,0,4,4,5,7,7,3,0,0,0,0,0
2000.5,1,1,0,1,0,15,244,244,44,0,3,3,1,2,2,0,0,15,0,0,0
2000.5,1,1,0,1,0,20,711,711,72,0,10,9,11,15,14,6,0,35,0,0,0
2000.5,1,1,0,1,0,25,902,902,39,0,25,25,20,30,27,11,0,28,0,0,0
2000.5,1,1,0,1,0,30,899,899,26,0,26,24,28,45,44,18,0,26,0,0,0
2000.5,1,1,0,1,0,35,754,754,23,0,35,34,24,35,34,16,0,21,0,0,0
2000.5,1,1,0,1,0,40,262,262,6,0,14,14,5,11,11,3,0,4,0,0,0
2000.5,1,1,0,1,0,45,172,172,6,0,15,15,8,11,11,2,0,11,0,0,0
2000.5,1,1,0,1,0,50,119,119,5,0,8,7,7,9,9,2,0,0,0,0,0
2000.5,1,1,0,1,0,55,81,81,5,0,6,6,3,6,6,2,0,0,0,0,0
2000.5,1,1,0,1,0,60,159,159,11,0,9,6,13,16,16,5,0,4,0,0,0
2000.5,1,1,0,1,0,100,0,0,0,0,0,0,0,0,0,0,0,0,0,0,0
2000.5,1,1,0,1,1,0,0,0,0,0,0,0,0,0,0,0,0,0,0,0,0
2000.5,1,1,0,1,1,5,0,0,0,0,0,0,0,0,0,0,0,0,0,0,0
2000.5,1,1,0,1,1,10,0,0,0,0,0,0,0,0,0,0,0,0,0,0,0
2000.5,1,1,0,1,1,15,0,0,0,0,0,0,0,0,0,0,0,0,0,0,0
2000.5,1,1,0,1,1,20,0,0,0,0,0,0,0,0,0,0,0,0,0,0,0
2000.5,1,1,0,1,1,25,0,0,0,0,0,0,0,0,0,0,0,0,0,0,0
2000.5,1,1,0,1,1,30,0,0,0,0,0,0,0,0,0,0,0,0,0,0,0
2000.5,1,1,0,1,1,35,0,0,0,0,0,0,0,0,0,0,0,0,0,0,0
2000.5,1,1,0,1,1,40,0,0,0,0,0,0,0,0,0,0,0,0,0,0,0
2000.5,1,1,0,1,1,45,0,0,0,0,0,0,0,0,0,0,0,0,0,0,0
2000.5,1,1,0,1,1,50,0,0,0,0,0,0,0,0,0,0,0,0,0,0,0
2000.5,1,1,0,1,1,55,0,0,0,0,0,0,0,0,0,0,0,0,0,0,0
2000.5,1,1,0,1,1,60,0,0,0,0,0,0,0,0,0,0,0,0,0,0,0
2000.5,1,1,0,1,1,100,0,0,0,0,0,0,0,0,0,0,0,0,0,0,0
2001,1,0,0,0,0,0,4477,0,0,0,24,0,0,0,0,0,0,0,0,0,0
2001,1,0,0,0,0,5,4290,0,0,0,5,0,0,0,0,0,0,0,0,0,0
2001,1,0,0,0,0,10,4221,0,0,0,4,0,0,0,0,0,0,0,0,0,3
2001,1,0,0,0,0,15,3510,0,0,0,2,0,0,0,0,0,0,0,0,0,11
2001,1,0,0,0,0,20,2575,0,0,0,4,0,0,0,0,0,0,0,0,0,15
2001,1,0,0,0,0,25,1859,0,0,0,2,0,0,0,0,0,0,0,0,0,6
2001,1,0,0,0,0,30,1375,0,0,0,2,0,0,0,0,0,0,0,0,0,1
2001,1,0,0,0,0,35,1081,0,0,0,1,0,0,0,0,0,0,0,0,0,0
2001,1,0,0,0,0,40,484,0,0,0,1,0,0,0,0,0,0,0,0,0,0
2001,1,0,0,0,0,45,395,0,0,0,3,0,0,0,0,0,0,0,0,0,0
2001,1,0,0,0,0,50,388,0,0,0,6,0,0,0,0,0,0,0,0,0,0
2001,1,0,0,0,0,55,427,0,0,0,6,0,0,0,0,0,0,0,0,0,0
2001,1,0,0,0,0,60,967,0,0,0,23,0,0,0,0,0,0,0,0,0,0
2001,1,0,0,0,0,100,0,0,0,0,0,0,0,0,0,0,0,0,0,0,0
2001,1,0,0,0,1,0,0,0,0,0,0,0,0,0,0,0,0,0,0,0,0
2001,1,0,0,0,1,5,0,0,0,0,0,0,0,0,0,0,0,0,0,0,0
2001,1,0,0,0,1,10,0,0,0,0,0,0,0,0,0,0,0,0,0,0,0
2001,1,0,0,0,1,15,0,0,0,0,0,0,0,0,0,0,0,0,0,0,0
2001,1,0,0,0,1,20,0,0,0,0,0,0,0,0,0,0,0,0,0,0,0
2001,1,0,0,0,1,25,0,0,0,0,0,0,0,0,0,0,0,0,0,0,0
2001,1,0,0,0,1,30,0,0,0,0,0,0,0,0,0,0,0,0,0,0,0
2001,1,0,0,0,1,35,0,0,0,0,0,0,0,0,0,0,0,0,0,0,0
2001,1,0,0,0,1,40,0,0,0,0,0,0,0,0,0,0,0,0,0,0,0
2001,1,0,0,0,1,45,0,0,0,0,0,0,0,0,0,0,0,0,0,0,0
2001,1,0,0,0,1,50,0,0,0,0,0,0,0,0,0,0,0,0,0,0,0
2001,1,0,0,0,1,55,0,0,0,0,0,0,0,0,0,0,0,0,0,0,0
2001,1,0,0,0,1,60,0,0,0,0,0,0,0,0,0,0,0,0,0,0,0
2001,1,0,0,0,1,100,0,0,0,0,0,0,0,0,0,0,0,0,0,0,0
2001,1,0,0,1,0,0,232,232,39,0,26,25,8,9,9,8,0,0,0,0,0
2001,1,0,0,1,0,5,131,131,0,0,1,1,1,2,2,1,0,0,0,0,0
2001,1,0,0,1,0,10,61,61,0,0,3,3,0,1,1,0,0,0,0,0,0
2001,1,0,0,1,0,15,59,59,17,0,1,1,0,0,0,0,0,9,0,0,0
2001,1,0,0,1,0,20,206,206,29,0,4,4,0,2,2,0,0,27,0,0,2
2001,1,0,0,1,0,25,500,500,39,0,6,6,8,13,13,7,0,70,0,0,2
2001,1,0,0,1,0,30,603,603,37,0,17,16,21,30,30,12,0,50,0,0,0
2001,1,0,0,1,0,35,503,503,25,0,23,21,14,19,19,6,0,49,0,0,0
2001,1,0,0,1,0,40,248,248,7,0,13,10,11,16,16,5,0,20,0,0,0
2001,1,0,0,1,0,45,210,210,7,0,14,13,8,12,12,4,0,16,0,0,0
2001,1,0,0,1,0,50,82,82,4,0,9,9,4,7,7,3,0,4,0,0,0
2001,1,0,0,1,0,55,48,48,2,0,4,4,5,5,5,3,0,3,0,0,0
2001,1,0,0,1,0,60,110,110,4,0,8,5,8,12,12,3,0,5,0,0,0
2001,1,0,0,1,0,100,0,0,0,0,0,0,0,0,0,0,0,0,0,0,0
2001,1,0,0,1,1,0,0,0,0,0,0,0,0,0,0,0,0,0,0,0,0
2001,1,0,0,1,1,5,0,0,0,0,0,0,0,0,0,0,0,0,0,0,0
2001,1,0,0,1,1,10,0,0,0,0,0,0,0,0,0,0,0,0,0,0,0
2001,1,0,0,1,1,15,0,0,0,0,0,0,0,0,0,0,0,0,0,0,0
2001,1,0,0,1,1,20,0,0,0,0,0,0,0,0,0,0,0,0,0,0,0
2001,1,0,0,1,1,25,0,0,0,0,0,0,0,0,0,0,0,0,0,0,0
2001,1,0,0,1,1,30,0,0,0,0,0,0,0,0,0,0,0,0,0,0,0
2001,1,0,0,1,1,35,0,0,0,0,0,0,0,0,0,0,0,0,0,0,0
2001,1,0,0,1,1,40,0,0,0,0,0,0,0,0,0,0,0,0,0,0,0
2001,1,0,0,1,1,45,0,0,0,0,0,0,0,0,0,0,0,0,0,0,0
2001,1,0,0,1,1,50,0,0,0,0,0,0,0,0,0,0,0,0,0,0,0
2001,1,0,0,1,1,55,0,0,0,0,0,0,0,0,0,0,0,0,0,0,0
2001,1,0,0,1,1,60,0,0,0,0,0,0,0,0,0,0,0,0,0,0,0
2001,1,0,0,1,1,100,0,0,0,0,0,0,0,0,0,0,0,0,0,0,0
2001,1,0,1,0,0,0,0,0,0,0,0,0,0,0,0,0,0,0,0,0,0
2001,1,0,1,0,0,5,3,0,0,0,0,0,0,0,0,0,0,0,0,0,0
2001,1,0,1,0,0,10,13,0,0,0,0,0,0,0,0,0,0,0,0,0,0
2001,1,0,1,0,0,15,80,0,0,0,0,0,0,0,0,0,0,0,0,0,0
2001,1,0,1,0,0,20,201,0,0,0,0,0,0,0,0,0,0,0,0,0,0
2001,1,0,1,0,0,25,201,0,0,0,0,0,0,0,0,0,0,0,0,0,0
2001,1,0,1,0,0,30,206,0,0,0,0,0,0,0,0,0,0,0,0,0,0
2001,1,0,1,0,0,35,149,0,0,0,0,0,0,0,0,0,0,0,0,0,0
2001,1,0,1,0,0,40,63,0,0,0,1,0,0,0,0,0,0,0,0,0,0
2001,1,0,1,0,0,45,37,0,0,0,0,0,0,0,0,0,0,0,0,0,0
2001,1,0,1,0,0,50,42,0,0,0,0,0,0,0,0,0,0,0,0,0,0
2001,1,0,1,0,0,55,40,0,0,0,0,0,0,0,0,0,0,0,0,0,0
2001,1,0,1,0,0,60,79,0,0,0,6,0,0,0,0,0,0,0,0,0,0
2001,1,0,1,0,0,100,0,0,0,0,0,0,0,0,0,0,0,0,0,0,0
2001,1,0,1,0,1,0,0,0,0,0,0,0,0,0,0,0,0,0,0,0,0
2001,1,0,1,0,1,5,0,0,0,0,0,0,0,0,0,0,0,0,0,0,0
2001,1,0,1,0,1,10,0,0,0,0,0,0,0,0,0,0,0,0,0,0,0
2001,1,0,1,0,1,15,0,0,0,0,0,0,0,0,0,0,0,0,0,0,0
2001,1,0,1,0,1,20,0,0,0,0,0,0,0,0,0,0,0,0,0,0,0
2001,1,0,1,0,1,25,0,0,0,0,0,0,0,0,0,0,0,0,0,0,0
2001,1,0,1,0,1,30,0,0,0,0,0,0,0,0,0,0,0,0,0,0,0
2001,1,0,1,0,1,35,0,0,0,0,0,0,0,0,0,0,0,0,0,0,0
2001,1,0,1,0,1,40,0,0,0,0,0,0,0,0,0,0,0,0,0,0,0
2001,1,0,1,0,1,45,0,0,0,0,0,0,0,0,0,0,0,0,0,0,0
2001,1,0,1,0,1,50,0,0,0,0,0,0,0,0,0,0,0,0,0,0,0
2001,1,0,1,0,1,55,0,0,0,0,0,0,0,0,0,0,0,0,0,0,0
2001,1,0,1,0,1,60,0,0,0,0,0,0,0,0,0,0,0,0,0,0,0
2001,1,0,1,0,1,100,0,0,0,0,0,0,0,0,0,0,0,0,0,0,0
2001,1,0,1,1,0,0,0,0,0,0,0,0,0,0,0,0,0,0,0,0,0
2001,1,0,1,1,0,5,0,0,0,0,0,0,0,0,0,0,0,0,0,0,0
2001,1,0,1,1,0,10,1,1,0,0,0,0,0,0,0,0,0,0,0,0,0
2001,1,0,1,1,0,15,1,1,0,0,0,0,0,0,0,0,0,0,0,0,0
2001,1,0,1,1,0,20,14,14,1,0,0,0,0,0,0,0,0,2,0,0,0
2001,1,0,1,1,0,25,47,47,3,0,1,1,1,1,1,0,0,4,0,0,0
2001,1,0,1,1,0,30,51,51,6,0,3,3,2,3,3,1,0,3,0,0,0
2001,1,0,1,1,0,35,49,49,1,0,3,1,1,1,1,0,0,3,0,0,0
2001,1,0,1,1,0,40,24,24,5,0,1,1,0,0,0,0,0,0,0,0,0
2001,1,0,1,1,0,45,12,12,0,0,1,1,0,1,1,0,0,1,0,0,0
2001,1,0,1,1,0,50,9,9,0,0,0,0,1,1,1,1,0,1,0,0,0
2001,1,0,1,1,0,55,4,4,0,0,0,0,1,1,1,1,0,0,0,0,0
2001,1,0,1,1,0,60,8,8,1,0,2,2,2,2,2,1,0,2,0,0,0
2001,1,0,1,1,0,100,0,0,0,0,0,0,0,0,0,0,0,0,0,0,0
2001,1,0,1,1,1,0,0,0,0,0,0,0,0,0,0,0,0,0,0,0,0
2001,1,0,1,1,1,5,0,0,0,0,0,0,0,0,0,0,0,0,0,0,0
2001,1,0,1,1,1,10,0,0,0,0,0,0,0,0,0,0,0,0,0,0,0
2001,1,0,1,1,1,15,0,0,0,0,0,0,0,0,0,0,0,0,0,0,0
2001,1,0,1,1,1,20,0,0,0,0,0,0,0,0,0,0,0,0,0,0,0
2001,1,0,1,1,1,25,0,0,0,0,0,0,0,0,0,0,0,0,0,0,0
2001,1,0,1,1,1,30,0,0,0,0,0,0,0,0,0,0,0,0,0,0,0
2001,1,0,1,1,1,35,0,0,0,0,0,0,0,0,0,0,0,0,0,0,0
2001,1,0,1,1,1,40,0,0,0,0,0,0,0,0,0,0,0,0,0,0,0
2001,1,0,1,1,1,45,0,0,0,0,0,0,0,0,0,0,0,0,0,0,0
2001,1,0,1,1,1,50,0,0,0,0,0,0,0,0,0,0,0,0,0,0,0
2001,1,0,1,1,1,55,0,0,0,0,0,0,0,0,0,0,0,0,0,0,0
2001,1,0,1,1,1,60,0,0,0,0,0,0,0,0,0,0,0,0,0,0,0
2001,1,0,1,1,1,100,0,0,0,0,0,0,0,0,0,0,0,0,0,0,0
2001,1,1,0,0,0,0,4618,0,0,0,20,0,0,0,0,0,0,0,0,0,0
2001,1,1,0,0,0,5,4295,0,0,0,0,0,0,0,0,0,0,0,0,0,0
2001,1,1,0,0,0,10,4416,0,0,0,2,0,1,1,0,0,1,0,0,0,0
2001,1,1,0,0,0,15,3572,0,0,0,1,0,9,12,0,0,7,0,0,0,0
2001,1,1,0,0,0,20,2359,0,0,0,4,0,9,17,0,0,5,0,0,0,0
2001,1,1,0,0,0,25,1591,0,0,0,3,0,7,14,0,0,6,0,0,0,0
2001,1,1,0,0,0,30,1295,0,0,0,0,0,5,12,0,0,4,0,0,0,0
2001,1,1,0,0,0,35,957,0,0,0,0,0,2,2,0,0,2,0,0,0,0
2001,1,1,0,0,0,40,481,0,0,0,2,0,0,0,0,0,0,0,0,0,0
2001,1,1,0,0,0,45,470,0,0,0,1,0,0,0,0,0,0,0,0,0,0
2001,1,1,0,0,0,50,497,0,0,0,2,0,0,0,0,0,0,0,0,0,0
2001,1,1,0,0,0,55,599,0,0,0,4,0,0,0,0,0,0,0,0,0,0
2001,1,1,0,0,0,60,1570,0,0,0,30,0,0,0,0,0,0,0,0,0,0
2001,1,1,0,0,0,100,1,0,0,0,1,0,0,0,0,0,0,0,0,0,0
2001,1,1,0,0,1,0,0,0,0,0,0,0,0,0,0,0,0,0,0,0,0
2001,1,1,0,0,1,5,0,0,0,0,0,0,0,0,0,0,0,0,0,0,0
2001,1,1,0,0,1,10,0,0,0,0,0,0,0,0,0,0,0,0,0,0,0
2001,1,1,0,0,1,15,0,0,0,0,0,0,0,0,0,0,0,0,0,0,0
2001,1,1,0,0,1,20,0,0,0,0,0,0,0,0,0,0,0,0,0,0,0
2001,1,1,0,0,1,25,0,0,0,0,0,0,0,0,0,0,0,0,0,0,0
2001,1,1,0,0,1,30,0,0,0,0,0,0,0,0,0,0,0,0,0,0,0
2001,1,1,0,0,1,35,0,0,0,0,0,0,0,0,0,0,0,0,0,0,0
2001,1,1,0,0,1,40,0,0,0,0,0,0,0,0,0,0,0,0,0,0,0
2001,1,1,0,0,1,45,0,0,0,0,0,0,0,0,0,0,0,0,0,0,0
2001,1,1,0,0,1,50,0,0,0,0,0,0,0,0,0,0,0,0,0,0,0
2001,1,1,0,0,1,55,0,0,0,0,0,0,0,0,0,0,0,0,0,0,0
2001,1,1,0,0,1,60,0,0,0,0,0,0,0,0,0,0,0,0,0,0,0
2001,1,1,0,0,1,100,0,0,0,0,0,0,0,0,0,0,0,0,0,0,0
2001,1,1,0,1,0,0,202,202,30,0,31,30,7,7,7,6,0,0,0,0,0
2001,1,1,0,1,0,5,143,143,0,0,5,5,0,1,1,0,0,0,0,0,0
2001,1,1,0,1,0,10,79,79,14,0,10,10,5,6,6,3,0,1,0,0,0
2001,1,1,0,1,0,15,249,249,35,0,3,3,1,2,2,1,0,25,0,0,0
2001,1,1,0,1,0,20,732,732,71,0,3,3,13,19,18,8,0,51,0,0,0
2001,1,1,0,1,0,25,932,932,53,0,24,21,21,35,32,12,0,39,0,0,0
2001,1,1,0,1,0,30,916,916,39,0,32,31,32,47,46,15,0,37,0,0,0
2001,1,1,0,1,0,35,747,747,21,0,35,32,28,42,41,15,0,16,0,0,0
2001,1,1,0,1,0,40,312,312,8,0,17,17,13,20,20,9,0,6,0,0,0
2001,1,1,0,1,0,45,182,182,12,0,7,6,2,9,9,1,0,10,0,0,0
2001,1,1,0,1,0,50,125,125,7,0,5,5,6,10,10,3,0,2,0,0,0
2001,1,1,0,1,0,55,79,79,5,0,5,3,1,4,4,0,0,0,0,0,0
2001,1,1,0,1,0,60,162,162,4,0,16,14,11,20,20,5,0,1,0,0,0
2001,1,1,0,1,0,100,0,0,0,0,0,0,0,0,0,0,0,0,0,0,0
2001,1,1,0,1,1,0,0,0,0,0,0,0,0,0,0,0,0,0,0,0,0
2001,1,1,0,1,1,5,0,0,0,0,0,0,0,0,0,0,0,0,0,0,0
2001,1,1,0,1,1,10,0,0,0,0,0,0,0,0,0,0,0,0,0,0,0
2001,1,1,0,1,1,15,0,0,0,0,0,0,0,0,0,0,0,0,0,0,0
2001,1,1,0,1,1,20,0,0,0,0,0,0,0,0,0,0,0,0,0,0,0
2001,1,1,0,1,1,25,0,0,0,0,0,0,0,0,0,0,0,0,0,0,0
2001,1,1,0,1,1,30,0,0,0,0,0,0,0,0,0,0,0,0,0,0,0
2001,1,1,0,1,1,35,0,0,0,0,0,0,0,0,0,0,0,0,0,0,0
2001,1,1,0,1,1,40,0,0,0,0,0,0,0,0,0,0,0,0,0,0,0
2001,1,1,0,1,1,45,0,0,0,0,0,0,0,0,0,0,0,0,0,0,0
2001,1,1,0,1,1,50,0,0,0,0,0,0,0,0,0,0,0,0,0,0,0
2001,1,1,0,1,1,55,0,0,0,0,0,0,0,0,0,0,0,0,0,0,0
2001,1,1,0,1,1,60,0,0,0,0,0,0,0,0,0,0,0,0,0,0,0
2001,1,1,0,1,1,100,0,0,0,0,0,0,0,0,0,0,0,0,0,0,0
2001.5,1,0,0,0,0,0,4482,0,0,0,33,0,0,0,0,0,0,0,0,0,0
2001.5,1,0,0,0,0,5,4281,0,0,0,2,0,0,0,0,0,0,0,0,0,0
2001.5,1,0,0,0,0,10,4269,0,0,0,4,0,0,0,0,0,0,0,0,0,3
2001.5,1,0,0,0,0,15,3594,0,0,0,2,0,0,0,0,0,0,0,0,0,10
2001.5,1,0,0,0,0,20,2584,0,0,0,3,0,0,0,0,0,0,0,0,0,21
2001.5,1,0,0,0,0,25,1849,0,0,0,2,0,0,0,0,0,0,0,0,0,7
2001.5,1,0,0,0,0,30,1407,0,0,0,4,0,0,0,0,0,0,0,0,0,0
2001.5,1,0,0,0,0,35,1073,0,0,0,1,0,0,0,0,0,0,0,0,0,0
2001.5,1,0,0,0,0,40,535,0,0,0,4,0,0,0,0,0,0,0,0,0,0
2001.5,1,0,0,0,0,45,390,0,0,0,2,0,0,0,0,0,0,0,0,0,0
2001.5,1,0,0,0,0,50,377,0,0,0,6,0,0,0,0,0,0,0,0,0,0
2001.5,1,0,0,0,0,55,425,0,0,0,5,0,0,0,0,0,0,0,0,0,0
2001.5,1,0,0,0,0,60,976,0,0,0,26,0,0,0,0,0,0,0,0,0,0
2001.5,1,0,0,0,0,100,0,0,0,0,0,0,0,0,0,0,0,0,0,0,0
2001.5,1,0,0,0,1,0,0,0,0,0,0,0,0,0,0,0,0,0,0,0,0
2001.5,1,0,0,0,1,5,0,0,0,0,0,0,0,0,0,0,0,0,0,0,0
2001.5,1,0,0,0,1,10,0,0,0,0,0,0,0,0,0,0,0,0,0,0,0
2001.5,1,0,0,0,1,15,0,0,0,0,0,0,0,0,0,0,0,0,0,0,0
2001.5,1,0,0,0,1,20,0,0,0,0,0,0,0,0,0,0,0,0,0,0,0
2001.5,1,0,0,0,1,25,0,0,0,0,0,0,0,0,0,0,0,0,0,0,0
2001.5,1,0,0,0,1,30,0,0,0,0,0,0,0,0,0,0,0,0,0,0,0
2001.5,1,0,0,0,1,35,0,0,0,0,0,0,0,0,0,0,0,0,0,0,0
2001.5,1,0,0,0,1,40,0,0,0,0,0,0,0,0,0,0,0,0,0,0,0
2001.5,1,0,0,0,1,45,0,0,0,0,0,0,0,0,0,0,0,0,0,0,0
2001.5,1,0,0,0,1,50,0,0,0,0,0,0,0,0,0,0,0,0,0,0,0
2001.5,1,0,0,0,1,55,0,0,0,0,0,0,0,0,0,0,0,0,0,0,0
2001.5,1,0,0,0,1,60,0,0,0,0,0,0,0,0,0,0,0,0,0,0,0
2001.5,1,0,0,0,1,100,0,0,0,0,0,0,0,0,0,0,0,0,0,0,0
2001.5,1,0,0,1,0,0,232,232,38,0,26,24,7,9,9,4,0,0,0,0,0
2001.5,1,0,0,1,0,5,135,135,0,0,2,1,1,2,2,1,0,0,0,0,0
2001.5,1,0,0,1,0,10,67,67,0,0,1,1,1,1,1,0,0,0,0,0,0
2001.5,1,0,0,1,0,15,64,64,14,0,1,1,2,2,2,2,0,14,0,0,0
2001.5,1,0,0,1,0,20,208,208,23,0,0,0,0,2,2,0,0,32,0,0,0
2001.5,1,0,0,1,0,25,508,508,44,0,14,12,7,10,10,3,0,65,0,0,2
2001.5,1,0,0,1,0,30,593,593,21,0,19,18,15,27,27,7,0,55,0,0,0
2001.5,1,0,0,1,0,35,519,519,22,0,24,23,16,26,26,9,0,40,0,0,0
2001.5,1,0,0,1,0,40,265,265,9,0,20,18,13,19,19,9,0,27,0,0,0
2001.5,1,0,0,1,0,45,204,204,5,0,16,13,15,18,18,10,0,12,0,0,0
2001.5,1,0,0,1,0,50,84,84,1,0,5,3,3,5,5,0,0,4,0,0,0
2001.5,1,0,0,1,0,55,53,53,6,0,3,2,7,9,9,4,0,2,0,0,0
2001.5,1,0,0,1,0,60,102,102,5,0,13,10,2,9,9,1,0,6,0,0,0
2001.5,1,0,0,1,0,100,0,0,0,0,0,0,0,0,0,0,0,0,0,0,0
2001.5,1,0,0,1,1,0,0,0,0,0,0,0,0,0,0,0,0,0,0,0,0
2001.5,1,0,0,1,1,5,0,0,0,0,0,0,0,0,0,0,0,0,0,0,0
2001.5,1,0,0,1,1,10,0,0,0,0,0,0,0,0,0,0,0,0,0,0,0
2001.5,1,0,0,1,1,15,0,0,0,0,0,0,0,0,0,0,0,0,0,0,0
2001.5,1,0,0,1,1,20,0,0,0,0,0,0,0,0,0,0,0,0,0,0,0
2001.5,1,0,0,1,1,25,0,0,0,0,0,0,0,0,0,0,0,0,0,0,0
2001.5,1,0,0,1,1,30,0,0,0,0,0,0,0,0,0,0,0,0,0,0,0
2001.5,1,0,0,1,1,35,0,0,0,0,0,0,0,0,0,0,0,0,0,0,0
2001.5,1,0,0,1,1,40,0,0,0,0,0,0,0,0,0,0,0,0,0,0,0
2001.5,1,0,0,1,1,45,0,0,0,0,0,0,0,0,0,0,0,0,0,0,0
2001.5,1,0,0,1,1,50,0,0,0,0,0,0,0,0,0,0,0,0,0,0,0
2001.5,1,0,0,1,1,55,0,0,0,0,0,0,0,0,0,0,0,0,0,0,0
2001.5,1,0,0,1,1,60,0,0,0,0,0,0,0,0,0,0,0,0,0,0,0
2001.5,1,0,0,1,1,100,0,0,0,0,0,0,0,0,0,0,0,0,0,0,0
2001.5,1,0,1,0,0,0,0,0,0,0,0,0,0,0,0,0,0,0,0,0,0
2001.5,1,0,1,0,0,5,3,0,0,0,0,0,0,0,0,0,0,0,0,0,0
2001.5,1,0,1,0,0,10,15,0,0,0,0,0,0,0,0,0,0,0,0,0,0
2001.5,1,0,1,0,0,15,76,0,0,0,0,0,0,0,0,0,0,0,0,0,0
2001.5,1,0,1,0,0,20,216,0,0,0,0,0,0,0,0,0,0,0,0,0,0
2001.5,1,0,1,0,0,25,200,0,0,0,0,0,0,0,0,0,0,0,0,0,0
2001.5,1,0,1,0,0,30,208,0,0,0,0,0,0,0,0,0,0,0,0,0,0
2001.5,1,0,1,0,0,35,158,0,0,0,0,0,0,0,0,0,0,0,0,0,0
2001.5,1,0,1,0,0,40,68,0,0,0,0,0,0,0,0,0,0,0,0,0,0
2001.5,1,0,1,0,0,45,39,0,0,0,0,0,0,0,0,0,0,0,0,0,0
2001.5,1,0,1,0,0,50,42,0,0,0,0,0,0,0,0,0,0,0,0,0,0
2001.5,1,0,1,0,0,55,38,0,0,0,1,0,0,0,0,0,0,0,0,0,0
2001.5,1,0,1,0,0,60,81,0,0,0,1,0,0,0,0,0,0,0,0,0,0
2001.5,1,0,1,0,0,100,0,0,0,0,0,0,0,0,0,0,0,0,0,0,0
2001.5,1,0,1,0,1,0,0,0,0,0,0,0,0,0,0,0,0,0,0,0,0
2001.5,1,0,1,0,1,5,0,0,0,0,0,0,0,0,0,0,0,0,0,0,0
2001.5,1,0,1,0,1,10,0,0,0,0,0,0,0,0,0,0,0,0,0,0,0
2001.5,1,0,1,0,1,15,0,0,0,0,0,0,0,0,0,0,0,0,0,0,0
2001.5,1,0,1,0,1,20,0,0,0,0,0,0,0,0,0,0,0,0,0,0,0
2001.5,1,0,1,0,1,25,0,0,0,0,0,0,0,0,0,0,0,0,0,0,0
2001.5,1,0,1,0,1,30,0,0,0,0,0,0,0,0,0,0,0,0,0,0,0
2001.5,1,0,1,0,1,35,0,0,0,0,0,0,0,0,0,0,0,0,0,0,0
2001.5,1,0,1,0,1,40,0,0,0,0,0,0,0,0,0,0,0,0,0,0,0
2001.5,1,0,1,0,1,45,0,0,0,0,0,0,0,0,0,0,0,0,0,0,0
2001.5,1,0,1,0,1,50,0,0,0,0,0,0,0,0,0,0,0,0,0,0,0
2001.5,1,0,1,0,1,55,0,0,0,0,0,0,0,0,0,0,0,0,0,0,0
2001.5,1,0,1,0,1,60,0,0,0,0,0,0,0,0,0,0,0,0,0,0,0
2001.5,1,0,1,0,1,100,0,0,0,0,0,0,0,0,0,0,0,0,0,0,0
2001.5,1,0,1,1,0,0,0,0,0,0,0,0,0,0,0,0,0,0,0,0,0
2001.5,1,0,1,1,0,5,0,0,0,0,0,0,0,0,0,0,0,0,0,0,0
2001.5,1,0,1,1,0,10,1,1,0,0,0,0,0,0,0,0,0,0,0,0,0
2001.5,1,0,1,1,0,15,0,0,0,0,0,0,0,0,0,0,0,0,0,0,0
2001.5,1,0,1,1,0,20,12,12,1,0,0,0,0,0,0,0,0,2,0,0,0
2001.5,1,0,1,1,0,25,51,51,4,0,0,0,0,1,1,0,0,4,0,0,0
2001.5,1,0,1,1,0,30,52,52,0,0,2,2,1,2,2,1,0,0,0,0,0
2001.5,1,0,1,1,0,35,53,53,2,0,1,1,1,2,2,0,0,2,0,0,0
2001.5,1,0,1,1,0,40,21,21,1,0,1,1,0,0,0,0,0,1,0,0,0
2001.5,1,0,1,1,0,45,12,12,0,0,4,4,1,2,2,1,0,1,0,0,0
2001.5,1,0,1,1,0,50,9,9,0,0,2,2,2,2,2,1,0,0,0,0,0
2001.5,1,0,1,1,0,55,3,3,0,0,0,0,1,1,1,0,0,1,0,0,0
2001.5,1,0,1,1,0,60,10,10,1,0,0,0,1,2,2,0,0,1,0,0,0
2001.5,1,0,1,1,0,100,0,0,0,0,0,0,0,0,0,0,0,0,0,0,0
2001.5,1,0,1,1,1,0,0,0,0,0,0,0,0,0,0,0,0,0,0,0,0
2001.5,1,0,1,1,1,5,0,0,0,0,0,0,0,0,0,0,0,0,0,0,0
2001.5,1,0,1,1,1,10,0,0,0,0,0,0,0,0,0,0,0,0,0,0,0
2001.5,1,0,1,1,1,15,0,0,0,0,0,0,0,0,0,0,0,0,0,0,0
2001.5,1,0,1,1,1,20,0,0,0,0,0,0,0,0,0,0,0,0,0,0,0
2001.5,1,0,1,1,1,25,0,0,0,0,0,0,0,0,0,0,0,0,0,0,0
2001.5,1,0,1,1,1,30,0,0,0,0,0,0,0,0,0,0,0,0,0,0,0
2001.5,1,0,1,1,1,35,0,0,0,0,0,0,0,0,0,0,0,0,0,0,0
2001.5,1,0,1,1,1,40,0,0,0,0,0,0,0,0,0,0,0,0,0,0,0
2001.5,1,0,1,1,1,45,0,0,0,0,0,0,0,0,0,0,0,0,0,0,0
2001.5,1,0,1,1,1,50,0,0,0,0,0,0,0,0,0,0,0,0,0,0,0
2001.5,1,0,1,1,1,55,0,0,0,0,0,0,0,0,0,0,0,0,0,0,0
2001.5,1,0,1,1,1,60,0,0,0,0,0,0,0,0,0,0,0,0,0,0,0
2001.5,1,0,1,1,1,100,0,0,0,0,0,0,0,0,0,0,0,0,0,0,0
2001.5,1,1,0,0,0,0,4631,0,0,0,27,0,0,0,0,0,0,0,0,0,0
2001.5,1,1,0,0,0,5,4283,0,0,0,0,0,0,0,0,0,0,0,0,0,0
2001.5,1,1,0,0,0,10,4443,0,0,0,2,0,1,1,0,0,0,0,0,0,0
2001.5,1,1,0,0,0,15,3625,0,0,0,2,0,9,16,0,0,4,0,0,0,0
2001.5,1,1,0,0,0,20,2399,0,0,0,3,0,15,23,0,0,9,0,0,0,0
2001.5,1,1,0,0,0,25,1580,0,0,0,0,0,10,17,0,0,3,0,0,0,0
2001.5,1,1,0,0,0,30,1282,0,0,0,3,0,4,12,0,0,1,0,0,0,0
2001.5,1,1,0,0,0,35,980,0,0,0,3,0,5,6,0,0,2,0,0,0,0
2001.5,1,1,0,0,0,40,498,0,0,0,1,0,1,1,0,0,1,0,0,0,0
2001.5,1,1,0,0,0,45,458,0,0,0,0,0,0,0,0,0,0,0,0,0,0
2001.5,1,1,0,0,0,50,490,0,0,0,1,0,0,0,0,0,0,0,0,0,0
2001.5,1,1,0,0,0,55,594,0,0,0,3,0,0,0,0,0,0,0,0,0,0
2001.5,1,1,0,0,0,60,1581,0,0,0,33,0,0,0,0,0,0,0,0,0,0
2001.5,1,1,0,0,0,100,1,0,0,0,0,0,0,0,0,0,0,0,0,0,0
2001.5,1,1,0,0,1,0,0,0,0,0,0,0,0,0,0,0,0,0,0,0,0
2001.5,1,1,0,0,1,5,0,0,0,0,0,0,0,0,0,0,0,0,0,0,0
2001.5,1,1,0,0,1,10,0,0,0,0,0,0,0,0,0,0,0,0,0,0,0
2001.5,1,1,0,0,1,15,0,0,0,0,0,0,0,0,0,0,0,0,0,0,0
2001.5,1,1,0,0,1,20,0,0,0,0,0,0,0,0,0,0,0,0,0,0,0
2001.5,1,1,0,0,1,25,0,0,0,0,0,0,0,0,0,0,0,0,0,0,0
2001.5,1,1,0,0,1,30,0,0,0,0,0,0,0,0,0,0,0,0,0,0,0
2001.5,1,1,0,0,1,35,0,0,0,0,0,0,0,0,0,0,0,0,0,0,0
2001.5,1,1,0,0,1,40,0,0,0,0,0,0,0,0,0,0,0,0,0,0,0
2001.5,1,1,0,0,1,45,0,0,0,0,0,0,0,0,0,0,0,0,0,0,0
2001.5,1,1,0,0,1,50,0,0,0,0,0,0,0,0,0,0,0,0,0,0,0
2001.5,1,1,0,0,1,55,0,0,0,0,0,0,0,0,0,0,0,0,0,0,0
2001.5,1,1,0,0,1,60,0,0,0,0,0,0,0,0,0,0,0,0,0,0,0
2001.5,1,1,0,0,1,100,0,0,0,0,0,0,0,0,0,0,0,0,0,0,0
2001.5,1,1,0,1,0,0,211,211,42,0,14,13,6,6,6,6,0,0,0,0,0
2001.5,1,1,0,1,0,5,146,146,0,0,1,1,0,1,1,0,0,0,0,0,0
2001.5,1,1,0,1,0,10,77,77,10,0,4,4,3,5,5,3,0,2,0,0,0
2001.5,1,1,0,1,0,15,244,244,42,0,9,9,3,5,5,3,0,24,0,0,0
2001.5,1,1,0,1,0,20,764,764,74,0,12,12,10,20,18,7,0,44,0,0,0
2001.5,1,1,0,1,0,25,947,947,45,0,28,27,22,43,39,11,0,27,0,0,0
2001.5,1,1,0,1,0,30,933,933,46,0,20,18,29,54,53,19,0,25,0,0,0
2001.5,1,1,0,1,0,35,764,764,20,0,35,32,33,50,49,15,0,16,0,0,0
2001.5,1,1,0,1,0,40,347,347,6,0,19,18,17,23,23,8,0,8,0,0,0
2001.5,1,1,0,1,0,45,182,182,9,0,13,12,5,10,10,4,0,3,0,0,0
2001.5,1,1,0,1,0,50,132,132,4,0,10,10,8,16,16,5,0,9,0,0,0
2001.5,1,1,0,1,0,55,76,76,3,0,4,4,1,3,3,2,0,0,0,0,0
2001.5,1,1,0,1,0,60,166,166,10,0,15,13,7,18,18,2,0,1,0,0,0
2001.5,1,1,0,1,0,100,0,0,0,0,0,0,0,0,0,0,0,0,0,0,0
2001.5,1,1,0,1,1,0,0,0,0,0,0,0,0,0,0,0,0,0,0,0,0
2001.5,1,1,0,1,1,5,0,0,0,0,0,0,0,0,0,0,0,0,0,0,0
2001.5,1,1,0,1,1,10,0,0,0,0,0,0,0,0,0,0,0,0,0,0,0
2001.5,1,1,0,1,1,15,0,0,0,0,0,0,0,0,0,0,0,0,0,0,0
2001.5,1,1,0,1,1,20,0,0,0,0,0,0,0,0,0,0,0,0,0,0,0
2001.5,1,1,0,1,1,25,0,0,0,0,0,0,0,0,0,0,0,0,0,0,0
2001.5,1,1,0,1,1,30,0,0,0,0,0,0,0,0,0,0,0,0,0,0,0
2001.5,1,1,0,1,1,35,0,0,0,0,0,0,0,0,0,0,0,0,0,0,0
2001.5,1,1,0,1,1,40,0,0,0,0,0,0,0,0,0,0,0,0,0,0,0
2001.5,1,1,0,1,1,45,0,0,0,0,0,0,0,0,0,0,0,0,0,0,0
2001.5,1,1,0,1,1,50,0,0,0,0,0,0,0,0,0,0,0,0,0,0,0
2001.5,1,1,0,1,1,55,0,0,0,0,0,0,0,0,0,0,0,0,0,0,0
2001.5,1,1,0,1,1,60,0,0,0,0,0,0,0,0,0,0,0,0,0,0,0
2001.5,1,1,0,1,1,100,0,0,0,0,0,0,0,0,0,0,0,0,0,0,0
2002,1,0,0,0,0,0,4524,0,0,0,28,0,0,0,0,0,0,0,0,0,0
2002,1,0,0,0,0,5,4274,0,0,0,3,0,0,0,0,0,0,0,0,0,0
2002,1,0,0,0,0,10,4278,0,0,0,1,0,0,0,0,0,0,0,0,0,3
2002,1,0,0,0,0,15,3660,0,0,0,5,0,0,0,0,0,0,0,0,0,7
2002,1,0,0,0,0,20,2598,0,0,0,4,0,0,0,0,0,0,0,0,0,21
2002,1,0,0,0,0,25,1837,0,0,0,1,0,0,0,0,0,0,0,0,0,6
2002,1,0,0,0,0,30,1444,0,0,0,2,0,0,0,0,0,0,0,0,0,0
2002,1,0,0,0,0,35,1063,0,0,0,1,0,0,0,0,0,0,0,0,0,0
2002,1,0,0,0,0,40,567,0,0,0,1,0,0,0,0,0,0,0,0,0,0
2002,1,0,0,0,0,45,374,0,0,0,2,0,0,0,0,0,0,0,0,0,0
2002,1,0,0,0,0,50,377,0,0,0,2,0,0,0,0,0,0,0,0,0,0
2002,1,0,0,0,0,55,420,0,0,0,7,0,0,0,0,0,0,0,0,0,0
2002,1,0,0,0,0,60,972,0,0,0,35,0,0,0,0,0,0,0,0,0,0
2002,1,0,0,0,0,100,0,0,0,0,0,0,0,0,0,0,0,0,0,0,0
2002,1,0,0,0,1,0,0,0,0,0,0,0,0,0,0,0,0,0,0,0,0
2002,1,0,0,0,1,5,0,0,0,0,0,0,0,0,0,0,0,0,0,0,0
2002,1,0,0,0,1,10,0,0,0,0,0,0,0,0,0,0,0,0,0,0,0
2002,1,0,0,0,1,15,0,0,0,0,0,0,0,0,0,0,0,0,0,0,0
2002,1,0,0,0,1,20,0,0,0,0,0,0,0,0,0,0,0,0,0,0,0
2002,1,0,0,0,1,25,0,0,0,0,0,0,0,0,0,0,0,0,0,0,0
2002,1,0,0,0,1,30,0,0,0,0,0,0,0,0,0,0,0,0,0,0,0
2002,1,0,0,0,1,35,0,0,0,0,0,0,0,0,0,0,0,0,0,0,0
2002,1,0,0,0,1,40,0,0,0,0,0,0,0,0,0,0,0,0,0,0,0
2002,1,0,0,0,1,45,0,0,0,0,0,0,0,0,0,0,0,0,0,0,0
2002,1,0,0,0,1,50,0,0,0,0,0,0,0,0,0,0,0,0,0,0,0
2002,1,0,0,0,1,55,0,0,0,0,0,0,0,0,0,0,0,0,0,0,0
2002,1,0,0,0,1,60,0,0,0,0,0,0,0,0,0,0,0,0,0,0,0
2002,1,0,0,0,1,100,0,0,0,0,0,0,0,0,0,0,0,0,0,0,0
2002,1,0,0,1,0,0,226,226,41,0,25,23,6,9,9,5,0,0,0,0,0
2002,1,0,0,1,0,5,147,147,0,0,3,2,1,1,1,0,0,0,0,0,0
2002,1,0,0,1,0,10,66,66,0,0,3,3,2,2,2,2,0,1,0,0,0
2002,1,0,0,1,0,15,68,68,14,0,1,1,2,2,2,0,0,7,0,0,0
2002,1,0,0,1,0,20,219,219,34,0,4,4,0,0,0,0,0,26,0,0,0
2002,1,0,0,1,0,25,520,520,44,0,7,7,7,12,12,4,0,64,0,0,1
2002,1,0,0,1,0,30,591,591,27,0,19,17,12,28,28,8,0,53,0,0,0
2002,1,0,0,1,0,35,531,531,28,0,20,19,22,33,33,15,0,32,0,0,0
2002,1,0,0,1,0,40,297,297,22,0,14,13,13,20,20,7,0,24,0,0,0
2002,1,0,0,1,0,45,204,204,6,0,16,13,15,23,23,10,0,6,0,0,0
2002,1,0,0,1,0,50,95,95,2,0,5,5,7,10,10,4,0,5,0,0,0
2002,1,0,0,1,0,55,54,54,7,0,7,6,4,8,8,2,0,2,0,0,0
2002,1,0,0,1,0,60,105,105,6,0,13,10,3,9,9,2,0,11,0,0,0
2002,1,0,0,1,0,100,0,0,0,0,0,0,0,0,0,0,0,0,0,0,0
2002,1,0,0,1,1,0,0,0,0,0,0,0,0,0,0,0,0,0,0,0,0
2002,1,0,0,1,1,5,0,0,0,0,0,0,0,0,0,0,0,0,0,0,0
2002,1,0,0,1,1,10,0,0,0,0,0,0,0,0,0,0,0,0,0,0,0
2002,1,0,0,1,1,15,0,0,0,0,0,0,0,0,0,0,0,0,0,0,0
2002,1,0,0,1,1,20,0,0,0,0,0,0,0,0,0,0,0,0,0,0,0
2002,1,0,0,1,1,25,0,0,0,0,0,0,0,0,0,0,0,0,0,0,0
2002,1,0,0,1,1,30,0,0,0,0,0,0,0,0,0,0,0,0,0,0,0
2002,1,0,0,1,1,35,0,0,0,0,0,0,0,0,0,0,0,0,0,0,0
2002,1,0,0,1,1,40,0,0,0,0,0,0,0,0,0,0,0,0,0,0,0
2002,1,0,0,1,1,45,0,0,0,0,0,0,0,0,0,0,0,0,0,0,0
2002,1,0,0,1,1,50,0,0,0,0,0,0,0,0,0,0,0,0,0,0,0
2002,1,0,0,1,1,55,0,0,0,0,0,0,0,0,0,0,0,0,0,0,0
2002,1,0,0,1,1,60,0,0,0,0,0,0,0,0,0,0,0,0,0,0,0
2002,1,0,0,1,1,100,0,0,0,0,0,0,0,0,0,0,0,0,0,0,0
2002,1,0,1,0,0,0,0,0,0,0,0,0,0,0,0,0,0,0,0,0,0
2002,1,0,1,0,0,5,2,0,0,0,0,0,0,0,0,0,0,0,0,0,0
2002,1,0,1,0,0,10,15,0,0,0,0,0,0,0,0,0,0,0,0,0,0
2002,1,0,1,0,0,15,74,0,0,0,0,0,0,0,0,0,0,0,0,0,0
2002,1,0,1,0,0,20,224,0,0,0,0,0,0,0,0,0,0,0,0,0,0
2002,1,0,1,0,0,25,209,0,0,0,0,0,0,0,0,0,0,0,0,0,0
2002,1,0,1,0,0,30,209,0,0,0,0,0,0,0,0,0,0,0,0,0,0
2002,1,0,1,0,0,35,154,0,0,0,2,0,0,0,0,0,0,0,0,0,0
2002,1,0,1,0,0,40,77,0,0,0,0,0,0,0,0,0,0,0,0,0,0
2002,1,0,1,0,0,45,39,0,0,0,0,0,0,0,0,0,0,0,0,0,0
2002,1,0,1,0,0,50,42,0,0,0,0,0,0,0,0,0,0,0,0,0,0
2002,1,0,1,0,0,55,33,0,0,0,0,0,0,0,0,0,0,0,0,0,0
2002,1,0,1,0,0,60,85,0,0,0,1,0,0,0,0,0,0,0,0,0,0
2002,1,0,1,0,0,100,0,0,0,0,0,0,0,0,0,0,0,0,0,0,0
2002,1,0,1,0,1,0,0,0,0,0,0,0,0,0,0,0,0,0,0,0,0
2002,1,0,1,0,1,5,0,0,0,0,0,0,0,0,0,0,0,0,0,0,0
2002,1,0,1,0,1,10,0,0,0,0,0,0,0,0,0,0,0,0,0,0,0
2002,1,0,1,0,1,15,0,0,0,0,0,0,0,0,0,0,0,0,0,0,0
2002,1,0,1,0,1,20,0,0,0,0,0,0,0,0,0,0,0,0,0,0,0
2002,1,0,1,0,1,25,0,0,0,0,0,0,0,0,0,0,0,0,0,0,0
2002,1,0,1,0,1,30,0,0,0,0,0,0,0,0,0,0,0,0,0,0,0
2002,1,0,1,0,1,35,0,0,0,0,0,0,0,0,0,0,0,0,0,0,0
2002,1,0,1,0,1,40,0,0,0,0,0,0,0,0,0,0,0,0,0,0,0
2002,1,0,1,0,1,45,0,0,0,0,0,0,0,0,0,0,0,0,0,0,0
2002,1,0,1,0,1,50,0,0,0,0,0,0,0,0,0,0,0,0,0,0,0
2002,1,0,1,0,1,55,0,0,0,0,0,0,0,0,0,0,0,0,0,0,0
2002,1,0,1,0,1,60,0,0,0,0,0,0,0,0,0,0,0,0,0,0,0
2002,1,0,1,0,1,100,0,0,0,0,0,0,0,0,0,0,0,0,0,0,0
2002,1,0,1,1,0,0,0,0,0,0,0,0,0,0,0,0,0,0,0,0,0
2002,1,0,1,1,0,5,0,0,0,0,0,0,0,0,0,0,0,0,0,0,0
2002,1,0,1,1,0,10,0,0,0,0,0,0,0,0,0,0,0,0,0,0,0
2002,1,0,1,1,0,15,1,1,0,0,0,0,0,0,0,0,0,0,0,0,0
2002,1,0,1,1,0,20,11,11,1,0,0,0,0,0,0,0,0,3,0,0,0
2002,1,0,1,1,0,25,52,52,4,0,0,0,0,1,1,0,0,6,0,0,0
2002,1,0,1,1,0,30,48,48,3,0,5,5,1,1,1,0,0,0,0,0,0
2002,1,0,1,1,0,35,54,54,2,0,3,3,3,3,3,3,0,3,0,0,0
2002,1,0,1,1,0,40,28,28,3,0,0,0,0,0,0,0,0,0,0,0,0
2002,1,0,1,1,0,45,12,12,1,0,1,1,0,0,0,0,0,0,0,0,0
2002,1,0,1,1,0,50,8,8,0,0,0,0,1,2,2,0,0,0,0,0,0
2002,1,0,1,1,0,55,2,2,0,0,1,1,0,1,1,0,0,0,0,0,0
2002,1,0,1,1,0,60,9,9,0,0,1,0,0,2,2,0,0,2,0,0,0
2002,1,0,1,1,0,100,0,0,0,0,0,0,0,0,0,0,0,0,0,0,0
2002,1,0,1,1,1,0,0,0,0,0,0,0,0,0,0,0,0,0,0,0,0
2002,1,0,1,1,1,5,0,0,0,0,0,0,0,0,0,0,0,0,0,0,0
2002,1,0,1,1,1,10,0,0,0,0,0,0,0,0,0,0,0,0,0,0,0
2002,1,0,1,1,1,15,0,0,0,0,0,0,0,0,0,0,0,0,0,0,0
2002,1,0,1,1,1,20,0,0,0,0,0,0,0,0,0,0,0,0,0,0,0
2002,1,0,1,1,1,25,0,0,0,0,0,0,0,0,0,0,0,0,0,0,0
2002,1,0,1,1,1,30,0,0,0,0,0,0,0,0,0,0,0,0,0,0,0
2002,1,0,1,1,1,35,0,0,0,0,0,0,0,0,0,0,0,0,0,0,0
2002,1,0,1,1,1,40,0,0,0,0,0,0,0,0,0,0,0,0,0,0,0
2002,1,0,1,1,1,45,0,0,0,0,0,0,0,0,0,0,0,0,0,0,0
2002,1,0,1,1,1,50,0,0,0,0,0,0,0,0,0,0,0,0,0,0,0
2002,1,0,1,1,1,55,0,0,0,0,0,0,0,0,0,0,0,0,0,0,0
2002,1,0,1,1,1,60,0,0,0,0,0,0,0,0,0,0,0,0,0,0,0
2002,1,0,1,1,1,100,0,0,0,0,0,0,0,0,0,0,0,0,0,0,0
2002,1,1,0,0,0,0,4670,0,0,0,25,0,0,0,0,0,0,0,0,0,0
2002,1,1,0,0,0,5,4306,0,0,0,3,0,0,0,0,0,0,0,0,0,0
2002,1,1,0,0,0,10,4417,0,0,0,0,0,2,2,0,0,3,0,0,0,0
2002,1,1,0,0,0,15,3656,0,0,0,2,0,17,28,0,0,13,0,0,0,0
2002,1,1,0,0,0,20,2467,0,0,0,2,0,12,27,0,0,5,0,0,0,0
2002,1,1,0,0,0,25,1597,0,0,0,0,0,13,23,0,0,11,0,0,0,0
2002,1,1,0,0,0,30,1252,0,0,0,0,0,6,20,0,0,3,0,0,0,0
2002,1,1,0,0,0,35,1012,0,0,0,1,0,1,5,0,0,1,0,0,0,0
2002,1,1,0,0,0,40,520,0,0,0,0,0,1,1,0,0,1,0,0,0,0
2002,1,1,0,0,0,45,446,0,0,0,3,0,1,1,0,0,0,0,0,0,0
2002,1,1,0,0,0,50,494,0,0,0,0,0,0,0,0,0,0,0,0,0,0
2002,1,1,0,0,0,55,552,0,0,0,7,0,0,0,0,0,0,0,0,0,0
2002,1,1,0,0,0,60,1617,0,0,0,23,0,0,0,0,0,0,0,0,0,0
2002,1,1,0,0,0,100,1,0,0,0,0,0,0,0,0,0,0,0,0,0,0
2002,1,1,0,0,1,0,0,0,0,0,0,0,0,0,0,0,0,0,0,0,0
2002,1,1,0,0,1,5,0,0,0,0,0,0,0,0,0,0,0,0,0,0,0
2002,1,1,0,0,1,10,0,0,0,0,0,0,0,0,0,0,0,0,0,0,0
2002,1,1,0,0,1,15,0,0,0,0,0,0,0,0,0,0,0,0,0,0,0
2002,1,1,0,0,1,20,0,0,0,0,0,0,0,0,0,0,0,0,0,0,0
2002,1,1,0,0,1,25,0,0,0,0,0,0,0,0,0,0,0,0,0,0,0
2002,1,1,0,0,1,30,0,0,0,0,0,0,0,0,0,0,0,0,0,0,0
2002,1,1,0,0,1,35,0,0,0,0,0,0,0,0,0,0,0,0,0,0,0
2002,1,1,0,0,1,40,0,0,0,0,0,0,0,0,0,0,0,0,0,0,0
2002,1,1,0,0,1,45,0,0,0,0,0,0,0,0,0,0,0,0,0,0,0
2002,1,1,0,0,1,50,0,0,0,0,0,0,0,0,0,0,0,0,0,0,0
2002,1,1,0,0,1,55,0,0,0,0,0,0,0,0,0,0,0,0,0,0,0
2002,1,1,0,0,1,60,0,0,0,0,0,0,0,0,0,0,0,0,0,0,0
2002,1,1,0,0,1,100,0,0,0,0,0,0,0,0,0,0,0,0,0,0,0
2002,1,1,0,1,0,0,227,227,51,0,23,22,10,10,10,8,0,0,0,0,0
2002,1,1,0,1,0,5,140,140,0,0,2,2,3,3,3,3,0,0,0,0,0
2002,1,1,0,1,0,10,90,90,13,0,11,11,4,4,4,2,0,1,0,0,0
2002,1,1,0,1,0,15,249,249,52,0,5,4,6,6,5,5,0,27,0,0,0
2002,1,1,0,1,0,20,770,770,58,0,10,10,14,26,22,7,0,44,0,0,0
2002,1,1,0,1,0,25,928,928,39,0,23,23,22,45,42,16,0,41,0,0,0
2002,1,1,0,1,0,30,977,977,34,0,35,35,30,57,55,15,0,36,0,0,0
2002,1,1,0,1,0,35,760,760,19,0,34,34,26,49,47,13,0,27,0,0,0
2002,1,1,0,1,0,40,378,378,8,0,19,18,17,26,25,11,0,13,0,0,0
2002,1,1,0,1,0,45,188,188,6,0,8,8,12,15,15,8,0,7,0,0,0
2002,1,1,0,1,0,50,117,117,2,0,14,12,8,17,17,5,0,5,0,0,0
2002,1,1,0,1,0,55,86,86,6,0,6,6,6,6,6,5,0,1,0,0,0
2002,1,1,0,1,0,60,163,163,8,0,18,12,7,18,18,4,0,2,0,0,0
2002,1,1,0,1,0,100,0,0,0,0,0,0,0,0,0,0,0,0,0,0,0
2002,1,1,0,1,1,0,0,0,0,0,0,0,0,0,0,0,0,0,0,0,0
2002,1,1,0,1,1,5,0,0,0,0,0,0,0,0,0,0,0,0,0,0,0
2002,1,1,0,1,1,10,0,0,0,0,0,0,0,0,0,0,0,0,0,0,0
2002,1,1,0,1,1,15,0,0,0,0,0,0,0,0,0,0,0,0,0,0,0
2002,1,1,0,1,1,20,0,0,0,0,0,0,0,0,0,0,0,0,0,0,0
2002,1,1,0,1,1,25,0,0,0,0,0,0,0,0,0,0,0,0,0,0,0
2002,1,1,0,1,1,30,0,0,0,0,0,0,0,0,0,0,0,0,0,0,0
2002,1,1,0,1,1,35,0,0,0,0,0,0,0,0,0,0,0,0,0,0,0
2002,1,1,0,1,1,40,0,0,0,0,0,0,0,0,0,0,0,0,0,0,0
2002,1,1,0,1,1,45,0,0,0,0,0,0,0,0,0,0,0,0,0,0,0
2002,1,1,0,1,1,50,0,0,0,0,0,0,0,0,0,0,0,0,0,0,0
2002,1,1,0,1,1,55,0,0,0,0,0,0,0,0,0,0,0,0,0,0,0
2002,1,1,0,1,1,60,0,0,0,0,0,0,0,0,0,0,0,0,0,0,0
2002,1,1,0,1,1,100,0,0,0,0,0,0,0,0,0,0,0,0,0,0,0
2002.5,1,0,0,0,0,0,4510,0,0,0,30,0,0,0,0,0,0,0,0,0,0
2002.5,1,0,0,0,0,5,4268,0,0,0,5,0,0,0,0,0,0,0,0,0,0
2002.5,1,0,0,0,0,10,4303,0,0,0,1,0,0,0,0,0,0,0,0,0,4
2002.5,1,0,0,0,0,15,3703,0,0,0,4,0,0,0,0,0,0,0,0,0,13
2002.5,1,0,0,0,0,20,2684,0,0,0,1,0,0,0,0,0,0,0,0,0,20
2002.5,1,0,0,0,0,25,1825,0,0,0,1,0,0,0,0,0,0,0,0,0,6
2002.5,1,0,0,0,0,30,1452,0,0,0,1,0,0,0,0,0,0,0,0,0,0
2002.5,1,0,0,0,0,35,1081,0,0,0,5,0,0,0,0,0,0,0,0,0,0
2002.5,1,0,0,0,0,40,588,0,0,0,1,0,0,0,0,0,0,0,0,0,0
2002.5,1,0,0,0,0,45,370,0,0,0,1,0,0,0,0,0,0,0,0,0,0
2002.5,1,0,0,0,0,50,375,0,0,0,3,0,0,0,0,0,0,0,0,0,0
2002.5,1,0,0,0,0,55,395,0,0,0,4,0,0,0,0,0,0,0,0,0,0
2002.5,1,0,0,0,0,60,983,0,0,0,27,0,0,0,0,0,0,0,0,0,0
2002.5,1,0,0,0,0,100,0,0,0,0,0,0,0,0,0,0,0,0,0,0,0
2002.5,1,0,0,0,1,0,0,0,0,0,0,0,0,0,0,0,0,0,0,0,0
2002.5,1,0,0,0,1,5,0,0,0,0,0,0,0,0,0,0,0,0,0,0,0
2002.5,1,0,0,0,1,10,0,0,0,0,0,0,0,0,0,0,0,0,0,0,0
2002.5,1,0,0,0,1,15,0,0,0,0,0,0,0,0,0,0,0,0,0,0,0
2002.5,1,0,0,0,1,20,0,0,0,0,0,0,0,0,0,0,0,0,0,0,0
2002.5,1,0,0,0,1,25,0,0,0,0,0,0,0,0,0,0,0,0,0,0,0
2002.5,1,0,0,0,1,30,0,0,0,0,0,0,0,0,0,0,0,0,0,0,0
2002.5,1,0,0,0,1,35,0,0,0,0,0,0,0,0,0,0,0,0,0,0,0
2002.5,1,0,0,0,1,40,0,0,0,0,0,0,0,0,0,0,0,0,0,0,0
2002.5,1,0,0,0,1,45,0,0,0,0,0,0,0,0,0,0,0,0,0,0,0
2002.5,1,0,0,0,1,50,0,0,0,0,0,0,0,0,0,0,0,0,0,0,0
2002.5,1,0,0,0,1,55,0,0,0,0,0,0,0,0,0,0,0,0,0,0,0
2002.5,1,0,0,0,1,60,0,0,0,0,0,0,0,0,0,0,0,0,0,0,0
2002.5,1,0,0,0,1,100,0,0,0,0,0,0,0,0,0,0,0,0,0,0,0
2002.5,1,0,0,1,0,0,232,232,46,0,21,18,18,19,19,18,0,0,0,0,0
2002.5,1,0,0,1,0,5,152,152,0,0,1,1,1,2,2,2,0,0,0,0,0
2002.5,1,0,0,1,0,10,69,69,0,0,0,0,2,2,2,0,0,0,0,0,0
2002.5,1,0,0,1,0,15,70,70,15,0,2,2,1,2,2,1,0,10,0,0,0
2002.5,1,0,0,1,0,20,215,215,18,0,0,0,0,0,0,0,0,28,0,0,0
2002.5,1,0,0,1,0,25,523,523,40,0,13,11,9,12,12,8,0,61,0,0,0
2002.5,1,0,0,1,0,30,587,587,23,0,20,20,16,26,26,7,0,59,0,0,0
2002.5,1,0,0,1,0,35,571,571,26,0,23,22,26,38,38,11,0,32,0,0,0
2002.5,1,0,0,1,0,40,329,329,23,0,13,11,16,28,28,11,0,28,0,0,0
2002.5,1,0,0,1,0,45,196,196,5,0,13,11,14,21,21,7,0,16,0,0,0
2002.5,1,0,0,1,0,50,103,103,5,0,12,11,11,14,14,6,0,6,0,0,0
2002.5,1,0,0,1,0,55,51,51,2,0,5,4,1,6,6,0,0,3,0,0,0
2002.5,1,0,0,1,0,60,90,90,4,0,16,12,3,4,4,1,0,7,0,0,0
2002.5,1,0,0,1,0,100,0,0,0,0,0,0,0,0,0,0,0,0,0,0,0
2002.5,1,0,0,1,1,0,0,0,0,0,0,0,0,0,0,0,0,0,0,0,0
2002.5,1,0,0,1,1,5,0,0,0,0,0,0,0,0,0,0,0,0,0,0,0
2002.5,1,0,0,1,1,10,0,0,0,0,0,0,0,0,0,0,0,0,0,0,0
2002.5,1,0,0,1,1,15,0,0,0,0,0,0,0,0,0,0,0,0,0,0,0
2002.5,1,0,0,1,1,20,0,0,0,0,0,0,0,0,0,0,0,0,0,0,0
2002.5,1,0,0,1,1,25,0,0,0,0,0,0,0,0,0,0,0,0,0,0,0
2002.5,1,0,0,1,1,30,0,0,0,0,0,0,0,0,0,0,0,0,0,0,0
2002.5,1,0,0,1,1,35,0,0,0,0,0,0,0,0,0,0,0,0,0,0,0
2002.5,1,0,0,1,1,40,0,0,0,0,0,0,0,0,0,0,0,0,0,0,0
2002.5,1,0,0,1,1,45,0,0,0,0,0,0,0,0,0,0,0,0,0,0,0
2002.5,1,0,0,1,1,50,0,0,0,0,0,0,0,0,0,0,0,0,0,0,0
2002.5,1,0,0,1,1,55,0,0,0,0,0,0,0,0,0,0,0,0,0,0,0
2002.5,1,0,0,1,1,60,0,0,0,0,0,0,0,0,0,0,0,0,0,0,0
2002.5,1,0,0,1,1,100,0,0,0,0,0,0,0,0,0,0,0,0,0,0,0
2002.5,1,0,1,0,0,0,0,0,0,0,0,0,0,0,0,0,0,0,0,0,0
2002.5,1,0,1,0,0,5,0,0,0,0,0,0,0,0,0,0,0,0,0,0,0
2002.5,1,0,1,0,0,10,21,0,0,0,0,0,0,0,0,0,0,0,0,0,0
2002.5,1,0,1,0,0,15,78,0,0,0,0,0,0,0,0,0,0,0,0,0,0
2002.5,1,0,1,0,0,20,227,0,0,0,0,0,0,0,0,0,0,0,0,0,0
2002.5,1,0,1,0,0,25,215,0,0,0,0,0,0,0,0,0,0,0,0,0,0
2002.5,1,0,1,0,0,30,207,0,0,0,1,0,0,0,0,0,0,0,0,0,0
2002.5,1,0,1,0,0,35,154,0,0,0,0,0,0,0,0,0,0,0,0,0,0
2002.5,1,0,1,0,0,40,88,0,0,0,0,0,0,0,0,0,0,0,0,0,0
2002.5,1,0,1,0,0,45,39,0,0,0,0,0,0,0,0,0,0,0,0,0,0
2002.5,1,0,1,0,0,50,41,0,0,0,2,0,0,0,0,0,0,0,0,0,0
2002.5,1,0,1,0,0,55,33,0,0,0,0,0,0,0,0,0,0,0,0,0,0
2002.5,1,0,1,0,0,60,86,0,0,0,4,0,0,0,0,0,0,0,0,0,0
2002.5,1,0,1,0,0,100,0,0,0,0,0,0,0,0,0,0,0,0,0,0,0
2002.5,1,0,1,0,1,0,0,0,0,0,0,0,0,0,0,0,0,0,0,0,0
2002.5,1,0,1,0,1,5,0,0,0,0,0,0,0,0,0,0,0,0,0,0,0
2002.5,1,0,1,0,1,10,0,0,0,0,0,0,0,0,0,0,0,0,0,0,0
2002.5,1,0,1,0,1,15,0,0,0,0,0,0,0,0,0,0,0,0,0,0,0
2002.5,1,0,1,0,1,20,0,0,0,0,0,0,0,0,0,0,0,0,0,0,0
2002.5,1,0,1,0,1,25,0,0,0,0,0,0,0,0,0,0,0,0,0,0,0
2002.5,1,0,1,0,1,30,0,0,0,0,0,0,0,0,0,0,0,0,0,0,0
2002.5,1,0,1,0,1,35,0,0,0,0,0,0,0,0,0,0,0,0,0,0,0
2002.5,1,0,1,0,1,40,0,0,0,0,0,0,0,0,0,0,0,0,0,0,0
2002.5,1,0,1,0,1,45,0,0,0,0,0,0,0,0,0,0,0,0,0,0,0
2002.5,1,0,1,0,1,50,0,0,0,0,0,0,0,0,0,0,0,0,0,0,0
2002.5,1,0,1,0,1,55,0,0,0,0,0,0,0,0,0,0,0,0,0,0,0
2002.5,1,0,1,0,1,60,0,0,0,0,0,0,0,0,0,0,0,0,0,0,0
2002.5,1,0,1,0,1,100,0,0,0,0,0,0,0,0,0,0,0,0,0,0,0
2002.5,1,0,1,1,0,0,0,0,0,0,0,0,0,0,0,0,0,0,0,0,0
2002.5,1,0,1,1,0,5,0,0,0,0,0,0,0,0,0,0,0,0,0,0,0
2002.5,1,0,1,1,0,10,0,0,0,0,0,0,0,0,0,0,0,0,0,0,0
2002.5,1,0,1,1,0,15,2,2,1,0,0,0,0,0,0,0,0,0,0,0,0
2002.5,1,0,1,1,0,20,8,8,1,0,0,0,0,0,0,0,0,0,0,0,0
2002.5,1,0,1,1,0,25,48,48,2,0,1,1,1,1,1,1,0,6,0,0,0
2002.5,1,0,1,1,0,30,54,54,4,0,1,1,0,1,1,0,0,5,0,0,0
2002.5,1,0,1,1,0,35,53,53,1,0,2,2,3,3,3,0,0,5,0,0,0
2002.5,1,0,1,1,0,40,24,24,1,0,3,2,0,0,0,0,0,3,0,0,0
2002.5,1,0,1,1,0,45,17,17,0,0,1,1,2,2,2,2,0,1,0,0,0
2002.5,1,0,1,1,0,50,7,7,0,0,1,1,0,0,0,0,0,0,0,0,0
2002.5,1,0,1,1,0,55,1,1,0,0,2,2,0,0,0,0,0,0,0,0,0
2002.5,1,0,1,1,0,60,7,7,0,0,2,2,0,1,1,0,0,0,0,0,0
2002.5,1,0,1,1,0,100,0,0,0,0,0,0,0,0,0,0,0,0,0,0,0
2002.5,1,0,1,1,1,0,0,0,0,0,0,0,0,0,0,0,0,0,0,0,0
2002.5,1,0,1,1,1,5,0,0,0,0,0,0,0,0,0,0,0,0,0,0,0
2002.5,1,0,1,1,1,10,0,0,0,0,0,0,0,0,0,0,0,0,0,0,0
2002.5,1,0,1,1,1,15,0,0,0,0,0,0,0,0,0,0,0,0,0,0,0
2002.5,1,0,1,1,1,20,0,0,0,0,0,0,0,0,0,0,0,0,0,0,0
2002.5,1,0,1,1,1,25,0,0,0,0,0,0,0,0,0,0,0,0,0,0,0
2002.5,1,0,1,1,1,30,0,0,0,0,0,0,0,0,0,0,0,0,0,0,0
2002.5,1,0,1,1,1,35,0,0,0,0,0,0,0,0,0,0,0,0,0,0,0
2002.5,1,0,1,1,1,40,0,0,0,0,0,0,0,0,0,0,0,0,0,0,0
2002.5,1,0,1,1,1,45,0,0,0,0,0,0,0,0,0,0,0,0,0,0,0
2002.5,1,0,1,1,1,50,0,0,0,0,0,0,0,0,0,0,0,0,0,0,0
2002.5,1,0,1,1,1,55,0,0,0,0,0,0,0,0,0,0,0,0,0,0,0
2002.5,1,0,1,1,1,60,0,0,0,0,0,0,0,0,0,0,0,0,0,0,0
2002.5,1,0,1,1,1,100,0,0,0,0,0,0,0,0,0,0,0,0,0,0,0
2002.5,1,1,0,0,0,0,4634,0,0,0,19,0,0,0,0,0,0,0,0,0,0
2002.5,1,1,0,0,0,5,4330,0,0,0,1,0,0,0,0,0,0,0,0,0,0
2002.5,1,1,0,0,0,10,4451,0,0,0,0,0,3,3,0,0,4,0,0,0,0
2002.5,1,1,0,0,0,15,3700,0,0,0,3,0,21,35,0,0,7,0,0,0,0
2002.5,1,1,0,0,0,20,2527,0,0,0,0,0,19,39,0,0,13,0,0,0,0
2002.5,1,1,0,0,0,25,1606,0,0,0,1,0,21,33,0,0,10,0,0,0,0
2002.5,1,1,0,0,0,30,1235,0,0,0,3,0,14,29,0,0,11,0,0,0,0
2002.5,1,1,0,0,0,35,1007,0,0,0,1,0,5,12,0,0,5,0,0,0,0
2002.5,1,1,0,0,0,40,551,0,0,0,1,0,0,1,0,0,0,0,0,0,0
2002.5,1,1,0,0,0,45,432,0,0,0,2,0,1,1,0,0,0,0,0,0,0
2002.5,1,1,0,0,0,50,489,0,0,0,1,0,0,0,0,0,0,0,0,0,0
2002.5,1,1,0,0,0,55,545,0,0,0,7,0,0,0,0,0,0,0,0,0,0
2002.5,1,1,0,0,0,60,1623,0,0,0,34,0,0,0,0,0,0,0,0,0,0
2002.5,1,1,0,0,0,100,1,0,0,0,0,0,0,0,0,0,0,0,0,0,0
2002.5,1,1,0,0,1,0,0,0,0,0,0,0,0,0,0,0,0,0,0,0,0
2002.5,1,1,0,0,1,5,0,0,0,0,0,0,0,0,0,0,0,0,0,0,0
2002.5,1,1,0,0,1,10,0,0,0,0,0,0,0,0,0,0,0,0,0,0,0
2002.5,1,1,0,0,1,15,0,0,0,0,0,0,0,0,0,0,0,0,0,0,0
2002.5,1,1,0,0,1,20,0,0,0,0,0,0,0,0,0,0,0,0,0,0,0
2002.5,1,1,0,0,1,25,0,0,0,0,0,0,0,0,0,0,0,0,0,0,0
2002.5,1,1,0,0,1,30,0,0,0,0,0,0,0,0,0,0,0,0,0,0,0
2002.5,1,1,0,0,1,35,0,0,0,0,0,0,0,0,0,0,0,0,0,0,0
2002.5,1,1,0,0,1,40,0,0,0,0,0,0,0,0,0,0,0,0,0,0,0
2002.5,1,1,0,0,1,45,0,0,0,0,0,0,0,0,0,0,0,0,0,0,0
2002.5,1,1,0,0,1,50,0,0,0,0,0,0,0,0,0,0,0,0,0,0,0
2002.5,1,1,0,0,1,55,0,0,0,0,0,0,0,0,0,0,0,0,0,0,0
2002.5,1,1,0,0,1,60,0,0,0,0,0,0,0,0,0,0,0,0,0,0,0
2002.5,1,1,0,0,1,100,0,0,0,0,0,0,0,0,0,0,0,0,0,0,0
2002.5,1,1,0,1,0,0,235,235,44,0,19,19,18,19,19,14,0,0,0,0,0
2002.5,1,1,0,1,0,5,138,138,0,0,3,3,4,4,4,1,0,0,0,0,0
2002.5,1,1,0,1,0,10,95,95,14,0,6,6,3,4,4,4,0,3,0,0,0
2002.5,1,1,0,1,0,15,266,266,42,0,0,0,10,12,10,3,0,18,0,0,0
2002.5,1,1,0,1,0,20,771,771,67,0,11,10,16,27,23,9,0,44,0,0,0
2002.5,1,1,0,1,0,25,955,955,47,0,22,20,27,53,48,14,0,27,0,0,0
2002.5,1,1,0,1,0,30,988,988,39,0,34,34,33,64,61,20,0,36,0,0,0
2002.5,1,1,0,1,0,35,773,773,24,0,42,42,36,58,56,25,0,23,0,0,0
2002.5,1,1,0,1,0,40,409,409,12,0,25,23,19,31,30,13,0,14,0,0,0
2002.5,1,1,0,1,0,45,188,188,12,0,15,15,13,17,17,7,0,1,0,0,0
2002.5,1,1,0,1,0,50,104,104,3,0,22,22,6,9,9,1,0,2,0,0,0
2002.5,1,1,0,1,0,55,83,83,1,0,9,9,4,5,5,2,0,2,0,0,0
2002.5,1,1,0,1,0,60,162,162,9,0,16,12,9,18,18,5,0,1,0,0,0
2002.5,1,1,0,1,0,100,0,0,0,0,0,0,0,0,0,0,0,0,0,0,0
2002.5,1,1,0,1,1,0,0,0,0,0,0,0,0,0,0,0,0,0,0,0,0
2002.5,1,1,0,1,1,5,0,0,0,0,0,0,0,0,0,0,0,0,0,0,0
2002.5,1,1,0,1,1,10,0,0,0,0,0,0,0,0,0,0,0,0,0,0,0
2002.5,1,1,0,1,1,15,0,0,0,0,0,0,0,0,0,0,0,0,0,0,0
2002.5,1,1,0,1,1,20,0,0,0,0,0,0,0,0,0,0,0,0,0,0,0
2002.5,1,1,0,1,1,25,0,0,0,0,0,0,0,0,0,0,0,0,0,0,0
2002.5,1,1,0,1,1,30,0,0,0,0,0,0,0,0,0,0,0,0,0,0,0
2002.5,1,1,0,1,1,35,0,0,0,0,0,0,0,0,0,0,0,0,0,0,0
2002.5,1,1,0,1,1,40,0,0,0,0,0,0,0,0,0,0,0,0,0,0,0
2002.5,1,1,0,1,1,45,0,0,0,0,0,0,0,0,0,0,0,0,0,0,0
2002.5,1,1,0,1,1,50,0,0,0,0,0,0,0,0,0,0,0,0,0,0,0
2002.5,1,1,0,1,1,55,0,0,0,0,0,0,0,0,0,0,0,0,0,0,0
2002.5,1,1,0,1,1,60,0,0,0,0,0,0,0,0,0,0,0,0,0,0,0
2002.5,1,1,0,1,1,100,0,0,0,0,0,0,0,0,0,0,0,0,0,0,0
2003,1,0,0,0,0,0,4457,0,0,0,36,0,0,0,0,0,0,0,0,0,0
2003,1,0,0,0,0,5,4297,0,0,0,3,0,0,0,0,0,0,0,0,0,0
2003,1,0,0,0,0,10,4317,0,0,0,1,0,0,0,0,0,0,0,0,0,4
2003,1,0,0,0,0,15,3748,0,0,0,5,0,0,0,0,0,0,0,0,0,11
2003,1,0,0,0,0,20,2747,0,0,0,4,0,0,0,0,0,0,0,0,0,17
2003,1,0,0,0,0,25,1823,0,0,0,1,0,0,0,0,0,0,0,0,0,10
2003,1,0,0,0,0,30,1462,0,0,0,3,0,0,0,0,0,0,0,0,0,2
2003,1,0,0,0,0,35,1081,0,0,0,3,0,0,0,0,0,0,0,0,0,0
2003,1,0,0,0,0,40,635,0,0,0,4,0,0,0,0,0,0,0,0,0,0
2003,1,0,0,0,0,45,363,0,0,0,3,0,0,0,0,0,0,0,0,0,0
2003,1,0,0,0,0,50,371,0,0,0,6,0,0,0,0,0,0,0,0,0,0
2003,1,0,0,0,0,55,372,0,0,0,4,0,0,0,0,0,0,0,0,0,0
2003,1,0,0,0,0,60,988,0,0,0,37,0,0,0,0,0,0,0,0,0,0
2003,1,0,0,0,0,100,0,0,0,0,0,0,0,0,0,0,0,0,0,0,0
2003,1,0,0,0,1,0,0,0,0,0,0,0,0,0,0,0,0,0,0,0,0
2003,1,0,0,0,1,5,0,0,0,0,0,0,0,0,0,0,0,0,0,0,0
2003,1,0,0,0,1,10,0,0,0,0,0,0,0,0,0,0,0,0,0,0,0
2003,1,0,0,0,1,15,0,0,0,0,0,0,0,0,0,0,0,0,0,0,0
2003,1,0,0,0,1,20,0,0,0,0,0,0,0,0,0,0,0,0,0,0,0
2003,1,0,0,0,1,25,0,0,0,0,0,0,0,0,0,0,0,0,0,0,0
2003,1,0,0,0,1,30,0,0,0,0,0,0,0,0,0,0,0,0,0,0,0
2003,1,0,0,0,1,35,0,0,0,0,0,0,0,0,0,0,0,0,0,0,0
2003,1,0,0,0,1,40,0,0,0,0,0,0,0,0,0,0,0,0,0,0,0
2003,1,0,0,0,1,45,0,0,0,0,0,0,0,0,0,0,0,0,0,0,0
2003,1,0,0,0,1,50,0,0,0,0,0,0,0,0,0,0,0,0,0,0,0
2003,1,0,0,0,1,55,0,0,0,0,0,0,0,0,0,0,0,0,0,0,0
2003,1,0,0,0,1,60,0,0,0,0,0,0,0,0,0,0,0,0,0,0,0
2003,1,0,0,0,1,100,0,0,0,0,0,0,0,0,0,0,0,0,0,0,0
2003,1,0,0,1,0,0,219,219,37,0,30,28,15,15,15,6,0,0,0,0,0
2003,1,0,0,1,0,5,158,158,0,0,4,3,2,2,2,1,0,0,0,0,0
2003,1,0,0,1,0,10,74,74,0,0,4,3,2,3,3,2,0,0,0,0,0
2003,1,0,0,1,0,15,72,72,14,0,1,1,2,3,3,1,0,10,0,0,0
2003,1,0,0,1,0,20,219,219,27,0,1,1,4,4,4,4,0,20,0,0,1
2003,1,0,0,1,0,25,521,521,42,0,11,8,11,15,15,7,0,63,0,0,5
2003,1,0,0,1,0,30,585,585,24,0,20,18,16,26,26,10,0,58,0,0,0
2003,1,0,0,1,0,35,596,596,25,0,28,26,25,39,39,16,0,29,0,0,0
2003,1,0,0,1,0,40,344,344,16,0,17,16,20,30,30,10,0,37,0,0,0
2003,1,0,0,1,0,45,192,192,6,0,16,14,8,17,17,4,0,15,0,0,0
2003,1,0,0,1,0,50,110,110,5,0,12,12,10,17,17,4,0,6,0,0,0
2003,1,0,0,1,0,55,51,51,4,0,7,6,2,3,3,2,0,0,0,0,0
2003,1,0,0,1,0,60,85,85,5,0,15,10,4,8,8,3,0,7,0,0,0
2003,1,0,0,1,0,100,0,0,0,0,0,0,0,0,0,0,0,0,0,0,0
2003,1,0,0,1,1,0,0,0,0,0,0,0,0,0,0,0,0,0,0,0,0
2003,1,0,0,1,1,5,0,0,0,0,0,0,0,0,0,0,0,0,0,0,0
2003,1,0,0,1,1,10,0,0,0,0,0,0,0,0,0,0,0,0,0,0,0
2003,1,0,0,1,1,15,0,0,0,0,0,0,0,0,0,0,0,0,0,0,0
2003,1,0,0,1,1,20,0,0,0,0,0,0,0,0,0,0,0,0,0,0,0
2003,1,0,0,1,1,25,0,0,0,0,0,0,0,0,0,0,0,0,0,0,0
2003,1,0,0,1,1,30,0,0,0,0,0,0,0,0,0,0,0,0,0,0,0
2003,1,0,0,1,1,35,0,0,0,0,0,0,0,0,0,0,0,0,0,0,0
2003,1,0,0,1,1,40,0,0,0,0,0,0,0,0,0,0,0,0,0,0,0
2003,1,0,0,1,1,45,0,0,0,0,0,0,0,0,0,0,0,0,0,0,0
2003,1,0,0,1,1,50,0,0,0,0,0,0,0,0,0,0,0,0,0,0,0
2003,1,0,0,1,1,55,0,0,0,0,0,0,0,0,0,0,0,0,0,0,0
2003,1,0,0,1,1,60,0,0,0,0,0,0,0,0,0,0,0,0,0,0,0
2003,1,0,0,1,1,100,0,0,0,0,0,0,0,0,0,0,0,0,0,0,0
2003,1,0,1,0,0,0,0,0,0,0,0,0,0,0,0,0,0,0,0,0,0
2003,1,0,1,0,0,5,0,0,0,0,0,0,0,0,0,0,0,0,0,0,0
2003,1,0,1,0,0,10,21,0,0,0,0,0,0,0,0,0,0,0,0,0,0
2003,1,0,1,0,0,15,77,0,0,0,1,0,0,0,0,0,0,0,0,0,0
2003,1,0,1,0,0,20,222,0,0,0,0,0,0,0,0,0,0,0,0,0,0
2003,1,0,1,0,0,25,233,0,0,0,0,0,0,0,0,0,0,0,0,0,0
2003,1,0,1,0,0,30,214,0,0,0,0,0,0,0,0,0,0,0,0,0,0
2003,1,0,1,0,0,35,155,0,0,0,1,0,0,0,0,0,0,0,0,0,0
2003,1,0,1,0,0,40,92,0,0,0,0,0,0,0,0,0,0,0,0,0,0
2003,1,0,1,0,0,45,39,0,0,0,0,0,0,0,0,0,0,0,0,0,0
2003,1,0,1,0,0,50,41,0,0,0,0,0,0,0,0,0,0,0,0,0,0
2003,1,0,1,0,0,55,32,0,0,0,2,0,0,0,0,0,0,0,0,0,0
2003,1,0,1,0,0,60,88,0,0,0,2,0,0,0,0,0,0,0,0,0,0
2003,1,0,1,0,0,100,0,0,0,0,0,0,0,0,0,0,0,0,0,0,0
2003,1,0,1,0,1,0,0,0,0,0,0,0,0,0,0,0,0,0,0,0,0
2003,1,0,1,0,1,5,0,0,0,0,0,0,0,0,0,0,0,0,0,0,0
2003,1,0,1,0,1,10,0,0,0,0,0,0,0,0,0,0,0,0,0,0,0
2003,1,0,1,0,1,15,0,0,0,0,0,0,0,0,0,0,0,0,0,0,0
2003,1,0,1,0,1,20,0,0,0,0,0,0,0,0,0,0,0,0,0,0,0
2003,1,0,1,0,1,25,0,0,0,0,0,0,0,0,0,0,0,0,0,0,0
2003,1,0,1,0,1,30,0,0,0,0,0,0,0,0,0,0,0,0,0,0,0
2003,1,0,1,0,1,35,0,0,0,0,0,0,0,0,0,0,0,0,0,0,0
2003,1,0,1,0,1,40,0,0,0,0,0,0,0,0,0,0,0,0,0,0,0
2003,1,0,1,0,1,45,0,0,0,0,0,0,0,0,0,0,0,0,0,0,0
2003,1,0,1,0,1,50,0,0,0,0,0,0,0,0,0,0,0,0,0,0,0
2003,1,0,1,0,1,55,0,0,0,0,0,0,0,0,0,0,0,0,0,0,0
2003,1,0,1,0,1,60,0,0,0,0,0,0,0,0,0,0,0,0,0,0,0
2003,1,0,1,0,1,100,0,0,0,0,0,0,0,0,0,0,0,0,0,0,0
2003,1,0,1,1,0,0,0,0,0,0,0,0,0,0,0,0,0,0,0,0,0
2003,1,0,1,1,0,5,0,0,0,0,0,0,0,0,0,0,0,0,0,0,0
2003,1,0,1,1,0,10,0,0,0,0,0,0,0,0,0,0,0,0,0,0,0
2003,1,0,1,1,0,15,2,2,1,0,0,0,0,0,0,0,0,3,0,0,0
2003,1,0,1,1,0,20,12,12,2,0,0,0,0,0,0,0,0,0,0,0,0
2003,1,0,1,1,0,25,46,46,3,0,1,1,2,2,2,1,0,6,0,0,0
2003,1,0,1,1,0,30,57,57,2,0,3,3,0,1,1,0,0,6,0,0,0
2003,1,0,1,1,0,35,57,57,4,0,1,1,0,1,1,0,0,0,0,0,0
2003,1,0,1,1,0,40,27,27,1,0,1,1,1,2,2,1,0,0,0,0,0
2003,1,0,1,1,0,45,18,18,0,0,0,0,4,4,4,2,0,3,0,0,0
2003,1,0,1,1,0,50,7,7,0,0,0,0,0,0,0,0,0,1,0,0,0
2003,1,0,1,1,0,55,2,2,1,0,1,1,0,0,0,0,0,0,0,0,0
2003,1,0,1,1,0,60,7,7,0,0,1,0,0,1,1,0,0,1,0,0,0
2003,1,0,1,1,0,100,0,0,0,0,0,0,0,0,0,0,0,0,0,0,0
2003,1,0,1,1,1,0,0,0,0,0,0,0,0,0,0,0,0,0,0,0,0
2003,1,0,1,1,1,5,0,0,0,0,0,0,0,0,0,0,0,0,0,0,0
2003,1,0,1,1,1,10,0,0,0,0,0,0,0,0,0,0,0,0,0,0,0
2003,1,0,1,1,1,15,0,0,0,0,0,0,0,0,0,0,0,0,0,0,0
2003,1,0,1,1,1,20,0,0,0,0,0,0,0,0,0,0,0,0,0,0,0
2003,1,0,1,1,1,25,0,0,0,0,0,0,0,0,0,0,0,0,0,0,0
2003,1,0,1,1,1,30,0,0,0,0,0,0,0,0,0,0,0,0,0,0,0
2003,1,0,1,1,1,35,0,0,0,0,0,0,0,0,0,0,0,0,0,0,0
2003,1,0,1,1,1,40,0,0,0,0,0,0,0,0,0,0,0,0,0,0,0
2003,1,0,1,1,1,45,0,0,0,0,0,0,0,0,0,0,0,0,0,0,0
2003,1,0,1,1,1,50,0,0,0,0,0,0,0,0,0,0,0,0,0,0,0
2003,1,0,1,1,1,55,0,0,0,0,0,0,0,0,0,0,0,0,0,0,0
2003,1,0,1,1,1,60,0,0,0,0,0,0,0,0,0,0,0,0,0,0,0
2003,1,0,1,1,1,100,0,0,0,0,0,0,0,0,0,0,0,0,0,0,0
2003,1,1,0,0,0,0,4631,0,0,0,17,0,0,0,0,0,0,0,0,0,0
2003,1,1,0,0,0,5,4348,0,0,0,2,0,0,0,0,0,0,0,0,0,0
2003,1,1,0,0,0,10,4459,0,0,0,1,0,2,2,0,0,2,0,0,0,0
2003,1,1,0,0,0,15,3752,0,0,0,1,0,26,50,0,0,18,0,0,0,0
2003,1,1,0,0,0,20,2586,0,0,0,3,0,36,62,0,0,26,0,0,0,0
2003,1,1,0,0,0,25,1598,0,0,0,1,0,28,49,0,0,16,0,0,0,0
2003,1,1,0,0,0,30,1230,0,0,0,0,0,20,41,0,0,12,0,0,0,0
2003,1,1,0,0,0,35,1008,0,0,0,2,0,14,20,0,0,7,0,0,0,0
2003,1,1,0,0,0,40,580,0,0,0,3,0,2,4,0,0,0,0,0,0,0
2003,1,1,0,0,0,45,410,0,0,0,0,0,0,1,0,0,0,0,0,0,0
2003,1,1,0,0,0,50,479,0,0,0,2,0,0,0,0,0,0,0,0,0,0
2003,1,1,0,0,0,55,530,0,0,0,1,0,0,0,0,0,0,0,0,0,0
2003,1,1,0,0,0,60,1646,0,0,0,28,0,0,0,0,0,0,0,0,0,0
2003,1,1,0,0,0,100,1,0,0,0,0,0,0,0,0,0,0,0,0,0,0
2003,1,1,0,0,1,0,0,0,0,0,0,0,0,0,0,0,0,0,0,0,0
2003,1,1,0,0,1,5,0,0,0,0,0,0,0,0,0,0,0,0,0,0,0
2003,1,1,0,0,1,10,0,0,0,0,0,0,0,0,0,0,0,0,0,0,0
2003,1,1,0,0,1,15,0,0,0,0,0,0,0,0,0,0,0,0,0,0,0
2003,1,1,0,0,1,20,0,0,0,0,0,0,0,0,0,0,0,0,0,0,0
2003,1,1,0,0,1,25,0,0,0,0,0,0,0,0,0,0,0,0,0,0,0
2003,1,1,0,0,1,30,0,0,0,0,0,0,0,0,0,0,0,0,0,0,0
2003,1,1,0,0,1,35,0,0,0,0,0,0,0,0,0,0,0,0,0,0,0
2003,1,1,0,0,1,40,0,0,0,0,0,0,0,0,0,0,0,0,0,0,0
2003,1,1,0,0,1,45,0,0,0,0,0,0,0,0,0,0,0,0,0,0,0
2003,1,1,0,0,1,50,0,0,0,0,0,0,0,0,0,0,0,0,0,0,0
2003,1,1,0,0,1,55,0,0,0,0,0,0,0,0,0,0,0,0,0,0,0
2003,1,1,0,0,1,60,0,0,0,0,0,0,0,0,0,0,0,0,0,0,0
2003,1,1,0,0,1,100,0,0,0,0,0,0,0,0,0,0,0,0,0,0,0
2003,1,1,0,1,0,0,235,235,46,0,32,31,11,16,16,10,0,0,0,0,0
2003,1,1,0,1,0,5,148,148,0,0,1,1,1,4,4,0,0,0,0,0,0
2003,1,1,0,1,0,10,100,100,11,0,3,3,4,5,5,4,0,1,0,0,0
2003,1,1,0,1,0,15,275,275,41,0,6,6,10,15,12,5,0,18,0,0,0
2003,1,1,0,1,0,20,774,774,68,0,8,6,21,39,34,14,0,45,0,0,0
2003,1,1,0,1,0,25,981,981,52,0,19,19,31,61,55,21,0,40,0,0,0
2003,1,1,0,1,0,30,982,982,27,0,42,41,42,71,67,23,0,36,0,0,0
2003,1,1,0,1,0,35,799,799,32,0,36,36,41,65,63,19,0,16,0,0,0
2003,1,1,0,1,0,40,432,432,11,0,18,15,23,41,40,10,0,16,0,0,0
2003,1,1,0,1,0,45,198,198,6,0,7,7,10,13,13,3,0,4,0,0,0
2003,1,1,0,1,0,50,102,102,6,0,7,7,4,9,9,3,0,3,0,0,0
2003,1,1,0,1,0,55,79,79,3,0,9,9,9,12,12,6,0,1,0,0,0
2003,1,1,0,1,0,60,163,163,8,0,11,10,7,14,14,4,0,2,0,0,0
2003,1,1,0,1,0,100,0,0,0,0,0,0,0,0,0,0,0,0,0,0,0
2003,1,1,0,1,1,0,0,0,0,0,0,0,0,0,0,0,0,0,0,0,0
2003,1,1,0,1,1,5,0,0,0,0,0,0,0,0,0,0,0,0,0,0,0
2003,1,1,0,1,1,10,0,0,0,0,0,0,0,0,0,0,0,0,0,0,0
2003,1,1,0,1,1,15,0,0,0,0,0,0,0,0,0,0,0,0,0,0,0
2003,1,1,0,1,1,20,0,0,0,0,0,0,0,0,0,0,0,0,0,0,0
2003,1,1,0,1,1,25,0,0,0,0,0,0,0,0,0,0,0,0,0,0,0
2003,1,1,0,1,1,30,0,0,0,0,0,0,0,0,0,0,0,0,0,0,0
2003,1,1,0,1,1,35,0,0,0,0,0,0,0,0,0,0,0,0,0,0,0
2003,1,1,0,1,1,40,0,0,0,0,0,0,0,0,0,0,0,0,0,0,0
2003,1,1,0,1,1,45,0,0,0,0,0,0,0,0,0,0,0,0,0,0,0
2003,1,1,0,1,1,50,0,0,0,0,0,0,0,0,0,0,0,0,0,0,0
2003,1,1,0,1,1,55,0,0,0,0,0,0,0,0,0,0,0,0,0,0,0
2003,1,1,0,1,1,60,0,0,0,0,0,0,0,0,0,0,0,0,0,0,0
2003,1,1,0,1,1,100,0,0,0,0,0,0,0,0,0,0,0,0,0,0,0
2003.5,1,0,0,0,0,0,4491,0,0,0,33,0,0,0,0,0,0,0,0,0,0
2003.5,1,0,0,0,0,5,4292,0,0,0,3,0,0,0,0,0,0,0,0,0,1
2003.5,1,0,0,0,0,10,4279,0,0,0,4,0,0,0,0,0,0,0,0,0,3
2003.5,1,0,0,0,0,15,3822,0,0,0,1,0,0,0,0,0,0,0,0,0,11
2003.5,1,0,0,0,0,20,2795,0,0,0,6,0,1,1,0,0,1,0,0,0,16
2003.5,1,0,0,0,0,25,1859,0,0,0,2,0,0,0,0,0,0,0,0,0,2
2003.5,1,0,0,0,0,30,1455,0,0,0,4,0,0,0,0,0,0,0,0,0,0
2003.5,1,0,0,0,0,35,1109,0,0,0,7,0,0,0,0,0,0,0,0,0,0
2003.5,1,0,0,0,0,40,664,0,0,0,2,0,0,0,0,0,0,0,0,0,0
2003.5,1,0,0,0,0,45,339,0,0,0,0,0,0,0,0,0,0,0,0,0,0
2003.5,1,0,0,0,0,50,375,0,0,0,2,0,0,0,0,0,0,0,0,0,0
2003.5,1,0,0,0,0,55,358,0,0,0,6,0,0,0,0,0,0,0,0,0,0
2003.5,1,0,0,0,0,60,988,0,0,0,27,0,0,0,0,0,0,0,0,0,0
2003.5,1,0,0,0,0,100,0,0,0,0,0,0,0,0,0,0,0,0,0,0,0
2003.5,1,0,0,0,1,0,0,0,0,0,0,0,0,0,0,0,0,0,0,0,0
2003.5,1,0,0,0,1,5,0,0,0,0,0,0,0,0,0,0,0,0,0,0,0
2003.5,1,0,0,0,1,10,0,0,0,0,0,0,0,0,0,0,0,0,0,0,0
2003.5,1,0,0,0,1,15,0,0,0,0,0,0,0,0,0,0,0,0,0,0,0
2003.5,1,0,0,0,1,20,0,0,0,0,0,0,0,0,0,0,0,0,0,0,0
2003.5,1,0,0,0,1,25,0,0,0,0,0,0,0,0,0,0,0,0,0,0,0
2003.5,1,0,0,0,1,30,0,0,0,0,0,0,0,0,0,0,0,0,0,0,0
2003.5,1,0,0,0,1,35,0,0,0,0,0,0,0,0,0,0,0,0,0,0,0
2003.5,1,0,0,0,1,40,0,0,0,0,0,0,0,0,0,0,0,0,0,0,0
2003.5,1,0,0,0,1,45,0,0,0,0,0,0,0,0,0,0,0,0,0,0,0
2003.5,1,0,0,0,1,50,0,0,0,0,0,0,0,0,0,0,0,0,0,0,0
2003.5,1,0,0,0,1,55,0,0,0,0,0,0,0,0,0,0,0,0,0,0,0
2003.5,1,0,0,0,1,60,0,0,0,0,0,0,0,0,0,0,0,0,0,0,0
2003.5,1,0,0,0,1,100,0,0,0,0,0,0,0,0,0,0,0,0,0,0,0
2003.5,1,0,0,1,0,0,213,213,40,0,20,16,10,12,12,9,0,0,0,0,0
2003.5,1,0,0,1,0,5,169,169,0,0,2,2,4,5,5,3,0,0,0,0,0
2003.5,1,0,0,1,0,10,80,80,0,0,2,2,3,4,4,1,0,0,0,0,0
2003.5,1,0,0,1,0,15,74,74,10,0,2,2,1,2,2,0,0,7,0,0,0
2003.5,1,0,0,1,0,20,212,212,28,0,2,2,3,3,3,0,0,25,0,0,1
2003.5,1,0,0,1,0,25,511,511,35,0,12,12,8,15,15,6,0,55,0,0,1
2003.5,1,0,0,1,0,30,603,603,21,0,22,22,14,22,22,5,0,48,0,0,0
2003.5,1,0,0,1,0,35,592,592,26,0,30,29,26,36,36,15,0,29,0,0,0
2003.5,1,0,0,1,0,40,371,371,26,0,28,23,13,29,29,5,0,29,0,0,0
2003.5,1,0,0,1,0,45,204,204,9,0,14,12,10,16,16,5,0,13,0,0,0
2003.5,1,0,0,1,0,50,99,99,2,0,14,14,7,14,14,4,0,7,0,0,0
2003.5,1,0,0,1,0,55,56,56,4,0,2,1,2,2,2,1,0,2,0,0,0
2003.5,1,0,0,1,0,60,87,87,7,0,10,10,7,11,11,4,0,7,0,0,0
2003.5,1,0,0,1,0,100,0,0,0,0,0,0,0,0,0,0,0,0,0,0,0
2003.5,1,0,0,1,1,0,0,0,0,0,0,0,0,0,0,0,0,0,0,0,0
2003.5,1,0,0,1,1,5,0,0,0,0,0,0,0,0,0,0,0,0,0,0,0
2003.5,1,0,0,1,1,10,0,0,0,0,0,0,0,0,0,0,0,0,0,0,0
2003.5,1,0,0,1,1,15,0,0,0,0,0,0,0,0,0,0,0,0,0,0,0
2003.5,1,0,0,1,1,20,0,0,0,0,0,0,0,0,0,0,0,0,0,0,0
2003.5,1,0,0,1,1,25,0,0,0,0,0,0,0,0,0,0,0,0,0,0,0
2003.5,1,0,0,1,1,30,0,0,0,0,0,0,0,0,0,0,0,0,0,0,0
2003.5,1,0,0,1,1,35,0,0,0,0,0,0,0,0,0,0,0,0,0,0,0
2003.5,1,0,0,1,1,40,0,0,0,0,0,0,0,0,0,0,0,0,0,0,0
2003.5,1,0,0,1,1,45,0,0,0,0,0,0,0,0,0,0,0,0,0,0,0
2003.5,1,0,0,1,1,50,0,0,0,0,0,0,0,0,0,0,0,0,0,0,0
2003.5,1,0,0,1,1,55,0,0,0,0,0,0,0,0,0,0,0,0,0,0,0
2003.5,1,0,0,1,1,60,0,0,0,0,0,0,0,0,0,0,0,0,0,0,0
2003.5,1,0,0,1,1,100,0,0,0,0,0,0,0,0,0,0,0,0,0,0,0
2003.5,1,0,1,0,0,0,0,0,0,0,0,0,0,0,0,0,0,0,0,0,0
2003.5,1,0,1,0,0,5,1,0,0,0,0,0,0,0,0,0,0,0,0,0,0
2003.5,1,0,1,0,0,10,20,0,0,0,0,0,0,0,0,0,0,0,0,0,0
2003.5,1,0,1,0,0,15,79,0,0,0,0,0,0,0,0,0,0,0,0,0,0
2003.5,1,0,1,0,0,20,223,0,0,0,0,0,0,0,0,0,0,0,0,0,0
2003.5,1,0,1,0,0,25,241,0,0,0,1,0,0,0,0,0,0,0,0,0,0
2003.5,1,0,1,0,0,30,207,0,0,0,0,0,0,0,0,0,0,0,0,0,0
2003.5,1,0,1,0,0,35,160,0,0,0,0,0,0,0,0,0,0,0,0,0,0
2003.5,1,0,1,0,0,40,102,0,0,0,1,0,0,0,0,0,0,0,0,0,0
2003.5,1,0,1,0,0,45,40,0,0,0,0,0,0,0,0,0,0,0,0,0,0
2003.5,1,0,1,0,0,50,33,0,0,0,2,0,0,0,0,0,0,0,0,0,0
2003.5,1,0,1,0,0,55,38,0,0,0,2,0,0,0,0,0,0,0,0,0,0
2003.5,1,0,1,0,0,60,86,0,0,0,3,0,0,0,0,0,0,0,0,0,0
2003.5,1,0,1,0,0,100,0,0,0,0,0,0,0,0,0,0,0,0,0,0,0
2003.5,1,0,1,0,1,0,0,0,0,0,0,0,0,0,0,0,0,0,0,0,0
2003.5,1,0,1,0,1,5,0,0,0,0,0,0,0,0,0,0,0,0,0,0,0
2003.5,1,0,1,0,1,10,0,0,0,0,0,0,0,0,0,0,0,0,0,0,0
2003.5,1,0,1,0,1,15,0,0,0,0,0,0,0,0,0,0,0,0,0,0,0
2003.5,1,0,1,0,1,20,0,0,0,0,0,0,0,0,0,0,0,0,0,0,0
2003.5,1,0,1,0,1,25,0,0,0,0,0,0,0,0,0,0,0,0,0,0,0
2003.5,1,0,1,0,1,30,0,0,0,0,0,0,0,0,0,0,0,0,0,0,0
2003.5,1,0,1,0,1,35,0,0,0,0,0,0,0,0,0,0,0,0,0,0,0
2003.5,1,0,1,0,1,40,0,0,0,0,0,0,0,0,0,0,0,0,0,0,0
2003.5,1,0,1,0,1,45,0,0,0,0,0,0,0,0,0,0,0,0,0,0,0
2003.5,1,0,1,0,1,50,0,0,0,0,0,0,0,0,0,0,0,0,0,0,0
2003.5,1,0,1,0,1,55,0,0,0,0,0,0,0,0,0,0,0,0,0,0,0
2003.5,1,0,1,0,1,60,0,0,0,0,0,0,0,0,0,0,0,0,0,0,0
2003.5,1,0,1,0,1,100,0,0,0,0,0,0,0,0,0,0,0,0,0,0,0
2003.5,1,0,1,1,0,0,0,0,0,0,0,0,0,0,0,0,0,0,0,0,0
2003.5,1,0,1,1,0,5,0,0,0,0,0,0,0,0,0,0,0,0,0,0,0
2003.5,1,0,1,1,0,10,0,0,0,0,0,0,0,0,0,0,0,0,0,0,0
2003.5,1,0,1,1,0,15,2,2,0,0,0,0,0,0,0,0,0,0,0,0,0
2003.5,1,0,1,1,0,20,13,13,1,0,0,0,0,0,0,0,0,4,0,0,0
2003.5,1,0,1,1,0,25,41,41,1,0,0,0,1,2,2,0,0,2,0,0,0
2003.5,1,0,1,1,0,30,57,57,2,0,1,1,0,0,0,0,0,3,0,0,0
2003.5,1,0,1,1,0,35,62,62,2,0,3,2,0,0,0,0,0,2,0,0,0
2003.5,1,0,1,1,0,40,28,28,2,0,1,1,1,1,1,0,0,4,0,0,0
2003.5,1,0,1,1,0,45,19,19,1,0,0,0,2,4,4,1,0,1,0,0,0
2003.5,1,0,1,1,0,50,7,7,0,0,1,1,1,1,1,0,0,0,0,0,0
2003.5,1,0,1,1,0,55,2,2,0,0,0,0,0,0,0,0,0,0,0,0,0
2003.5,1,0,1,1,0,60,6,6,0,0,1,1,0,1,1,0,0,1,0,0,0
2003.5,1,0,1,1,0,100,0,0,0,0,0,0,0,0,0,0,0,0,0,0,0
2003.5,1,0,1,1,1,0,0,0,0,0,0,0,0,0,0,0,0,0,0,0,0
2003.5,1,0,1,1,1,5,0,0,0,0,0,0,0,0,0,0,0,0,0,0,0
2003.5,1,0,1,1,1,10,0,0,0,0,0,0,0,0,0,0,0,0,0,0,0
2003.5,1,0,1,1,1,15,0,0,0,0,0,0,0,0,0,0,0,0,0,0,0
2003.5,1,0,1,1,1,20,0,0,0,0,0,0,0,0,0,0,0,0,0,0,0
2003.5,1,0,1,1,1,25,0,0,0,0,0,0,0,0,0,0,0,0,0,0,0
2003.5,1,0,1,1,1,30,0,0,0,0,0,0,0,0,0,0,0,0,0,0,0
2003.5,1,0,1,1,1,35,0,0,0,0,0,0,0,0,0,0,0,0,0,0,0
2003.5,1,0,1,1,1,40,0,0,0,0,0,0,0,0,0,0,0,0,0,0,0
2003.5,1,0,1,1,1,45,0,0,0,0,0,0,0,0,0,0,0,0,0,0,0
2003.5,1,0,1,1,1,50,0,0,0,0,0,0,0,0,0,0,0,0,0,0,0
2003.5,1,0,1,1,1,55,0,0,0,0,0,0,0,0,0,0,0,0,0,0,0
2003.5,1,0,1,1,1,60,0,0,0,0,0,0,0,0,0,0,0,0,0,0,0
2003.5,1,0,1,1,1,100,0,0,0,0,0,0,0,0,0,0,0,0,0,0,0
2003.5,1,1,0,0,0,0,4687,0,0,0,25,0,0,0,0,0,0,0,0,0,0
2003.5,1,1,0,0,0,5,4383,0,0,0,1,0,0,0,0,0,0,0,0,0,0
2003.5,1,1,0,0,0,10,4452,0,0,0,0,0,1,1,0,0,4,0,0,0,0
2003.5,1,1,0,0,0,15,3775,0,0,0,3,0,54,84,0,0,33,0,0,0,0
2003.5,1,1,0,0,0,20,2651,0,0,0,0,0,50,84,0,0,29,0,0,0,0
2003.5,1,1,0,0,0,25,1643,0,0,0,3,0,40,74,0,0,22,0,0,0,0
2003.5,1,1,0,0,0,30,1219,0,0,0,4,0,17,44,0,0,10,0,0,0,0
2003.5,1,1,0,0,0,35,1007,0,0,0,3,0,20,32,0,0,10,0,0,0,0
2003.5,1,1,0,0,0,40,609,0,0,0,0,0,2,7,0,0,1,0,0,0,0
2003.5,1,1,0,0,0,45,404,0,0,0,2,0,0,1,0,0,0,0,0,0,0
2003.5,1,1,0,0,0,50,459,0,0,0,1,0,0,0,0,0,0,0,0,0,0
2003.5,1,1,0,0,0,55,513,0,0,0,5,0,0,0,0,0,0,0,0,0,0
2003.5,1,1,0,0,0,60,1669,0,0,0,26,0,0,0,0,0,0,0,0,0,0
2003.5,1,1,0,0,0,100,1,0,0,0,0,0,0,0,0,0,0,0,0,0,0
2003.5,1,1,0,0,1,0,0,0,0,0,0,0,0,0,0,0,0,0,0,0,0
2003.5,1,1,0,0,1,5,0,0,0,0,0,0,0,0,0,0,0,0,0,0,0
2003.5,1,1,0,0,1,10,0,0,0,0,0,0,0,0,0,0,0,0,0,0,0
2003.5,1,1,0,0,1,15,0,0,0,0,0,0,0,0,0,0,0,0,0,0,0
2003.5,1,1,0,0,1,20,0,0,0,0,0,0,0,0,0,0,0,0,0,0,0
2003.5,1,1,0,0,1,25,0,0,0,0,0,0,0,0,0,0,0,0,0,0,0
2003.5,1,1,0,0,1,30,0,0,0,0,0,0,0,0,0,0,0,0,0,0,0
2003.5,1,1,0,0,1,35,0,0,0,0,0,0,0,0,0,0,0,0,0,0,0
2003.5,1,1,0,0,1,40,0,0,0,0,0,0,0,0,0,0,0,0,0,0,0
2003.5,1,1,0,0,1,45,0,0,0,0,0,0,0,0,0,0,0,0,0,0,0
2003.5,1,1,0,0,1,50,0,0,0,0,0,0,0,0,0,0,0,0,0,0,0
2003.5,1,1,0,0,1,55,0,0,0,0,0,0,0,0,0,0,0,0,0,0,0
2003.5,1,1,0,0,1,60,0,0,0,0,0,0,0,0,0,0,0,0,0,0,0
2003.5,1,1,0,0,1,100,0,0,0,0,0,0,0,0,0,0,0,0,0,0,0
2003.5,1,1,0,1,0,0,229,229,41,0,27,26,11,15,15,9,0,0,0,0,0
2003.5,1,1,0,1,0,5,147,147,0,0,3,3,0,4,4,0,0,0,0,0,0
2003.5,1,1,0,1,0,10,107,107,9,0,4,4,6,7,7,5,0,6,0,0,0
2003.5,1,1,0,1,0,15,279,279,40,0,7,7,11,20,16,5,0,16,0,0,0
2003.5,1,1,0,1,0,20,768,768,61,0,9,8,25,43,37,12,0,31,0,0,0
2003.5,1,1,0,1,0,25,1004,1004,46,0,24,24,40,74,65,22,0,39,0,0,0
2003.5,1,1,0,1,0,30,974,974,23,0,46,46,39,72,67,18,0,31,0,0,0
2003.5,1,1,0,1,0,35,795,795,24,0,44,43,38,72,69,22,0,21,0,0,0
2003.5,1,1,0,1,0,40,464,464,8,0,34,32,22,43,42,14,0,15,0,0,0
2003.5,1,1,0,1,0,45,200,200,11,0,10,10,5,12,12,3,0,11,0,0,0
2003.5,1,1,0,1,0,50,112,112,7,0,8,6,6,10,10,3,0,3,0,0,0
2003.5,1,1,0,1,0,55,81,81,3,0,5,5,10,13,13,4,0,0,0,0,0
2003.5,1,1,0,1,0,60,156,156,7,0,18,12,11,17,17,7,0,4,0,0,0
2003.5,1,1,0,1,0,100,0,0,0,0,0,0,0,0,0,0,0,0,0,0,0
2003.5,1,1,0,1,1,0,0,0,0,0,0,0,0,0,0,0,0,0,0,0,0
2003.5,1,1,0,1,1,5,0,0,0,0,0,0,0,0,0,0,0,0,0,0,0
2003.5,1,1,0,1,1,10,0,0,0,0,0,0,0,0,0,0,0,0,0,0,0
2003.5,1,1,0,1,1,15,0,0,0,0,0,0,0,0,0,0,0,0,0,0,0
2003.5,1,1,0,1,1,20,0,0,0,0,0,0,0,0,0,0,0,0,0,0,0
2003.5,1,1,0,1,1,25,0,0,0,0,0,0,0,0,0,0,0,0,0,0,0
2003.5,1,1,0,1,1,30,0,0,0,0,0,0,0,0,0,0,0,0,0,0,0
2003.5,1,1,0,1,1,35,0,0,0,0,0,0,0,0,0,0,0,0,0,0,0
2003.5,1,1,0,1,1,40,0,0,0,0,0,0,0,0,0,0,0,0,0,0,0
2003.5,1,1,0,1,1,45,0,0,0,0,0,0,0,0,0,0,0,0,0,0,0
2003.5,1,1,0,1,1,50,0,0,0,0,0,0,0,0,0,0,0,0,0,0,0
2003.5,1,1,0,1,1,55,0,0,0,0,0,0,0,0,0,0,0,0,0,0,0
2003.5,1,1,0,1,1,60,0,0,0,0,0,0,0,0,0,0,0,0,0,0,0
2003.5,1,1,0,1,1,100,0,0,0,0,0,0,0,0,0,0,0,0,0,0,0
2004,1,0,0,0,0,0,4501,0,0,0,27,0,0,0,0,0,0,0,0,0,0
2004,1,0,0,0,0,5,4297,0,0,0,3,0,0,0,0,0,0,0,0,0,0
2004,1,0,0,0,0,10,4308,0,0,0,3,0,0,0,0,0,0,0,0,0,5
2004,1,0,0,0,0,15,3870,0,0,0,2,0,3,3,0,0,4,0,0,0,10
2004,1,0,0,0,0,20,2845,0,0,0,2,0,11,11,0,0,14,0,0,0,6
2004,1,0,0,0,0,25,1875,0,0,0,4,0,1,1,0,0,1,0,0,0,8
2004,1,0,0,0,0,30,1480,0,0,0,3,0,1,1,0,0,1,0,0,0,0
2004,1,0,0,0,0,35,1101,0,0,0,4,0,0,0,0,0,0,0,0,0,0
2004,1,0,0,0,0,40,697,0,0,0,0,0,0,0,0,0,0,0,0,0,0
2004,1,0,0,0,0,45,323,0,0,0,1,0,0,0,0,0,0,0,0,0,0
2004,1,0,0,0,0,50,378,0,0,0,4,0,0,0,0,0,0,0,0,0,0
2004,1,0,0,0,0,55,363,0,0,0,5,0,0,0,0,0,0,0,0,0,0
2004,1,0,0,0,0,60,973,0,0,0,33,0,0,0,0,0,0,0,0,0,0
2004,1,0,0,0,0,100,0,0,0,0,0,0,0,0,0,0,0,0,0,0,0
2004,1,0,0,0,1,0,0,0,0,0,0,0,0,0,0,0,0,0,0,0,0
2004,1,0,0,0,1,5,0,0,0,0,0,0,0,0,0,0,0,0,0,0,0
2004,1,0,0,0,1,10,0,0,0,0,0,0,0,0,0,0,0,0,0,0,0
2004,1,0,0,0,1,15,0,0,0,0,0,0,0,0,0,0,0,0,0,0,0
2004,1,0,0,0,1,20,0,0,0,0,0,0,0,0,0,0,0,0,0,0,0
2004,1,0,0,0,1,25,0,0,0,0,0,0,0,0,0,0,0,0,0,0,0
2004,1,0,0,0,1,30,0,0,0,0,0,0,0,0,0,0,0,0,0,0,0
2004,1,0,0,0,1,35,0,0,0,0,0,0,0,0,0,0,0,0,0,0,0
2004,1,0,0,0,1,40,0,0,0,0,0,0,0,0,0,0,0,0,0,0,0
2004,1,0,0,0,1,45,0,0,0,0,0,0,0,0,0,0,0,0,0,0,0
2004,1,0,0,0,1,50,0,0,0,0,0,0,0,0,0,0,0,0,0,0,0
2004,1,0,0,0,1,55,0,0,0,0,0,0,0,0,0,0,0,0,0,0,0
2004,1,0,0,0,1,60,0,0,0,0,0,0,0,0,0,0,0,0,0,0,0
2004,1,0,0,0,1,100,0,0,0,0,0,0,0,0,0,0,0,0,0,0,0
2004,1,0,0,1,0,0,230,230,49,0,19,19,7,8,8,6,0,0,0,0,0
2004,1,0,0,1,0,5,174,174,0,0,0,0,5,7,7,2,0,0,0,0,0
2004,1,0,0,1,0,10,76,76,0,0,2,2,1,4,4,0,0,0,0,0,0
2004,1,0,0,1,0,15,80,80,18,0,4,4,2,3,3,2,0,11,0,0,0
2004,1,0,0,1,0,20,214,214,27,0,4,4,2,3,3,3,0,30,0,0,5
2004,1,0,0,1,0,25,509,509,39,0,5,4,16,23,23,9,0,58,0,0,4
2004,1,0,0,1,0,30,631,631,33,0,15,15,10,20,20,7,0,59,0,0,0
2004,1,0,0,1,0,35,582,582,26,0,23,23,19,35,35,6,0,35,0,0,0
2004,1,0,0,1,0,40,409,409,20,0,18,16,10,28,28,8,0,29,0,0,0
2004,1,0,0,1,0,45,199,199,7,0,15,14,11,16,16,8,0,11,0,0,0
2004,1,0,0,1,0,50,108,108,2,0,7,7,6,12,12,1,0,3,0,0,0
2004,1,0,0,1,0,55,56,56,2,0,5,4,2,3,3,3,0,2,0,0,0
2004,1,0,0,1,0,60,97,97,15,0,10,10,10,12,12,7,0,7,0,0,0
2004,1,0,0,1,0,100,0,0,0,0,0,0,0,0,0,0,0,0,0,0,0
2004,1,0,0,1,1,0,0,0,0,0,0,0,0,0,0,0,0,0,0,0,0
2004,1,0,0,1,1,5,0,0,0,0,0,0,0,0,0,0,0,0,0,0,0
2004,1,0,0,1,1,10,0,0,0,0,0,0,0,0,0,0,0,0,0,0,0
2004,1,0,0,1,1,15,0,0,0,0,0,0,0,0,0,0,0,0,0,0,0
2004,1,0,0,1,1,20,0,0,0,0,0,0,0,0,0,0,0,0,0,0,0
2004,1,0,0,1,1,25,0,0,0,0,0,0,0,0,0,0,0,0,0,0,0
2004,1,0,0,1,1,30,0,0,0,0,0,0,0,0,0,0,0,0,0,0,0
2004,1,0,0,1,1,35,0,0,0,0,0,0,0,0,0,0,0,0,0,0,0
2004,1,0,0,1,1,40,0,0,0,0,0,0,0,0,0,0,0,0,0,0,0
2004,1,0,0,1,1,45,0,0,0,0,0,0,0,0,0,0,0,0,0,0,0
2004,1,0,0,1,1,50,0,0,0,0,0,0,0,0,0,0,0,0,0,0,0
2004,1,0,0,1,1,55,0,0,0,0,0,0,0,0,0,0,0,0,0,0,0
2004,1,0,0,1,1,60,0,0,0,0,0,0,0,0,0,0,0,0,0,0,0
2004,1,0,0,1,1,100,0,0,0,0,0,0,0,0,0,0,0,0,0,0,0
2004,1,0,1,0,0,0,0,0,0,0,0,0,0,0,0,0,0,0,0,0,0
2004,1,0,1,0,0,5,1,0,0,0,0,0,0,0,0,0,0,0,0,0,0
2004,1,0,1,0,0,10,20,0,0,0,0,0,0,0,0,0,0,0,0,0,0
2004,1,0,1,0,0,15,79,0,0,0,0,0,0,0,0,0,0,0,0,0,0
2004,1,0,1,0,0,20,217,0,0,0,0,0,0,0,0,0,0,0,0,0,0
2004,1,0,1,0,0,25,246,0,0,0,2,0,0,0,0,0,0,0,0,0,0
2004,1,0,1,0,0,30,204,0,0,0,0,0,0,0,0,0,0,0,0,0,0
2004,1,0,1,0,0,35,167,0,0,0,0,0,0,0,0,0,0,0,0,0,0
2004,1,0,1,0,0,40,106,0,0,0,1,0,0,0,0,0,0,0,0,0,0
2004,1,0,1,0,0,45,41,0,0,0,0,0,0,0,0,0,0,0,0,0,0
2004,1,0,1,0,0,50,34,0,0,0,0,0,0,0,0,0,0,0,0,0,0
2004,1,0,1,0,0,55,33,0,0,0,1,0,0,0,0,0,0,0,0,0,0
2004,1,0,1,0,0,60,89,0,0,0,3,0,0,0,0,0,0,0,0,0,0
2004,1,0,1,0,0,100,0,0,0,0,0,0,0,0,0,0,0,0,0,0,0
2004,1,0,1,0,1,0,0,0,0,0,0,0,0,0,0,0,0,0,0,0,0
2004,1,0,1,0,1,5,0,0,0,0,0,0,0,0,0,0,0,0,0,0,0
2004,1,0,1,0,1,10,0,0,0,0,0,0,0,0,0,0,0,0,0,0,0
2004,1,0,1,0,1,15,0,0,0,0,0,0,0,0,0,0,0,0,0,0,0
2004,1,0,1,0,1,20,0,0,0,0,0,0,0,0,0,0,0,0,0,0,0
2004,1,0,1,0,1,25,0,0,0,0,0,0,0,0,0,0,0,0,0,0,0
2004,1,0,1,0,1,30,0,0,0,0,0,0,0,0,0,0,0,0,0,0,0
2004,1,0,1,0,1,35,0,0,0,0,0,0,0,0,0,0,0,0,0,0,0
2004,1,0,1,0,1,40,0,0,0,0,0,0,0,0,0,0,0,0,0,0,0
2004,1,0,1,0,1,45,0,0,0,0,0,0,0,0,0,0,0,0,0,0,0
2004,1,0,1,0,1,50,0,0,0,0,0,0,0,0,0,0,0,0,0,0,0
2004,1,0,1,0,1,55,0,0,0,0,0,0,0,0,0,0,0,0,0,0,0
2004,1,0,1,0,1,60,0,0,0,0,0,0,0,0,0,0,0,0,0,0,0
2004,1,0,1,0,1,100,0,0,0,0,0,0,0,0,0,0,0,0,0,0,0
2004,1,0,1,1,0,0,0,0,0,0,0,0,0,0,0,0,0,0,0,0,0
2004,1,0,1,1,0,5,0,0,0,0,0,0,0,0,0,0,0,0,0,0,0
2004,1,0,1,1,0,10,0,0,0,0,0,0,0,0,0,0,0,0,0,0,0
2004,1,0,1,1,0,15,2,2,0,0,0,0,0,0,0,0,0,0,0,0,0
2004,1,0,1,1,0,20,15,15,1,0,0,0,0,0,0,0,0,2,0,0,0
2004,1,0,1,1,0,25,46,46,5,0,1,1,0,0,0,0,0,8,0,0,0
2004,1,0,1,1,0,30,58,58,2,0,2,2,0,1,1,0,0,3,0,0,0
2004,1,0,1,1,0,35,59,59,1,0,1,1,2,2,2,2,0,1,0,0,0
2004,1,0,1,1,0,40,40,40,4,0,0,0,1,2,2,1,0,3,0,0,0
2004,1,0,1,1,0,45,18,18,1,0,4,4,0,2,2,0,0,1,0,0,0
2004,1,0,1,1,0,50,6,6,0,0,0,0,1,1,1,0,0,0,0,0,0
2004,1,0,1,1,0,55,3,3,0,0,0,0,0,0,0,0,0,0,0,0,0
2004,1,0,1,1,0,60,6,6,0,0,0,0,0,1,1,0,0,1,0,0,0
2004,1,0,1,1,0,100,0,0,0,0,0,0,0,0,0,0,0,0,0,0,0
2004,1,0,1,1,1,0,0,0,0,0,0,0,0,0,0,0,0,0,0,0,0
2004,1,0,1,1,1,5,0,0,0,0,0,0,0,0,0,0,0,0,0,0,0
2004,1,0,1,1,1,10,0,0,0,0,0,0,0,0,0,0,0,0,0,0,0
2004,1,0,1,1,1,15,0,0,0,0,0,0,0,0,0,0,0,0,0,0,0
2004,1,0,1,1,1,20,0,0,0,0,0,0,0,0,0,0,0,0,0,0,0
2004,1,0,1,1,1,25,0,0,0,0,0,0,0,0,0,0,0,0,0,0,0
2004,1,0,1,1,1,30,0,0,0,0,0,0,0,0,0,0,0,0,0,0,0
2004,1,0,1,1,1,35,0,0,0,0,0,0,0,0,0,0,0,0,0,0,0
2004,1,0,1,1,1,40,0,0,0,0,0,0,0,0,0,0,0,0,0,0,0
2004,1,0,1,1,1,45,0,0,0,0,0,0,0,0,0,0,0,0,0,0,0
2004,1,0,1,1,1,50,0,0,0,0,0,0,0,0,0,0,0,0,0,0,0
2004,1,0,1,1,1,55,0,0,0,0,0,0,0,0,0,0,0,0,0,0,0
2004,1,0,1,1,1,60,0,0,0,0,0,0,0,0,0,0,0,0,0,0,0
2004,1,0,1,1,1,100,0,0,0,0,0,0,0,0,0,0,0,0,0,0,0
2004,1,1,0,0,0,0,4723,0,0,0,21,0,0,0,0,0,0,0,0,0,0
2004,1,1,0,0,0,5,4385,0,0,0,1,0,0,0,0,0,0,0,0,0,0
2004,1,1,0,0,0,10,4451,0,0,0,1,0,7,7,0,0,8,0,0,0,0
2004,1,1,0,0,0,15,3872,0,0,0,2,0,56,97,0,0,26,0,0,0,0
2004,1,1,0,0,0,20,2688,0,0,0,1,0,94,153,0,0,68,0,0,0,0
2004,1,1,0,0,0,25,1659,0,0,0,4,0,49,89,0,0,26,0,0,0,0
2004,1,1,0,0,0,30,1199,0,0,0,1,0,30,67,0,0,17,0,0,0,0
2004,1,1,0,0,0,35,1022,0,0,0,1,0,18,44,0,0,8,0,0,0,0
2004,1,1,0,0,0,40,623,0,0,0,3,0,3,10,0,0,1,0,0,0,0
2004,1,1,0,0,0,45,407,0,0,0,2,0,0,1,0,0,0,0,0,0,0
2004,1,1,0,0,0,50,427,0,0,0,2,0,0,0,0,0,0,0,0,0,0
2004,1,1,0,0,0,55,512,0,0,0,2,0,0,0,0,0,0,0,0,0,0
2004,1,1,0,0,0,60,1685,0,0,0,36,0,0,0,0,0,0,0,0,0,0
2004,1,1,0,0,0,100,1,0,0,0,0,0,0,0,0,0,0,0,0,0,0
2004,1,1,0,0,1,0,0,0,0,0,0,0,0,0,0,0,0,0,0,0,0
2004,1,1,0,0,1,5,0,0,0,0,0,0,0,0,0,0,0,0,0,0,0
2004,1,1,0,0,1,10,0,0,0,0,0,0,0,0,0,0,0,0,0,0,0
2004,1,1,0,0,1,15,0,0,0,0,0,0,0,0,0,0,0,0,0,0,0
2004,1,1,0,0,1,20,0,0,0,0,0,0,0,0,0,0,0,0,0,0,0
2004,1,1,0,0,1,25,0,0,0,0,0,0,0,0,0,0,0,0,0,0,0
2004,1,1,0,0,1,30,0,0,0,0,0,0,0,0,0,0,0,0,0,0,0
2004,1,1,0,0,1,35,0,0,0,0,0,0,0,0,0,0,0,0,0,0,0
2004,1,1,0,0,1,40,0,0,0,0,0,0,0,0,0,0,0,0,0,0,0
2004,1,1,0,0,1,45,0,0,0,0,0,0,0,0,0,0,0,0,0,0,0
2004,1,1,0,0,1,50,0,0,0,0,0,0,0,0,0,0,0,0,0,0,0
2004,1,1,0,0,1,55,0,0,0,0,0,0,0,0,0,0,0,0,0,0,0
2004,1,1,0,0,1,60,0,0,0,0,0,0,0,0,0,0,0,0,0,0,0
2004,1,1,0,0,1,100,0,0,0,0,0,0,0,0,0,0,0,0,0,0,0
2004,1,1,0,1,0,0,225,225,50,0,30,27,15,16,16,14,0,0,0,0,0
2004,1,1,0,1,0,5,156,156,0,0,4,4,0,4,4,0,0,0,0,0,0
2004,1,1,0,1,0,10,105,105,9,0,9,9,5,6,6,5,0,6,0,0,0
2004,1,1,0,1,0,15,281,281,39,0,5,5,17,27,23,10,0,23,0,0,0
2004,1,1,0,1,0,20,778,778,78,0,6,5,26,57,47,17,0,50,0,0,0
2004,1,1,0,1,0,25,1014,1014,43,0,23,23,42,85,75,21,0,32,0,0,0
2004,1,1,0,1,0,30,1004,1004,40,0,35,34,42,90,84,26,0,33,0,0,0
2004,1,1,0,1,0,35,804,804,23,0,37,35,38,76,73,20,0,24,0,0,0
2004,1,1,0,1,0,40,492,492,8,0,25,25,30,50,48,13,0,19,0,0,0
2004,1,1,0,1,0,45,198,198,7,0,19,19,6,14,14,4,0,6,0,0,0
2004,1,1,0,1,0,50,115,115,6,0,8,8,4,8,8,1,0,1,0,0,0
2004,1,1,0,1,0,55,83,83,5,0,9,9,5,10,10,1,0,2,0,0,0
2004,1,1,0,1,0,60,156,156,6,0,15,10,9,18,18,4,0,7,0,0,0
2004,1,1,0,1,0,100,0,0,0,0,0,0,0,0,0,0,0,0,0,0,0
2004,1,1,0,1,1,0,0,0,0,0,0,0,0,0,0,0,0,0,0,0,0
2004,1,1,0,1,1,5,0,0,0,0,0,0,0,0,0,0,0,0,0,0,0
2004,1,1,0,1,1,10,0,0,0,0,0,0,0,0,0,0,0,0,0,0,0
2004,1,1,0,1,1,15,0,0,0,0,0,0,0,0,0,0,0,0,0,0,0
2004,1,1,0,1,1,20,0,0,0,0,0,0,0,0,0,0,0,0,0,0,0
2004,1,1,0,1,1,25,0,0,0,0,0,0,0,0,0,0,0,0,0,0,0
2004,1,1,0,1,1,30,0,0,0,0,0,0,0,0,0,0,0,0,0,0,0
2004,1,1,0,1,1,35,0,0,0,0,0,0,0,0,0,0,0,0,0,0,0
2004,1,1,0,1,1,40,0,0,0,0,0,0,0,0,0,0,0,0,0,0,0
2004,1,1,0,1,1,45,0,0,0,0,0,0,0,0,0,0,0,0,0,0,0
2004,1,1,0,1,1,50,0,0,0,0,0,0,0,0,0,0,0,0,0,0,0
2004,1,1,0,1,1,55,0,0,0,0,0,0,0,0,0,0,0,0,0,0,0
2004,1,1,0,1,1,60,0,0,0,0,0,0,0,0,0,0,0,0,0,0,0
2004,1,1,0,1,1,100,0,0,0,0,0,0,0,0,0,0,0,0,0,0,0
2004.5,1,0,0,0,0,0,4532,0,0,0,27,0,6,6,0,0,6,0,0,0,0
2004.5,1,0,0,0,0,5,4284,0,0,0,3,0,0,0,0,0,0,0,0,0,0
2004.5,1,0,0,0,0,10,4343,0,0,0,3,0,0,0,0,0,0,0,0,0,3
2004.5,1,0,0,0,0,15,3912,0,0,0,4,0,6,6,0,0,6,0,0,0,11
2004.5,1,0,0,0,0,20,2906,0,0,0,4,0,17,17,0,0,14,0,0,0,13
2004.5,1,0,0,0,0,25,1931,0,0,0,4,0,16,16,0,0,11,0,0,0,3
2004.5,1,0,0,0,0,30,1486,0,0,0,2,0,5,5,0,0,4,0,0,0,0
2004.5,1,0,0,0,0,35,1104,0,0,0,5,0,0,0,0,0,0,0,0,0,0
2004.5,1,0,0,0,0,40,731,0,0,0,5,0,0,0,0,0,0,0,0,0,0
2004.5,1,0,0,0,0,45,329,0,0,0,1,0,0,0,0,0,0,0,0,0,0
2004.5,1,0,0,0,0,50,363,0,0,0,5,0,0,0,0,0,0,0,0,0,0
2004.5,1,0,0,0,0,55,337,0,0,0,3,0,0,0,0,0,0,0,0,0,0
2004.5,1,0,0,0,0,60,982,0,0,0,38,0,0,0,0,0,0,0,0,0,0
2004.5,1,0,0,0,0,100,0,0,0,0,0,0,0,0,0,0,0,0,0,0,0
2004.5,1,0,0,0,1,0,0,0,0,0,0,0,0,0,0,0,0,0,0,0,0
2004.5,1,0,0,0,1,5,0,0,0,0,0,0,0,0,0,0,0,0,0,0,0
2004.5,1,0,0,0,1,10,0,0,0,0,0,0,0,0,0,0,0,0,0,0,0
2004.5,1,0,0,0,1,15,0,0,0,0,0,0,0,0,0,0,0,0,0,0,0
2004.5,1,0,0,0,1,20,0,0,0,0,0,0,0,0,0,0,0,0,0,0,0
2004.5,1,0,0,0,1,25,0,0,0,0,0,0,0,0,0,0,0,0,0,0,0
2004.5,1,0,0,0,1,30,0,0,0,0,0,0,0,0,0,0,0,0,0,0,0
2004.5,1,0,0,0,1,35,0,0,0,0,0,0,0,0,0,0,0,0,0,0,0
2004.5,1,0,0,0,1,40,0,0,0,0,0,0,0,0,0,0,0,0,0,0,0
2004.5,1,0,0,0,1,45,0,0,0,0,0,0,0,0,0,0,0,0,0,0,0
2004.5,1,0,0,0,1,50,0,0,0,0,0,0,0,0,0,0,0,0,0,0,0
2004.5,1,0,0,0,1,55,0,0,0,0,0,0,0,0,0,0,0,0,0,0,0
2004.5,1,0,0,0,1,60,0,0,0,0,0,0,0,0,0,0,0,0,0,0,0
2004.5,1,0,0,0,1,100,0,0,0,0,0,0,0,0,0,0,0,0,0,0,0
2004.5,1,0,0,1,0,0,233,233,39,0,21,21,12,12,12,9,0,0,0,0,0
2004.5,1,0,0,1,0,5,166,166,0,0,4,4,4,7,7,2,0,0,0,0,0
2004.5,1,0,0,1,0,10,87,87,0,0,5,5,0,4,4,0,0,0,0,0,0
2004.5,1,0,0,1,0,15,76,76,10,0,3,3,2,3,3,1,0,8,0,0,0
2004.5,1,0,0,1,0,20,220,220,27,0,4,3,4,4,4,3,0,31,0,0,2
2004.5,1,0,0,1,0,25,496,496,26,0,11,11,18,26,26,9,0,57,0,0,2
2004.5,1,0,0,1,0,30,647,647,29,0,22,18,14,23,23,9,0,62,0,0,0
2004.5,1,0,0,1,0,35,567,567,19,0,34,33,11,26,26,6,0,37,0,0,0
2004.5,1,0,0,1,0,40,434,434,14,0,27,25,15,28,28,8,0,27,0,0,0
2004.5,1,0,0,1,0,45,187,187,4,0,12,12,18,21,21,10,0,16,0,0,0
2004.5,1,0,0,1,0,50,115,115,4,0,10,9,5,11,11,3,0,4,0,0,0
2004.5,1,0,0,1,0,55,59,59,3,0,2,2,3,5,5,2,0,0,0,0,0
2004.5,1,0,0,1,0,60,97,97,5,0,7,7,11,14,14,4,0,10,0,0,0
2004.5,1,0,0,1,0,100,0,0,0,0,0,0,0,0,0,0,0,0,0,0,0
2004.5,1,0,0,1,1,0,0,0,0,0,0,0,0,0,0,0,0,0,0,0,0
2004.5,1,0,0,1,1,5,0,0,0,0,0,0,0,0,0,0,0,0,0,0,0
2004.5,1,0,0,1,1,10,0,0,0,0,0,0,0,0,0,0,0,0,0,0,0
2004.5,1,0,0,1,1,15,0,0,0,0,0,0,0,0,0,0,0,0,0,0,0
2004.5,1,0,0,1,1,20,0,0,0,0,0,0,0,0,0,0,0,0,0,0,0
2004.5,1,0,0,1,1,25,0,0,0,0,0,0,0,0,0,0,0,0,0,0,0
2004.5,1,0,0,1,1,30,0,0,0,0,0,0,0,0,0,0,0,0,0,0,0
2004.5,1,0,0,1,1,35,0,0,0,0,0,0,0,0,0,0,0,0,0,0,0
2004.5,1,0,0,1,1,40,0,0,0,0,0,0,0,0,0,0,0,0,0,0,0
2004.5,1,0,0,1,1,45,0,0,0,0,0,0,0,0,0,0,0,0,0,0,0
2004.5,1,0,0,1,1,50,0,0,0,0,0,0,0,0,0,0,0,0,0,0,0
2004.5,1,0,0,1,1,55,0,0,0,0,0,0,0,0,0,0,0,0,0,0,0
2004.5,1,0,0,1,1,60,0,0,0,0,0,0,0,0,0,0,0,0,0,0,0
2004.5,1,0,0,1,1,100,0,0,0,0,0,0,0,0,0,0,0,0,0,0,0
2004.5,1,0,1,0,0,0,0,0,0,0,0,0,0,0,0,0,0,0,0,0,0
2004.5,1,0,1,0,0,5,1,0,0,0,0,0,0,0,0,0,0,0,0,0,0
2004.5,1,0,1,0,0,10,17,0,0,0,0,0,0,0,0,0,0,0,0,0,0
2004.5,1,0,1,0,0,15,86,0,0,0,0,0,0,0,0,0,0,0,0,0,0
2004.5,1,0,1,0,0,20,209,0,0,0,0,0,5,5,0,0,6,0,0,0,0
2004.5,1,0,1,0,0,25,255,0,0,0,0,0,1,1,0,0,2,0,0,0,0
2004.5,1,0,1,0,0,30,201,0,0,0,0,0,0,0,0,0,0,0,0,0,0
2004.5,1,0,1,0,0,35,173,0,0,0,0,0,0,0,0,0,0,0,0,0,0
2004.5,1,0,1,0,0,40,114,0,0,0,0,0,0,0,0,0,0,0,0,0,0
2004.5,1,0,1,0,0,45,40,0,0,0,0,0,0,0,0,0,0,0,0,0,0
2004.5,1,0,1,0,0,50,33,0,0,0,0,0,0,0,0,0,0,0,0,0,0
2004.5,1,0,1,0,0,55,34,0,0,0,2,0,0,0,0,0,0,0,0,0,0
2004.5,1,0,1,0,0,60,88,0,0,0,3,0,0,0,0,0,0,0,0,0,0
2004.5,1,0,1,0,0,100,0,0,0,0,0,0,0,0,0,0,0,0,0,0,0
2004.5,1,0,1,0,1,0,0,0,0,0,0,0,0,0,0,0,0,0,0,0,0
2004.5,1,0,1,0,1,5,0,0,0,0,0,0,0,0,0,0,0,0,0,0,0
2004.5,1,0,1,0,1,10,0,0,0,0,0,0,0,0,0,0,0,0,0,0,0
2004.5,1,0,1,0,1,15,0,0,0,0,0,0,0,0,0,0,0,0,0,0,0
2004.5,1,0,1,0,1,20,0,0,0,0,0,0,0,0,0,0,0,0,0,0,0
2004.5,1,0,1,0,1,25,0,0,0,0,0,0,0,0,0,0,0,0,0,0,0
2004.5,1,0,1,0,1,30,0,0,0,0,0,0,0,0,0,0,0,0,0,0,0
2004.5,1,0,1,0,1,35,0,0,0,0,0,0,0,0,0,0,0,0,0,0,0
2004.5,1,0,1,0,1,40,0,0,0,0,0,0,0,0,0,0,0,0,0,0,0
2004.5,1,0,1,0,1,45,0,0,0,0,0,0,0,0,0,0,0,0,0,0,0
2004.5,1,0,1,0,1,50,0,0,0,0,0,0,0,0,0,0,0,0,0,0,0
2004.5,1,0,1,0,1,55,0,0,0,0,0,0,0,0,0,0,0,0,0,0,0
2004.5,1,0,1,0,1,60,0,0,0,0,0,0,0,0,0,0,0,0,0,0,0
2004.5,1,0,1,0,1,100,0,0,0,0,0,0,0,0,0,0,0,0,0,0,0
2004.5,1,0,1,1,0,0,0,0,0,0,0,0,0,0,0,0,0,0,0,0,0
2004.5,1,0,1,1,0,5,0,0,0,0,0,0,0,0,0,0,0,0,0,0,0
2004.5,1,0,1,1,0,10,0,0,0,0,0,0,0,0,0,0,0,0,0,0,0
2004.5,1,0,1,1,0,15,2,2,0,0,0,0,1,1,1,1,0,1,0,0,0
2004.5,1,0,1,1,0,20,14,14,2,0,0,0,0,0,0,0,0,3,0,0,0
2004.5,1,0,1,1,0,25,50,50,3,0,0,0,1,1,1,1,0,7,0,0,0
2004.5,1,0,1,1,0,30,63,63,1,0,0,0,0,1,1,0,0,4,0,0,0
2004.5,1,0,1,1,0,35,58,58,3,0,3,3,0,0,0,1,0,6,0,0,0
2004.5,1,0,1,1,0,40,40,40,1,0,3,3,3,3,3,2,0,0,0,0,0
2004.5,1,0,1,1,0,45,19,19,1,0,2,2,0,2,2,0,0,1,0,0,0
2004.5,1,0,1,1,0,50,4,4,0,0,0,0,0,1,1,0,0,0,0,0,0
2004.5,1,0,1,1,0,55,4,4,0,0,1,1,0,0,0,0,0,1,0,0,0
2004.5,1,0,1,1,0,60,6,6,0,0,1,1,0,1,1,0,0,0,0,0,0
2004.5,1,0,1,1,0,100,0,0,0,0,0,0,0,0,0,0,0,0,0,0,0
2004.5,1,0,1,1,1,0,0,0,0,0,0,0,0,0,0,0,0,0,0,0,0
2004.5,1,0,1,1,1,5,0,0,0,0,0,0,0,0,0,0,0,0,0,0,0
2004.5,1,0,1,1,1,10,0,0,0,0,0,0,0,0,0,0,0,0,0,0,0
2004.5,1,0,1,1,1,15,0,0,0,0,0,0,0,0,0,0,0,0,0,0,0
2004.5,1,0,1,1,1,20,0,0,0,0,0,0,0,0,0,0,0,0,0,0,0
2004.5,1,0,1,1,1,25,0,0,0,0,0,0,0,0,0,0,0,0,0,0,0
2004.5,1,0,1,1,1,30,0,0,0,0,0,0,0,0,0,0,0,0,0,0,0
2004.5,1,0,1,1,1,35,0,0,0,0,0,0,0,0,0,0,0,0,0,0,0
2004.5,1,0,1,1,1,40,0,0,0,0,0,0,0,0,0,0,0,0,0,0,0
2004.5,1,0,1,1,1,45,0,0,0,0,0,0,0,0,0,0,0,0,0,0,0
2004.5,1,0,1,1,1,50,0,0,0,0,0,0,0,0,0,0,0,0,0,0,0
2004.5,1,0,1,1,1,55,0,0,0,0,0,0,0,0,0,0,0,0,0,0,0
2004.5,1,0,1,1,1,60,0,0,0,0,0,0,0,0,0,0,0,0,0,0,0
2004.5,1,0,1,1,1,100,0,0,0,0,0,0,0,0,0,0,0,0,0,0,0
2004.5,1,1,0,0,0,0,4756,0,0,0,15,0,3,3,0,0,3,0,0,0,0
2004.5,1,1,0,0,0,5,4408,0,0,0,1,0,0,0,0,0,0,0,0,0,0
2004.5,1,1,0,0,0,10,4436,0,0,0,1,0,14,14,0,0,17,0,0,0,0
2004.5,1,1,0,0,0,15,3905,0,0,0,1,0,71,137,0,0,44,0,0,0,0
2004.5,1,1,0,0,0,20,2788,0,0,0,4,0,124,203,0,0,74,0,0,0,0
2004.5,1,1,0,0,0,25,1649,0,0,0,2,0,70,129,0,0,40,0,0,0,0
2004.5,1,1,0,0,0,30,1184,0,0,0,2,0,38,90,0,0,19,0,0,0,0
2004.5,1,1,0,0,0,35,1016,0,0,0,1,0,14,52,0,0,6,0,0,0,0
2004.5,1,1,0,0,0,40,670,0,0,0,2,0,4,14,0,0,2,0,0,0,0
2004.5,1,1,0,0,0,45,391,0,0,0,0,0,0,1,0,0,0,0,0,0,0
2004.5,1,1,0,0,0,50,443,0,0,0,0,0,0,0,0,0,0,0,0,0,0
2004.5,1,1,0,0,0,55,475,0,0,0,3,0,0,0,0,0,0,0,0,0,0
2004.5,1,1,0,0,0,60,1695,0,0,0,40,0,0,0,0,0,0,0,0,0,0
2004.5,1,1,0,0,0,100,0,0,0,0,1,0,0,0,0,0,0,0,0,0,0
2004.5,1,1,0,0,1,0,0,0,0,0,0,0,0,0,0,0,0,0,0,0,0
2004.5,1,1,0,0,1,5,0,0,0,0,0,0,0,0,0,0,0,0,0,0,0
2004.5,1,1,0,0,1,10,0,0,0,0,0,0,0,0,0,0,0,0,0,0,0
2004.5,1,1,0,0,1,15,0,0,0,0,0,0,0,0,0,0,0,0,0,0,0
2004.5,1,1,0,0,1,20,0,0,0,0,0,0,0,0,0,0,0,0,0,0,0
2004.5,1,1,0,0,1,25,0,0,0,0,0,0,0,0,0,0,0,0,0,0,0
2004.5,1,1,0,0,1,30,0,0,0,0,0,0,0,0,0,0,0,0,0,0,0
2004.5,1,1,0,0,1,35,0,0,0,0,0,0,0,0,0,0,0,0,0,0,0
2004.5,1,1,0,0,1,40,0,0,0,0,0,0,0,0,0,0,0,0,0,0,0
2004.5,1,1,0,0,1,45,0,0,0,0,0,0,0,0,0,0,0,0,0,0,0
2004.5,1,1,0,0,1,50,0,0,0,0,0,0,0,0,0,0,0,0,0,0,0
2004.5,1,1,0,0,1,55,0,0,0,0,0,0,0,0,0,0,0,0,0,0,0
2004.5,1,1,0,0,1,60,0,0,0,0,0,0,0,0,0,0,0,0,0,0,0
2004.5,1,1,0,0,1,100,0,0,0,0,0,0,0,0,0,0,0,0,0,0,0
2004.5,1,1,0,1,0,0,211,211,34,0,29,27,13,16,16,14,0,0,0,0,0
2004.5,1,1,0,1,0,5,157,157,0,0,4,3,2,2,2,1,0,0,0,0,0
2004.5,1,1,0,1,0,10,111,111,6,0,8,8,4,5,5,1,0,2,0,0,0
2004.5,1,1,0,1,0,15,285,285,53,0,8,8,10,21,18,3,0,19,0,0,0
2004.5,1,1,0,1,0,20,793,793,72,0,9,9,45,83,69,26,0,32,0,0,0
2004.5,1,1,0,1,0,25,1027,1027,54,0,23,23,47,99,86,28,0,33,0,0,0
2004.5,1,1,0,1,0,30,1017,1017,34,0,34,34,55,105,99,30,0,24,0,0,0
2004.5,1,1,0,1,0,35,834,834,35,0,32,29,44,87,84,29,0,21,0,0,0
2004.5,1,1,0,1,0,40,523,523,10,0,29,29,28,60,57,14,0,11,0,0,0
2004.5,1,1,0,1,0,45,188,188,1,0,16,16,6,10,10,2,0,5,0,0,0
2004.5,1,1,0,1,0,50,123,123,0,0,4,4,7,12,12,6,0,1,0,0,0
2004.5,1,1,0,1,0,55,75,75,2,0,7,7,5,10,10,4,0,1,0,0,0
2004.5,1,1,0,1,0,60,152,152,8,0,18,18,8,17,17,5,0,3,0,0,0
2004.5,1,1,0,1,0,100,0,0,0,0,0,0,0,0,0,0,0,0,0,0,0
2004.5,1,1,0,1,1,0,0,0,0,0,0,0,0,0,0,0,0,0,0,0,0
2004.5,1,1,0,1,1,5,0,0,0,0,0,0,0,0,0,0,0,0,0,0,0
2004.5,1,1,0,1,1,10,0,0,0,0,0,0,0,0,0,0,0,0,0,0,0
2004.5,1,1,0,1,1,15,1,1,0,1,0,0,1,1,1,0,0,0,0,0,0
2004.5,1,1,0,1,1,20,1,1,0,1,0,0,1,1,1,0,0,0,0,0,0
2004.5,1,1,0,1,1,25,2,2,0,2,0,0,2,2,2,0,0,0,0,0,0
2004.5,1,1,0,1,1,30,0,0,0,0,0,0,0,0,0,0,0,0,0,0,0
2004.5,1,1,0,1,1,35,0,0,0,0,0,0,0,0,0,0,0,0,0,0,0
2004.5,1,1,0,1,1,40,0,0,0,0,0,0,0,0,0,0,0,0,0,0,0
2004.5,1,1,0,1,1,45,0,0,0,0,0,0,0,0,0,0,0,0,0,0,0
2004.5,1,1,0,1,1,50,0,0,0,0,0,0,0,0,0,0,0,0,0,0,0
2004.5,1,1,0,1,1,55,0,0,0,0,0,0,0,0,0,0,0,0,0,0,0
2004.5,1,1,0,1,1,60,0,0,0,0,0,0,0,0,0,0,0,0,0,0,0
2004.5,1,1,0,1,1,100,0,0,0,0,0,0,0,0,0,0,0,0,0,0,0
2005,1,0,0,0,0,0,4611,0,0,0,30,0,19,19,0,0,13,0,0,0,0
2005,1,0,0,0,0,5,4260,0,0,0,3,0,0,0,0,0,0,0,0,0,0
2005,1,0,0,0,0,10,4394,0,0,0,2,0,0,0,0,0,0,0,0,0,3
2005,1,0,0,0,0,15,3950,0,0,0,2,0,23,24,0,0,23,0,0,0,15
2005,1,0,0,0,0,20,2954,0,0,0,2,0,32,34,0,0,26,0,0,0,16
2005,1,0,0,0,0,25,1979,0,0,0,3,0,32,33,0,0,31,0,0,0,6
2005,1,0,0,0,0,30,1504,0,0,0,2,0,9,9,0,0,8,0,0,0,1
2005,1,0,0,0,0,35,1088,0,0,0,4,0,0,0,0,0,0,0,0,0,0
2005,1,0,0,0,0,40,777,0,0,0,0,0,0,0,0,0,0,0,0,0,0
2005,1,0,0,0,0,45,336,0,0,0,3,0,0,0,0,0,0,0,0,0,0
2005,1,0,0,0,0,50,334,0,0,0,4,0,0,0,0,0,0,0,0,0,0
2005,1,0,0,0,0,55,337,0,0,0,2,0,0,0,0,0,0,0,0,0,0
2005,1,0,0,0,0,60,965,0,0,0,40,0,0,0,0,0,0,0,0,0,0
2005,1,0,0,0,0,100,0,0,0,0,0,0,0,0,0,0,0,0,0,0,0
2005,1,0,0,0,1,0,0,0,0,0,0,0,0,0,0,0,0,0,0,0,0
2005,1,0,0,0,1,5,0,0,0,0,0,0,0,0,0,0,0,0,0,0,0
2005,1,0,0,0,1,10,0,0,0,0,0,0,0,0,0,0,0,0,0,0,0
2005,1,0,0,0,1,15,0,0,0,0,0,0,0,0,0,0,0,0,0,0,0
2005,1,0,0,0,1,20,0,0,0,0,0,0,0,0,0,0,0,0,0,0,0
2005,1,0,0,0,1,25,0,0,0,0,0,0,0,0,0,0,0,0,0,0,0
2005,1,0,0,0,1,30,0,0,0,0,0,0,0,0,0,0,0,0,0,0,0
2005,1,0,0,0,1,35,0,0,0,0,0,0,0,0,0,0,0,0,0,0,0
2005,1,0,0,0,1,40,0,0,0,0,0,0,0,0,0,0,0,0,0,0,0
2005,1,0,0,0,1,45,0,0,0,0,0,0,0,0,0,0,0,0,0,0,0
2005,1,0,0,0,1,50,0,0,0,0,0,0,0,0,0,0,0,0,0,0,0
2005,1,0,0,0,1,55,0,0,0,0,0,0,0,0,0,0,0,0,0,0,0
2005,1,0,0,0,1,60,0,0,0,0,0,0,0,0,0,0,0,0,0,0,0
2005,1,0,0,0,1,100,0,0,0,0,0,0,0,0,0,0,0,0,0,0,0
2005,1,0,0,1,0,0,217,217,41,0,34,30,12,12,12,9,0,0,0,0,0
2005,1,0,0,1,0,5,180,180,0,0,4,4,3,3,3,1,0,0,0,0,0
2005,1,0,0,1,0,10,89,89,0,0,4,4,1,2,2,1,0,0,0,0,0
2005,1,0,0,1,0,15,77,77,17,0,4,4,1,3,3,0,0,11,0,0,0
2005,1,0,0,1,0,20,246,246,35,0,0,0,4,5,5,3,0,38,0,0,0
2005,1,0,0,1,0,25,480,480,38,0,7,5,16,29,29,7,0,57,0,0,2
2005,1,0,0,1,0,30,677,677,31,0,14,13,17,25,25,8,0,74,0,0,0
2005,1,0,0,1,0,35,572,572,20,0,25,24,17,29,29,12,0,27,0,0,0
2005,1,0,0,1,0,40,454,454,12,0,16,16,12,23,23,5,0,35,0,0,0
2005,1,0,0,1,0,45,191,191,7,0,5,4,13,20,20,4,0,13,0,0,0
2005,1,0,0,1,0,50,122,122,4,0,10,9,8,13,13,4,0,5,0,0,0
2005,1,0,0,1,0,55,57,57,6,0,5,5,2,3,3,2,0,0,0,0,0
2005,1,0,0,1,0,60,100,100,6,0,7,5,7,12,12,1,0,9,0,0,0
2005,1,0,0,1,0,100,0,0,0,0,0,0,0,0,0,0,0,0,0,0,0
2005,1,0,0,1,1,0,0,0,0,0,0,0,0,0,0,0,0,0,0,0,0
2005,1,0,0,1,1,5,0,0,0,0,0,0,0,0,0,0,0,0,0,0,0
2005,1,0,0,1,1,10,0,0,0,0,0,0,0,0,0,0,0,0,0,0,0
2005,1,0,0,1,1,15,0,0,0,0,0,0,0,0,0,0,0,0,0,0,0
2005,1,0,0,1,1,20,0,0,0,0,0,0,0,0,0,0,0,0,0,0,0
2005,1,0,0,1,1,25,0,0,0,0,0,0,0,0,0,0,0,0,0,0,0
2005,1,0,0,1,1,30,0,0,0,0,0,0,0,0,0,0,0,0,0,0,0
2005,1,0,0,1,1,35,0,0,0,0,0,0,0,0,0,0,0,0,0,0,0
2005,1,0,0,1,1,40,0,0,0,0,0,0,0,0,0,0,0,0,0,0,0
2005,1,0,0,1,1,45,0,0,0,0,0,0,0,0,0,0,0,0,0,0,0
2005,1,0,0,1,1,50,0,0,0,0,0,0,0,0,0,0,0,0,0,0,0
2005,1,0,0,1,1,55,0,0,0,0,0,0,0,0,0,0,0,0,0,0,0
2005,1,0,0,1,1,60,0,0,0,0,0,0,0,0,0,0,0,0,0,0,0
2005,1,0,0,1,1,100,0,0,0,0,0,0,0,0,0,0,0,0,0,0,0
2005,1,0,1,0,0,0,0,0,0,0,0,0,0,0,0,0,0,0,0,0,0
2005,1,0,1,0,0,5,0,0,0,0,0,0,0,0,0,0,0,0,0,0,0
2005,1,0,1,0,0,10,18,0,0,0,0,0,0,0,0,0,0,0,0,0,0
2005,1,0,1,0,0,15,94,0,0,0,1,0,1,1,0,0,1,0,0,0,0
2005,1,0,1,0,0,20,204,0,0,0,1,0,8,8,0,0,9,0,0,0,0
2005,1,0,1,0,0,25,266,0,0,0,1,0,3,3,0,0,1,0,0,0,0
2005,1,0,1,0,0,30,201,0,0,0,0,0,1,1,0,0,1,0,0,0,0
2005,1,0,1,0,0,35,174,0,0,0,1,0,0,0,0,0,0,0,0,0,0
2005,1,0,1,0,0,40,120,0,0,0,1,0,0,0,0,0,0,0,0,0,0
2005,1,0,1,0,0,45,39,0,0,0,1,0,0,0,0,0,0,0,0,0,0
2005,1,0,1,0,0,50,32,0,0,0,0,0,0,0,0,0,0,0,0,0,0
2005,1,0,1,0,0,55,36,0,0,0,1,0,0,0,0,0,0,0,0,0,0
2005,1,0,1,0,0,60,81,0,0,0,8,0,0,0,0,0,0,0,0,0,0
2005,1,0,1,0,0,100,0,0,0,0,0,0,0,0,0,0,0,0,0,0,0
2005,1,0,1,0,1,0,0,0,0,0,0,0,0,0,0,0,0,0,0,0,0
2005,1,0,1,0,1,5,0,0,0,0,0,0,0,0,0,0,0,0,0,0,0
2005,1,0,1,0,1,10,0,0,0,0,0,0,0,0,0,0,0,0,0,0,0
2005,1,0,1,0,1,15,0,0,0,0,0,0,0,0,0,0,0,0,0,0,0
2005,1,0,1,0,1,20,0,0,0,0,0,0,0,0,0,0,0,0,0,0,0
2005,1,0,1,0,1,25,0,0,0,0,0,0,0,0,0,0,0,0,0,0,0
2005,1,0,1,0,1,30,0,0,0,0,0,0,0,0,0,0,0,0,0,0,0
2005,1,0,1,0,1,35,0,0,0,0,0,0,0,0,0,0,0,0,0,0,0
2005,1,0,1,0,1,40,0,0,0,0,0,0,0,0,0,0,0,0,0,0,0
2005,1,0,1,0,1,45,0,0,0,0,0,0,0,0,0,0,0,0,0,0,0
2005,1,0,1,0,1,50,0,0,0,0,0,0,0,0,0,0,0,0,0,0,0
2005,1,0,1,0,1,55,0,0,0,0,0,0,0,0,0,0,0,0,0,0,0
2005,1,0,1,0,1,60,0,0,0,0,0,0,0,0,0,0,0,0,0,0,0
2005,1,0,1,0,1,100,0,0,0,0,0,0,0,0,0,0,0,0,0,0,0
2005,1,0,1,1,0,0,0,0,0,0,0,0,0,0,0,0,0,0,0,0,0
2005,1,0,1,1,0,5,0,0,0,0,0,0,0,0,0,0,0,0,0,0,0
2005,1,0,1,1,0,10,0,0,0,0,0,0,0,0,0,0,0,0,0,0,0
2005,1,0,1,1,0,15,2,2,0,0,0,0,1,1,1,0,0,2,0,0,0
2005,1,0,1,1,0,20,12,12,2,0,0,0,0,0,0,0,0,2,0,0,0
2005,1,0,1,1,0,25,57,57,5,0,2,2,1,1,1,0,0,9,0,0,0
2005,1,0,1,1,0,30,59,59,0,0,2,2,1,1,1,1,0,7,0,0,0
2005,1,0,1,1,0,35,52,52,2,0,2,2,0,0,0,0,0,1,0,0,0
2005,1,0,1,1,0,40,50,50,3,0,0,0,2,2,2,0,0,1,0,0,0
2005,1,0,1,1,0,45,18,18,0,0,0,0,0,1,1,0,0,2,0,0,0
2005,1,0,1,1,0,50,5,5,0,0,0,0,0,1,1,0,0,1,0,0,0
2005,1,0,1,1,0,55,4,4,0,0,0,0,0,0,0,0,0,1,0,0,0
2005,1,0,1,1,0,60,4,4,0,0,1,1,0,0,0,0,0,1,0,0,0
2005,1,0,1,1,0,100,0,0,0,0,0,0,0,0,0,0,0,0,0,0,0
2005,1,0,1,1,1,0,0,0,0,0,0,0,0,0,0,0,0,0,0,0,0
2005,1,0,1,1,1,5,0,0,0,0,0,0,0,0,0,0,0,0,0,0,0
2005,1,0,1,1,1,10,0,0,0,0,0,0,0,0,0,0,0,0,0,0,0
2005,1,0,1,1,1,15,0,0,0,0,0,0,0,0,0,0,0,0,0,0,0
2005,1,0,1,1,1,20,0,0,0,0,0,0,0,0,0,0,0,0,0,0,0
2005,1,0,1,1,1,25,0,0,0,0,0,0,0,0,0,0,0,0,0,0,0
2005,1,0,1,1,1,30,0,0,0,0,0,0,0,0,0,0,0,0,0,0,0
2005,1,0,1,1,1,35,0,0,0,0,0,0,0,0,0,0,0,0,0,0,0
2005,1,0,1,1,1,40,0,0,0,0,0,0,0,0,0,0,0,0,0,0,0
2005,1,0,1,1,1,45,0,0,0,0,0,0,0,0,0,0,0,0,0,0,0
2005,1,0,1,1,1,50,0,0,0,0,0,0,0,0,0,0,0,0,0,0,0
2005,1,0,1,1,1,55,0,0,0,0,0,0,0,0,0,0,0,0,0,0,0
2005,1,0,1,1,1,60,0,0,0,0,0,0,0,0,0,0,0,0,0,0,0
2005,1,0,1,1,1,100,0,0,0,0,0,0,0,0,0,0,0,0,0,0,0
2005,1,1,0,0,0,0,4709,0,0,0,18,0,17,17,0,0,14,0,0,0,0
2005,1,1,0,0,0,5,4436,0,0,0,0,0,0,0,0,0,0,0,0,0,0
2005,1,1,0,0,0,10,4467,0,0,0,1,0,24,24,0,0,21,0,0,0,0
2005,1,1,0,0,0,15,3943,0,0,0,0,0,132,212,0,0,100,0,0,0,0
2005,1,1,0,0,0,20,2852,0,0,0,2,0,155,283,0,0,106,0,0,0,0
2005,1,1,0,0,0,25,1649,0,0,0,2,0,98,185,0,0,60,0,0,0,0
2005,1,1,0,0,0,30,1181,0,0,0,0,0,50,111,0,0,32,0,0,0,0
2005,1,1,0,0,0,35,1013,0,0,0,1,0,23,71,0,0,15,0,0,0,0
2005,1,1,0,0,0,40,715,0,0,0,2,0,9,23,0,0,5,0,0,0,0
2005,1,1,0,0,0,45,364,0,0,0,0,0,1,3,0,0,0,0,0,0,0
2005,1,1,0,0,0,50,424,0,0,0,4,0,0,0,0,0,0,0,0,0,0
2005,1,1,0,0,0,55,480,0,0,0,1,0,0,0,0,0,0,0,0,0,0
2005,1,1,0,0,0,60,1706,0,0,0,27,0,0,0,0,0,0,0,0,0,0
2005,1,1,0,0,0,100,0,0,0,0,0,0,0,0,0,0,0,0,0,0,0
2005,1,1,0,0,1,0,0,0,0,0,0,0,0,0,0,0,0,0,0,0,0
2005,1,1,0,0,1,5,0,0,0,0,0,0,0,0,0,0,0,0,0,0,0
2005,1,1,0,0,1,10,0,0,0,0,0,0,0,0,0,0,0,0,0,0,0
2005,1,1,0,0,1,15,0,0,0,0,0,0,0,0,0,0,0,0,0,0,0
2005,1,1,0,0,1,20,0,0,0,0,0,0,0,0,0,0,0,0,0,0,0
2005,1,1,0,0,1,25,0,0,0,0,0,0,0,0,0,0,0,0,0,0,0
2005,1,1,0,0,1,30,0,0,0,0,0,0,0,0,0,0,0,0,0,0,0
2005,1,1,0,0,1,35,0,0,0,0,0,0,0,0,0,0,0,0,0,0,0
2005,1,1,0,0,1,40,0,0,0,0,0,0,0,0,0,0,0,0,0,0,0
2005,1,1,0,0,1,45,0,0,0,0,0,0,0,0,0,0,0,0,0,0,0
2005,1,1,0,0,1,50,0,0,0,0,0,0,0,0,0,0,0,0,0,0,0
2005,1,1,0,0,1,55,0,0,0,0,0,0,0,0,0,0,0,0,0,0,0
2005,1,1,0,0,1,60,0,0,0,0,0,0,0,0,0,0,0,0,0,0,0
2005,1,1,0,0,1,100,0,0,0,0,0,0,0,0,0,0,0,0,0,0,0
2005,1,1,0,1,0,0,212,212,38,0,19,19,12,14,14,10,0,0,0,0,0
2005,1,1,0,1,0,5,160,160,0,0,3,3,4,4,4,2,0,0,0,0,0
2005,1,1,0,1,0,10,123,123,16,0,8,7,1,3,3,3,0,7,0,0,0
2005,1,1,0,1,0,15,283,283,49,0,4,4,14,26,19,9,0,19,0,0,0
2005,1,1,0,1,0,20,810,810,82,0,8,8,67,117,102,45,0,55,0,0,0
2005,1,1,0,1,0,25,1055,1055,41,0,16,15,71,135,120,43,0,35,0,0,0
2005,1,1,0,1,0,30,1021,1021,38,0,36,34,55,109,99,28,0,21,0,0,0
2005,1,1,0,1,0,35,854,854,26,0,26,25,54,104,100,29,0,27,0,0,0
2005,1,1,0,1,0,40,550,550,16,0,44,39,31,65,62,19,0,8,0,0,0
2005,1,1,0,1,0,45,196,196,11,0,8,8,6,11,11,4,0,12,0,0,0
2005,1,1,0,1,0,50,119,119,5,0,12,12,9,14,14,3,0,2,0,0,0
2005,1,1,0,1,0,55,73,73,4,0,7,7,7,10,10,5,0,0,0,0,0
2005,1,1,0,1,0,60,150,150,8,0,17,13,11,20,20,7,0,2,0,0,0
2005,1,1,0,1,0,100,0,0,0,0,0,0,0,0,0,0,0,0,0,0,0
2005,1,1,0,1,1,0,0,0,0,0,0,0,0,0,0,0,0,0,0,0,0
2005,1,1,0,1,1,5,0,0,0,0,0,0,0,0,0,0,0,0,0,0,0
2005,1,1,0,1,1,10,0,0,0,0,0,0,0,0,0,0,0,0,0,0,0
2005,1,1,0,1,1,15,1,1,0,1,0,0,1,1,1,0,0,0,0,0,0
2005,1,1,0,1,1,20,0,0,0,0,0,0,0,0,0,0,0,0,0,0,0
2005,1,1,0,1,1,25,5,5,0,5,1,1,5,5,5,0,0,0,0,0,0
2005,1,1,0,1,1,30,3,3,0,3,0,0,3,3,3,0,0,0,0,0,0
2005,1,1,0,1,1,35,2,2,0,2,0,0,2,2,2,0,0,0,0,0,0
2005,1,1,0,1,1,40,1,1,0,1,0,0,1,1,1,0,0,0,0,0,0
2005,1,1,0,1,1,45,0,0,0,0,0,0,0,0,0,0,0,0,0,0,0
2005,1,1,0,1,1,50,0,0,0,0,0,0,0,0,0,0,0,0,0,0,0
2005,1,1,0,1,1,55,0,0,0,0,0,0,0,0,0,0,0,0,0,0,0
2005,1,1,0,1,1,60,0,0,0,0,0,0,0,0,0,0,0,0,0,0,0
2005,1,1,0,1,1,100,0,0,0,0,0,0,0,0,0,0,0,0,0,0,0
2005.5,1,0,0,0,0,0,4674,0,0,0,30,0,49,55,0,0,37,0,0,0,0
2005.5,1,0,0,0,0,5,4302,0,0,0,2,0,0,0,0,0,0,0,0,0,0
2005.5,1,0,0,0,0,10,4345,0,0,0,1,0,0,0,0,0,0,0,0,0,1
2005.5,1,0,0,0,0,15,4027,0,0,0,6,0,39,41,0,0,34,0,0,0,12
2005.5,1,0,0,0,0,20,3017,0,0,0,3,0,72,78,0,0,75,0,0,0,22
2005.5,1,0,0,0,0,25,2026,0,0,0,0,0,50,57,0,0,50,0,0,0,6
2005.5,1,0,0,0,0,30,1493,0,0,0,3,0,17,20,0,0,15,0,0,0,0
2005.5,1,0,0,0,0,35,1105,0,0,0,3,0,0,0,0,0,0,0,0,0,0
2005.5,1,0,0,0,0,40,820,0,0,0,2,0,0,0,0,0,0,0,0,0,0
2005.5,1,0,0,0,0,45,336,0,0,0,5,0,0,0,0,0,0,0,0,0,0
2005.5,1,0,0,0,0,50,315,0,0,0,1,0,0,0,0,0,0,0,0,0,0
2005.5,1,0,0,0,0,55,339,0,0,0,1,0,0,0,0,0,0,0,0,0,0
2005.5,1,0,0,0,0,60,958,0,0,0,40,0,0,0,0,0,0,0,0,0,0
2005.5,1,0,0,0,0,100,0,0,0,0,0,0,0,0,0,0,0,0,0,0,0
2005.5,1,0,0,0,1,0,0,0,0,0,0,0,0,0,0,0,0,0,0,0,0
2005.5,1,0,0,0,1,5,0,0,0,0,0,0,0,0,0,0,0,0,0,0,0
2005.5,1,0,0,0,1,10,0,0,0,0,0,0,0,0,0,0,0,0,0,0,0
2005.5,1,0,0,0,1,15,0,0,0,0,0,0,0,0,0,0,0,0,0,0,0
2005.5,1,0,0,0,1,20,0,0,0,0,0,0,0,0,0,0,0,0,0,0,0
2005.5,1,0,0,0,1,25,0,0,0,0,0,0,0,0,0,0,0,0,0,0,0
2005.5,1,0,0,0,1,30,0,0,0,0,0,0,0,0,0,0,0,0,0,0,0
2005.5,1,0,0,0,1,35,0,0,0,0,0,0,0,0,0,0,0,0,0,0,0
2005.5,1,0,0,0,1,40,0,0,0,0,0,0,0,0,0,0,0,0,0,0,0
2005.5,1,0,0,0,1,45,0,0,0,0,0,0,0,0,0,0,0,0,0,0,0
2005.5,1,0,0,0,1,50,0,0,0,0,0,0,0,0,0,0,0,0,0,0,0
2005.5,1,0,0,0,1,55,0,0,0,0,0,0,0,0,0,0,0,0,0,0,0
2005.5,1,0,0,0,1,60,0,0,0,0,0,0,0,0,0,0,0,0,0,0,0
2005.5,1,0,0,0,1,100,0,0,0,0,0,0,0,0,0,0,0,0,0,0,0
2005.5,1,0,0,1,0,0,203,203,43,0,22,21,11,14,14,12,0,0,0,0,0
2005.5,1,0,0,1,0,5,183,183,0,0,2,2,3,4,4,1,0,0,0,0,0
2005.5,1,0,0,1,0,10,101,101,0,0,4,4,3,3,3,3,0,0,0,0,0
2005.5,1,0,0,1,0,15,83,83,21,0,2,2,1,1,1,1,0,10,0,0,0
2005.5,1,0,0,1,0,20,251,251,29,0,3,3,8,9,8,4,0,41,0,0,1
2005.5,1,0,0,1,0,25,474,474,37,0,10,9,14,29,27,7,0,59,0,0,2
2005.5,1,0,0,1,0,30,688,688,30,0,23,20,20,32,31,14,0,65,0,0,0
2005.5,1,0,0,1,0,35,585,585,18,0,20,19,21,31,31,13,0,32,0,0,0
2005.5,1,0,0,1,0,40,481,481,17,0,21,20,18,26,26,13,0,36,0,0,0
2005.5,1,0,0,1,0,45,196,196,4,0,8,8,16,29,29,10,0,10,0,0,0
2005.5,1,0,0,1,0,50,128,128,5,0,11,9,6,14,14,3,0,5,0,0,0
2005.5,1,0,0,1,0,55,55,55,1,0,7,5,4,6,6,2,0,2,0,0,0
2005.5,1,0,0,1,0,60,94,94,2,0,13,9,5,12,12,3,0,6,0,0,0
2005.5,1,0,0,1,0,100,0,0,0,0,0,0,0,0,0,0,0,0,0,0,0
2005.5,1,0,0,1,1,0,0,0,0,0,0,0,0,0,0,0,0,0,0,0,0
2005.5,1,0,0,1,1,5,0,0,0,0,0,0,0,0,0,0,0,0,0,0,0
2005.5,1,0,0,1,1,10,0,0,0,0,0,0,0,0,0,0,0,0,0,0,0
2005.5,1,0,0,1,1,15,0,0,0,0,0,0,0,0,0,0,0,0,0,0,0
2005.5,1,0,0,1,1,20,0,0,0,0,0,0,0,0,0,0,0,0,0,0,0
2005.5,1,0,0,1,1,25,0,0,0,0,0,0,0,0,0,0,0,0,0,0,0
2005.5,1,0,0,1,1,30,0,0,0,0,0,0,0,0,0,0,0,0,0,0,0
2005.5,1,0,0,1,1,35,0,0,0,0,0,0,0,0,0,0,0,0,0,0,0
2005.5,1,0,0,1,1,40,0,0,0,0,0,0,0,0,0,0,0,0,0,0,0
2005.5,1,0,0,1,1,45,0,0,0,0,0,0,0,0,0,0,0,0,0,0,0
2005.5,1,0,0,1,1,50,0,0,0,0,0,0,0,0,0,0,0,0,0,0,0
2005.5,1,0,0,1,1,55,0,0,0,0,0,0,0,0,0,0,0,0,0,0,0
2005.5,1,0,0,1,1,60,0,0,0,0,0,0,0,0,0,0,0,0,0,0,0
2005.5,1,0,0,1,1,100,0,0,0,0,0,0,0,0,0,0,0,0,0,0,0
2005.5,1,0,1,0,0,0,0,0,0,0,0,0,0,0,0,0,0,0,0,0,0
2005.5,1,0,1,0,0,5,0,0,0,0,0,0,0,0,0,0,0,0,0,0,0
2005.5,1,0,1,0,0,10,13,0,0,0,0,0,0,0,0,0,0,0,0,0,0
2005.5,1,0,1,0,0,15,88,0,0,0,0,0,2,2,0,0,2,0,0,0,0
2005.5,1,0,1,0,0,20,218,0,0,0,0,0,11,12,0,0,8,0,0,0,0
2005.5,1,0,1,0,0,25,276,0,0,0,0,0,8,9,0,0,8,0,0,0,0
2005.5,1,0,1,0,0,30,205,0,0,0,0,0,4,4,0,0,4,0,0,0,0
2005.5,1,0,1,0,0,35,175,0,0,0,1,0,0,0,0,0,0,0,0,0,0
2005.5,1,0,1,0,0,40,129,0,0,0,0,0,0,0,0,0,0,0,0,0,0
2005.5,1,0,1,0,0,45,40,0,0,0,1,0,0,0,0,0,0,0,0,0,0
2005.5,1,0,1,0,0,50,34,0,0,0,0,0,0,0,0,0,0,0,0,0,0
2005.5,1,0,1,0,0,55,29,0,0,0,0,0,0,0,0,0,0,0,0,0,0
2005.5,1,0,1,0,0,60,84,0,0,0,2,0,0,0,0,0,0,0,0,0,0
2005.5,1,0,1,0,0,100,0,0,0,0,0,0,0,0,0,0,0,0,0,0,0
2005.5,1,0,1,0,1,0,0,0,0,0,0,0,0,0,0,0,0,0,0,0,0
2005.5,1,0,1,0,1,5,0,0,0,0,0,0,0,0,0,0,0,0,0,0,0
2005.5,1,0,1,0,1,10,0,0,0,0,0,0,0,0,0,0,0,0,0,0,0
2005.5,1,0,1,0,1,15,0,0,0,0,0,0,0,0,0,0,0,0,0,0,0
2005.5,1,0,1,0,1,20,0,0,0,0,0,0,0,0,0,0,0,0,0,0,0
2005.5,1,0,1,0,1,25,0,0,0,0,0,0,0,0,0,0,0,0,0,0,0
2005.5,1,0,1,0,1,30,0,0,0,0,0,0,0,0,0,0,0,0,0,0,0
2005.5,1,0,1,0,1,35,0,0,0,0,0,0,0,0,0,0,0,0,0,0,0
2005.5,1,0,1,0,1,40,0,0,0,0,0,0,0,0,0,0,0,0,0,0,0
2005.5,1,0,1,0,1,45,0,0,0,0,0,0,0,0,0,0,0,0,0,0,0
2005.5,1,0,1,0,1,50,0,0,0,0,0,0,0,0,0,0,0,0,0,0,0
2005.5,1,0,1,0,1,55,0,0,0,0,0,0,0,0,0,0,0,0,0,0,0
2005.5,1,0,1,0,1,60,0,0,0,0,0,0,0,0,0,0,0,0,0,0,0
2005.5,1,0,1,0,1,100,0,0,0,0,0,0,0,0,0,0,0,0,0,0,0
2005.5,1,0,1,1,0,0,0,0,0,0,0,0,0,0,0,0,0,0,0,0,0
2005.5,1,0,1,1,0,5,0,0,0,0,0,0,0,0,0,0,0,0,0,0,0
2005.5,1,0,1,1,0,10,0,0,0,0,0,0,0,0,0,0,0,0,0,0,0
2005.5,1,0,1,1,0,15,1,1,0,0,1,1,0,0,0,0,0,0,0,0,0
2005.5,1,0,1,1,0,20,11,11,1,0,0,0,0,0,0,0,0,0,0,0,0
2005.5,1,0,1,1,0,25,54,54,3,0,2,2,3,3,3,4,0,6,0,0,0
2005.5,1,0,1,1,0,30,66,66,3,0,4,3,3,3,3,1,0,7,0,0,0
2005.5,1,0,1,1,0,35,52,52,1,0,1,1,1,1,1,1,0,3,0,0,0
2005.5,1,0,1,1,0,40,47,47,1,0,5,4,6,6,6,6,0,9,0,0,0
2005.5,1,0,1,1,0,45,19,19,0,0,1,1,0,0,0,0,0,2,0,0,0
2005.5,1,0,1,1,0,50,4,4,0,0,1,1,0,0,0,0,0,0,0,0,0
2005.5,1,0,1,1,0,55,4,4,1,0,1,0,1,1,1,1,0,2,0,0,0
2005.5,1,0,1,1,0,60,4,4,1,0,1,1,1,1,1,1,0,0,0,0,0
2005.5,1,0,1,1,0,100,0,0,0,0,0,0,0,0,0,0,0,0,0,0,0
2005.5,1,0,1,1,1,0,0,0,0,0,0,0,0,0,0,0,0,0,0,0,0
2005.5,1,0,1,1,1,5,0,0,0,0,0,0,0,0,0,0,0,0,0,0,0
2005.5,1,0,1,1,1,10,0,0,0,0,0,0,0,0,0,0,0,0,0,0,0
2005.5,1,0,1,1,1,15,0,0,0,0,0,0,0,0,0,0,0,0,0,0,0
2005.5,1,0,1,1,1,20,0,0,0,0,0,0,0,0,0,0,0,0,0,0,0
2005.5,1,0,1,1,1,25,0,0,0,0,0,0,0,0,0,0,0,0,0,0,0
2005.5,1,0,1,1,1,30,0,0,0,0,0,0,0,0,0,0,0,0,0,0,0
2005.5,1,0,1,1,1,35,0,0,0,0,0,0,0,0,0,0,0,0,0,0,0
2005.5,1,0,1,1,1,40,0,0,0,0,0,0,0,0,0,0,0,0,0,0,0
2005.5,1,0,1,1,1,45,0,0,0,0,0,0,0,0,0,0,0,0,0,0,0
2005.5,1,0,1,1,1,50,0,0,0,0,0,0,0,0,0,0,0,0,0,0,0
2005.5,1,0,1,1,1,55,0,0,0,0,0,0,0,0,0,0,0,0,0,0,0
2005.5,1,0,1,1,1,60,0,0,0,0,0,0,0,0,0,0,0,0,0,0,0
2005.5,1,0,1,1,1,100,0,0,0,0,0,0,0,0,0,0,0,0,0,0,0
2005.5,1,1,0,0,0,0,4742,0,0,0,18,0,43,46,0,0,29,0,0,0,0
2005.5,1,1,0,0,0,5,4476,0,0,0,2,0,0,0,0,0,0,0,0,0,0
2005.5,1,1,0,0,0,10,4440,0,0,0,1,0,35,36,0,0,32,0,0,0,0
2005.5,1,1,0,0,0,15,3967,0,0,0,1,0,186,281,0,0,124,0,0,0,0
2005.5,1,1,0,0,0,20,2909,0,0,0,2,0,251,418,0,0,170,0,0,0,0
2005.5,1,1,0,0,0,25,1686,0,0,0,3,0,148,268,0,0,107,0,0,0,0
2005.5,1,1,0,0,0,30,1206,0,0,0,1,0,73,153,0,0,45,0,0,0,0
2005.5,1,1,0,0,0,35,977,0,0,0,0,0,27,80,0,0,12,0,0,0,0
2005.5,1,1,0,0,0,40,757,0,0,0,1,0,15,36,0,0,8,0,0,0,0
2005.5,1,1,0,0,0,45,363,0,0,0,2,0,1,4,0,0,1,0,0,0,0
2005.5,1,1,0,0,0,50,404,0,0,0,1,0,0,0,0,0,0,0,0,0,0
2005.5,1,1,0,0,0,55,462,0,0,0,0,0,0,0,0,0,0,0,0,0,0
2005.5,1,1,0,0,0,60,1718,0,0,0,42,0,0,0,0,0,0,0,0,0,0
2005.5,1,1,0,0,0,100,0,0,0,0,0,0,0,0,0,0,0,0,0,0,0
2005.5,1,1,0,0,1,0,0,0,0,0,0,0,0,0,0,0,0,0,0,0,0
2005.5,1,1,0,0,1,5,0,0,0,0,0,0,0,0,0,0,0,0,0,0,0
2005.5,1,1,0,0,1,10,0,0,0,0,0,0,0,0,0,0,0,0,0,0,0
2005.5,1,1,0,0,1,15,0,0,0,0,0,0,0,0,0,0,0,0,0,0,0
2005.5,1,1,0,0,1,20,0,0,0,0,0,0,0,0,0,0,0,0,0,0,0
2005.5,1,1,0,0,1,25,0,0,0,0,0,0,0,0,0,0,0,0,0,0,0
2005.5,1,1,0,0,1,30,0,0,0,0,0,0,0,0,0,0,0,0,0,0,0
2005.5,1,1,0,0,1,35,0,0,0,0,0,0,0,0,0,0,0,0,0,0,0
2005.5,1,1,0,0,1,40,0,0,0,0,0,0,0,0,0,0,0,0,0,0,0
2005.5,1,1,0,0,1,45,0,0,0,0,0,0,0,0,0,0,0,0,0,0,0
2005.5,1,1,0,0,1,50,0,0,0,0,0,0,0,0,0,0,0,0,0,0,0
2005.5,1,1,0,0,1,55,0,0,0,0,0,0,0,0,0,0,0,0,0,0,0
2005.5,1,1,0,0,1,60,0,0,0,0,0,0,0,0,0,0,0,0,0,0,0
2005.5,1,1,0,0,1,100,0,0,0,0,0,0,0,0,0,0,0,0,0,0,0
2005.5,1,1,0,1,0,0,207,207,38,0,20,20,17,21,21,12,0,0,0,0,0
2005.5,1,1,0,1,0,5,166,166,0,0,1,1,2,4,4,0,0,0,0,0,0
2005.5,1,1,0,1,0,10,124,124,9,0,7,7,6,8,8,5,0,1,0,0,0
2005.5,1,1,0,1,0,15,302,302,46,0,4,4,22,35,28,11,0,23,0,0,0
2005.5,1,1,0,1,0,20,830,830,85,0,9,8,86,151,133,49,0,56,0,0,0
2005.5,1,1,0,1,0,25,1080,1080,50,0,24,24,105,188,167,60,0,30,0,0,0
2005.5,1,1,0,1,0,30,1030,1030,40,0,31,29,84,157,138,51,0,20,0,0,0
2005.5,1,1,0,1,0,35,873,873,31,0,35,32,68,127,119,39,0,21,0,0,0
2005.5,1,1,0,1,0,40,579,579,12,0,29,28,35,75,71,18,0,17,0,0,0
2005.5,1,1,0,1,0,45,199,199,7,0,12,11,12,15,15,8,0,3,0,0,0
2005.5,1,1,0,1,0,50,123,123,3,0,8,8,7,14,14,3,0,1,0,0,0
2005.5,1,1,0,1,0,55,72,72,5,0,6,6,7,10,10,5,0,1,0,0,0
2005.5,1,1,0,1,0,60,151,151,7,0,17,16,16,22,22,10,0,2,0,0,0
2005.5,1,1,0,1,0,100,0,0,0,0,0,0,0,0,0,0,0,0,0,0,0
2005.5,1,1,0,1,1,0,0,0,0,0,0,0,0,0,0,0,0,0,0,0,0
2005.5,1,1,0,1,1,5,0,0,0,0,0,0,0,0,0,0,0,0,0,0,0
2005.5,1,1,0,1,1,10,0,0,0,0,0,0,0,0,0,0,0,0,0,0,0
2005.5,1,1,0,1,1,15,1,1,0,1,0,0,1,1,1,0,0,0,0,0,0
2005.5,1,1,0,1,1,20,0,0,0,0,0,0,0,0,0,0,0,0,0,0,0
2005.5,1,1,0,1,1,25,6,6,0,6,0,0,6,6,6,0,0,0,0,0,0
2005.5,1,1,0,1,1,30,5,5,0,5,0,0,5,5,5,0,0,0,0,0,0
2005.5,1,1,0,1,1,35,3,3,0,3,0,0,3,3,3,0,0,0,0,0,0
2005.5,1,1,0,1,1,40,0,0,0,0,0,0,0,0,0,0,0,0,0,0,0
2005.5,1,1,0,1,1,45,0,0,0,0,0,0,0,0,0,0,0,0,0,0,0
2005.5,1,1,0,1,1,50,0,0,0,0,0,0,0,0,0,0,0,0,0,0,0
2005.5,1,1,0,1,1,55,0,0,0,0,0,0,0,0,0,0,0,0,0,0,0
2005.5,1,1,0,1,1,60,0,0,0,0,0,0,0,0,0,0,0,0,0,0,0
2005.5,1,1,0,1,1,100,0,0,0,0,0,0,0,0,0,0,0,0,0,0,0
2006,1,0,0,0,0,0,4692,0,0,0,26,0,80,98,0,0,44,0,0,0,0
2006,1,0,0,0,0,5,4305,0,0,0,5,0,0,0,0,0,0,0,0,0,1
2006,1,0,0,0,0,10,4411,0,0,0,3,0,0,0,0,0,0,0,0,0,6
2006,1,0,0,0,0,15,3984,0,0,0,3,0,62,67,0,0,62,0,0,0,19
2006,1,0,0,0,0,20,3090,0,0,0,4,0,129,140,0,0,107,0,0,0,14
2006,1,0,0,0,0,25,2067,0,0,0,4,0,86,98,0,0,74,0,0,0,3
2006,1,0,0,0,0,30,1503,0,0,0,1,0,40,45,0,0,37,0,0,0,0
2006,1,0,0,0,0,35,1109,0,0,0,4,0,0,0,0,0,0,0,0,0,0
2006,1,0,0,0,0,40,828,0,0,0,2,0,0,0,0,0,0,0,0,0,0
2006,1,0,0,0,0,45,372,0,0,0,1,0,0,0,0,0,0,0,0,0,0
2006,1,0,0,0,0,50,319,0,0,0,0,0,0,0,0,0,0,0,0,0,0
2006,1,0,0,0,0,55,325,0,0,0,2,0,0,0,0,0,0,0,0,0,0
2006,1,0,0,0,0,60,965,0,0,0,24,0,0,0,0,0,0,0,0,0,0
2006,1,0,0,0,0,100,0,0,0,0,0,0,0,0,0,0,0,0,0,0,0
2006,1,0,0,0,1,0,0,0,0,0,0,0,0,0,0,0,0,0,0,0,0
2006,1,0,0,0,1,5,0,0,0,0,0,0,0,0,0,0,0,0,0,0,0
2006,1,0,0,0,1,10,0,0,0,0,0,0,0,0,0,0,0,0,0,0,0
2006,1,0,0,0,1,15,0,0,0,0,0,0,0,0,0,0,0,0,0,0,0
2006,1,0,0,0,1,20,0,0,0,0,0,0,0,0,0,0,0,0,0,0,0
2006,1,0,0,0,1,25,0,0,0,0,0,0,0,0,0,0,0,0,0,0,0
2006,1,0,0,0,1,30,0,0,0,0,0,0,0,0,0,0,0,0,0,0,0
2006,1,0,0,0,1,35,0,0,0,0,0,0,0,0,0,0,0,0,0,0,0
2006,1,0,0,0,1,40,0,0,0,0,0,0,0,0,0,0,0,0,0,0,0
2006,1,0,0,0,1,45,0,0,0,0,0,0,0,0,0,0,0,0,0,0,0
2006,1,0,0,0,1,50,0,0,0,0,0,0,0,0,0,0,0,0,0,0,0
2006,1,0,0,0,1,55,0,0,0,0,0,0,0,0,0,0,0,0,0,0,0
2006,1,0,0,0,1,60,0,0,0,0,0,0,0,0,0,0,0,0,0,0,0
2006,1,0,0,0,1,100,0,0,0,0,0,0,0,0,0,0,0,0,0,0,0
2006,1,0,0,1,0,0,216,216,38,0,21,20,20,22,22,14,0,0,0,0,0
2006,1,0,0,1,0,5,179,179,0,0,2,2,1,4,4,1,0,0,0,0,0
2006,1,0,0,1,0,10,103,103,0,0,1,1,4,4,4,1,0,0,0,0,1
2006,1,0,0,1,0,15,89,89,16,0,1,0,7,7,6,5,0,8,0,0,1
2006,1,0,0,1,0,20,285,285,40,0,1,1,17,20,19,12,0,34,0,0,0
2006,1,0,0,1,0,25,466,466,35,0,9,9,24,35,33,16,0,52,0,0,1
2006,1,0,0,1,0,30,676,676,29,0,18,17,43,51,50,30,0,41,0,0,0
2006,1,0,0,1,0,35,591,591,25,0,24,24,19,23,23,10,0,37,0,0,0
2006,1,0,0,1,0,40,497,497,19,0,25,22,24,32,32,18,0,31,0,0,0
2006,1,0,0,1,0,45,196,196,4,0,21,20,18,23,23,8,0,11,0,0,0
2006,1,0,0,1,0,50,133,133,6,0,15,14,10,18,18,5,0,4,0,0,0
2006,1,0,0,1,0,55,47,47,2,0,2,2,3,5,5,1,0,3,0,0,0
2006,1,0,0,1,0,60,101,101,7,0,10,8,7,11,11,3,0,14,0,0,0
2006,1,0,0,1,0,100,0,0,0,0,0,0,0,0,0,0,0,0,0,0,0
2006,1,0,0,1,1,0,1,1,0,1,0,0,1,1,1,0,0,0,0,0,0
2006,1,0,0,1,1,5,0,0,0,0,0,0,0,0,0,0,0,0,0,0,0
2006,1,0,0,1,1,10,1,1,0,1,0,0,1,1,1,0,0,0,0,0,0
2006,1,0,0,1,1,15,0,0,0,0,0,0,0,0,0,0,0,0,0,0,0
2006,1,0,0,1,1,20,0,0,0,0,0,0,0,0,0,0,0,0,0,0,0
2006,1,0,0,1,1,25,2,2,0,2,0,0,2,2,2,0,0,0,0,0,0
2006,1,0,0,1,1,30,2,2,0,2,0,0,2,2,2,0,0,0,0,0,0
2006,1,0,0,1,1,35,10,10,0,10,0,0,10,10,10,0,0,0,0,0,0
2006,1,0,0,1,1,40,2,2,0,2,0,0,2,2,2,0,0,0,0,0,0
2006,1,0,0,1,1,45,1,1,0,1,0,0,1,1,1,0,0,0,0,0,0
2006,1,0,0,1,1,50,0,0,0,0,0,0,0,0,0,0,0,0,0,0,0
2006,1,0,0,1,1,55,0,0,0,0,0,0,0,0,0,0,0,0,0,0,0
2006,1,0,0,1,1,60,0,0,0,0,0,0,0,0,0,0,0,0,0,0,0
2006,1,0,0,1,1,100,0,0,0,0,0,0,0,0,0,0,0,0,0,0,0
2006,1,0,1,0,0,0,0,0,0,0,0,0,0,0,0,0,0,0,0,0,0
2006,1,0,1,0,0,5,1,0,0,0,0,0,0,0,0,0,0,0,0,0,0
2006,1,0,1,0,0,10,14,0,0,0,0,0,0,0,0,0,0,0,0,0,0
2006,1,0,1,0,0,15,103,0,0,0,0,0,2,2,0,0,4,0,0,0,0
2006,1,0,1,0,0,20,212,0,0,0,0,0,12,14,0,0,14,0,0,0,0
2006,1,0,1,0,0,25,273,0,0,0,0,0,13,15,0,0,7,0,0,0,0
2006,1,0,1,0,0,30,205,0,0,0,0,0,7,7,0,0,7,0,0,0,0
2006,1,0,1,0,0,35,184,0,0,0,0,0,0,0,0,0,0,0,0,0,0
2006,1,0,1,0,0,40,120,0,0,0,0,0,0,0,0,0,0,0,0,0,0
2006,1,0,1,0,0,45,51,0,0,0,0,0,0,0,0,0,0,0,0,0,0
2006,1,0,1,0,0,50,35,0,0,0,0,0,0,0,0,0,0,0,0,0,0
2006,1,0,1,0,0,55,32,0,0,0,1,0,0,0,0,0,0,0,0,0,0
2006,1,0,1,0,0,60,83,0,0,0,1,0,0,0,0,0,0,0,0,0,0
2006,1,0,1,0,0,100,0,0,0,0,0,0,0,0,0,0,0,0,0,0,0
2006,1,0,1,0,1,0,0,0,0,0,0,0,0,0,0,0,0,0,0,0,0
2006,1,0,1,0,1,5,0,0,0,0,0,0,0,0,0,0,0,0,0,0,0
2006,1,0,1,0,1,10,0,0,0,0,0,0,0,0,0,0,0,0,0,0,0
2006,1,0,1,0,1,15,0,0,0,0,0,0,0,0,0,0,0,0,0,0,0
2006,1,0,1,0,1,20,0,0,0,0,0,0,0,0,0,0,0,0,0,0,0
2006,1,0,1,0,1,25,0,0,0,0,0,0,0,0,0,0,0,0,0,0,0
2006,1,0,1,0,1,30,0,0,0,0,0,0,0,0,0,0,0,0,0,0,0
2006,1,0,1,0,1,35,0,0,0,0,0,0,0,0,0,0,0,0,0,0,0
2006,1,0,1,0,1,40,0,0,0,0,0,0,0,0,0,0,0,0,0,0,0
2006,1,0,1,0,1,45,0,0,0,0,0,0,0,0,0,0,0,0,0,0,0
2006,1,0,1,0,1,50,0,0,0,0,0,0,0,0,0,0,0,0,0,0,0
2006,1,0,1,0,1,55,0,0,0,0,0,0,0,0,0,0,0,0,0,0,0
2006,1,0,1,0,1,60,0,0,0,0,0,0,0,0,0,0,0,0,0,0,0
2006,1,0,1,0,1,100,0,0,0,0,0,0,0,0,0,0,0,0,0,0,0
2006,1,0,1,1,0,0,0,0,0,0,0,0,0,0,0,0,0,0,0,0,0
2006,1,0,1,1,0,5,0,0,0,0,0,0,0,0,0,0,0,0,0,0,0
2006,1,0,1,1,0,10,1,1,0,0,0,0,0,0,0,0,0,0,0,0,0
2006,1,0,1,1,0,15,1,1,0,0,0,0,0,0,0,0,0,1,0,0,0
2006,1,0,1,1,0,20,13,13,4,0,1,1,0,0,0,0,0,1,0,0,0
2006,1,0,1,1,0,25,55,55,2,0,1,1,4,4,4,2,0,7,0,0,0
2006,1,0,1,1,0,30,68,68,9,0,3,2,3,4,4,2,0,2,0,0,0
2006,1,0,1,1,0,35,43,43,1,0,3,3,2,2,2,1,0,4,0,0,0
2006,1,0,1,1,0,40,56,56,2,0,2,1,7,7,7,1,0,2,0,0,0
2006,1,0,1,1,0,45,19,19,1,0,3,3,0,0,0,0,0,1,0,0,0
2006,1,0,1,1,0,50,5,5,0,0,1,1,0,0,0,0,0,0,0,0,0
2006,1,0,1,1,0,55,2,2,0,0,2,2,1,1,1,0,0,0,0,0,0
2006,1,0,1,1,0,60,4,4,0,0,0,0,1,1,1,0,0,0,0,0,0
2006,1,0,1,1,0,100,0,0,0,0,0,0,0,0,0,0,0,0,0,0,0
2006,1,0,1,1,1,0,0,0,0,0,0,0,0,0,0,0,0,0,0,0,0
2006,1,0,1,1,1,5,0,0,0,0,0,0,0,0,0,0,0,0,0,0,0
2006,1,0,1,1,1,10,0,0,0,0,0,0,0,0,0,0,0,0,0,0,0
2006,1,0,1,1,1,15,0,0,0,0,0,0,0,0,0,0,0,0,0,0,0
2006,1,0,1,1,1,20,0,0,0,0,0,0,0,0,0,0,0,0,0,0,0
2006,1,0,1,1,1,25,1,1,0,1,0,0,1,1,1,0,0,0,0,0,0
2006,1,0,1,1,1,30,1,1,0,1,0,0,1,1,1,0,0,0,0,0,0
2006,1,0,1,1,1,35,0,0,0,0,0,0,0,0,0,0,0,0,0,0,0
2006,1,0,1,1,1,40,0,0,0,0,0,0,0,0,0,0,0,0,0,0,0
2006,1,0,1,1,1,45,0,0,0,0,0,0,0,0,0,0,0,0,0,0,0
2006,1,0,1,1,1,50,0,0,0,0,0,0,0,0,0,0,0,0,0,0,0
2006,1,0,1,1,1,55,0,0,0,0,0,0,0,0,0,0,0,0,0,0,0
2006,1,0,1,1,1,60,0,0,0,0,0,0,0,0,0,0,0,0,0,0,0
2006,1,0,1,1,1,100,0,0,0,0,0,0,0,0,0,0,0,0,0,0,0
2006,1,1,0,0,0,0,4736,0,0,0,23,0,66,81,0,0,39,0,0,0,0
2006,1,1,0,0,0,5,4499,0,0,0,1,0,0,0,0,0,0,0,0,0,0
2006,1,1,0,0,0,10,4410,0,0,0,1,0,32,33,0,0,31,0,0,0,0
2006,1,1,0,0,0,15,4037,0,0,0,1,0,263,382,0,0,165,0,0,0,0
2006,1,1,0,0,0,20,2910,0,0,0,1,0,368,582,0,0,238,0,0,0,0
2006,1,1,0,0,0,25,1762,0,0,0,0,0,213,361,0,0,132,0,0,0,0
2006,1,1,0,0,0,30,1201,0,0,0,6,0,107,202,0,0,70,0,0,0,0
2006,1,1,0,0,0,35,974,0,0,0,1,0,45,108,0,0,26,0,0,0,0
2006,1,1,0,0,0,40,765,0,0,0,2,0,17,46,0,0,6,0,0,0,0
2006,1,1,0,0,0,45,393,0,0,0,0,0,4,9,0,0,0,0,0,0,0
2006,1,1,0,0,0,50,395,0,0,0,0,0,0,0,0,0,0,0,0,0,0
2006,1,1,0,0,0,55,443,0,0,0,3,0,0,0,0,0,0,0,0,0,0
2006,1,1,0,0,0,60,1723,0,0,0,34,0,0,0,0,0,0,0,0,0,0
2006,1,1,0,0,0,100,0,0,0,0,0,0,0,0,0,0,0,0,0,0,0
2006,1,1,0,0,1,0,0,0,0,0,0,0,0,0,0,0,0,0,0,0,0
2006,1,1,0,0,1,5,0,0,0,0,0,0,0,0,0,0,0,0,0,0,0
2006,1,1,0,0,1,10,0,0,0,0,0,0,0,0,0,0,0,0,0,0,0
2006,1,1,0,0,1,15,0,0,0,0,0,0,0,0,0,0,0,0,0,0,0
2006,1,1,0,0,1,20,0,0,0,0,0,0,0,0,0,0,0,0,0,0,0
2006,1,1,0,0,1,25,0,0,0,0,0,0,0,0,0,0,0,0,0,0,0
2006,1,1,0,0,1,30,0,0,0,0,0,0,0,0,0,0,0,0,0,0,0
2006,1,1,0,0,1,35,0,0,0,0,0,0,0,0,0,0,0,0,0,0,0
2006,1,1,0,0,1,40,0,0,0,0,0,0,0,0,0,0,0,0,0,0,0
2006,1,1,0,0,1,45,0,0,0,0,0,0,0,0,0,0,0,0,0,0,0
2006,1,1,0,0,1,50,0,0,0,0,0,0,0,0,0,0,0,0,0,0,0
2006,1,1,0,0,1,55,0,0,0,0,0,0,0,0,0,0,0,0,0,0,0
2006,1,1,0,0,1,60,0,0,0,0,0,0,0,0,0,0,0,0,0,0,0
2006,1,1,0,0,1,100,0,0,0,0,0,0,0,0,0,0,0,0,0,0,0
2006,1,1,0,1,0,0,219,219,48,0,31,30,26,29,29,22,0,0,0,0,0
2006,1,1,0,1,0,5,154,154,0,0,0,0,3,4,4,3,0,0,0,0,0
2006,1,1,0,1,0,10,139,139,12,0,3,3,5,8,8,4,0,0,0,0,0
2006,1,1,0,1,0,15,294,294,42,0,2,2,29,40,33,15,0,22,0,0,0
2006,1,1,0,1,0,20,830,830,77,0,13,11,99,176,150,51,0,54,0,0,0
2006,1,1,0,1,0,25,1092,1092,36,0,23,22,150,254,225,73,0,43,0,0,0
2006,1,1,0,1,0,30,1050,1050,34,0,31,30,115,204,178,72,0,27,0,0,0
2006,1,1,0,1,0,35,857,857,16,0,47,45,83,153,142,46,0,27,0,0,0
2006,1,1,0,1,0,40,563,563,9,0,35,35,37,70,65,22,0,15,0,0,0
2006,1,1,0,1,0,45,220,220,5,0,13,12,14,21,21,6,0,7,0,0,0
2006,1,1,0,1,0,50,131,131,4,0,7,7,8,12,12,5,0,3,0,0,0
2006,1,1,0,1,0,55,73,73,6,0,4,4,7,11,11,5,0,2,0,0,0
2006,1,1,0,1,0,60,151,151,12,0,15,12,15,21,21,6,0,2,0,0,0
2006,1,1,0,1,0,100,0,0,0,0,0,0,0,0,0,0,0,0,0,0,0
2006,1,1,0,1,1,0,0,0,0,0,0,0,0,0,0,0,0,0,0,0,0
2006,1,1,0,1,1,5,2,2,0,2,0,0,2,2,2,0,0,0,0,0,0
2006,1,1,0,1,1,10,1,1,0,1,0,0,1,1,1,0,0,0,0,0,0
2006,1,1,0,1,1,15,1,1,0,1,0,0,1,1,1,0,0,0,0,0,0
2006,1,1,0,1,1,20,4,4,0,4,0,0,4,4,4,0,0,0,0,0,0
2006,1,1,0,1,1,25,11,11,0,11,0,0,11,11,11,0,0,0,0,0,0
2006,1,1,0,1,1,30,14,14,0,14,1,1,14,14,14,0,0,0,0,0,0
2006,1,1,0,1,1,35,10,10,0,10,0,0,10,10,10,0,0,0,0,0,0
2006,1,1,0,1,1,40,7,7,0,7,2,2,7,7,7,0,0,0,0,0,0
2006,1,1,0,1,1,45,2,2,0,2,0,0,2,2,2,0,0,0,0,0,0
2006,1,1,0,1,1,50,1,1,0,1,0,0,1,1,1,0,0,0,0,0,0
2006,1,1,0,1,1,55,1,1,0,1,0,0,1,1,1,0,0,0,0,0,0
2006,1,1,0,1,1,60,1,1,0,1,0,0,1,1,1,0,0,0,0,0,0
2006,1,1,0,1,1,100,0,0,0,0,0,0,0,0,0,0,0,0,0,0,0
2006.5,1,0,0,0,0,0,4750,0,0,0,28,0,112,157,0,0,61,0,0,0,0
2006.5,1,0,0,0,0,5,4343,0,0,0,2,0,0,0,0,0,0,0,0,0,0
2006.5,1,0,0,0,0,10,4364,0,0,0,1,0,0,0,0,0,0,0,0,0,3
2006.5,1,0,0,0,0,15,4032,0,0,0,4,0,95,103,0,0,71,0,0,0,18
2006.5,1,0,0,0,0,20,3158,0,0,0,8,0,187,212,0,0,159,0,0,0,20
2006.5,1,0,0,0,0,25,2069,0,0,0,3,0,130,147,0,0,100,0,0,0,7
2006.5,1,0,0,0,0,30,1498,0,0,0,1,0,73,87,0,0,54,0,0,0,0
2006.5,1,0,0,0,0,35,1139,0,0,0,3,0,1,1,0,0,0,0,0,0,0
2006.5,1,0,0,0,0,40,805,0,0,0,3,0,0,0,0,0,0,0,0,0,0
2006.5,1,0,0,0,0,45,409,0,0,0,1,0,0,0,0,0,0,0,0,0,0
2006.5,1,0,0,0,0,50,312,0,0,0,4,0,0,0,0,0,0,0,0,0,0
2006.5,1,0,0,0,0,55,319,0,0,0,5,0,0,0,0,0,0,0,0,0,0
2006.5,1,0,0,0,0,60,961,0,0,0,28,0,0,0,0,0,0,0,0,0,0
2006.5,1,0,0,0,0,100,0,0,0,0,0,0,0,0,0,0,0,0,0,0,0
2006.5,1,0,0,0,1,0,0,0,0,0,0,0,0,0,0,0,0,0,0,0,0
2006.5,1,0,0,0,1,5,0,0,0,0,0,0,0,0,0,0,0,0,0,0,0
2006.5,1,0,0,0,1,10,0,0,0,0,0,0,0,0,0,0,0,0,0,0,0
2006.5,1,0,0,0,1,15,0,0,0,0,0,0,0,0,0,0,0,0,0,0,0
2006.5,1,0,0,0,1,20,0,0,0,0,0,0,0,0,0,0,0,0,0,0,0
2006.5,1,0,0,0,1,25,0,0,0,0,0,0,0,0,0,0,0,0,0,0,0
2006.5,1,0,0,0,1,30,0,0,0,0,0,0,0,0,0,0,0,0,0,0,0
2006.5,1,0,0,0,1,35,0,0,0,0,0,0,0,0,0,0,0,0,0,0,0
2006.5,1,0,0,0,1,40,0,0,0,0,0,0,0,0,0,0,0,0,0,0,0
2006.5,1,0,0,0,1,45,0,0,0,0,0,0,0,0,0,0,0,0,0,0,0
2006.5,1,0,0,0,1,50,0,0,0,0,0,0,0,0,0,0,0,0,0,0,0
2006.5,1,0,0,0,1,55,0,0,0,0,0,0,0,0,0,0,0,0,0,0,0
2006.5,1,0,0,0,1,60,0,0,0,0,0,0,0,0,0,0,0,0,0,0,0
2006.5,1,0,0,0,1,100,0,0,0,0,0,0,0,0,0,0,0,0,0,0,0
2006.5,1,0,0,1,0,0,199,199,34,0,28,25,17,20,20,12,0,0,0,0,0
2006.5,1,0,0,1,0,5,180,180,0,0,1,1,2,5,5,2,0,0,0,0,0
2006.5,1,0,0,1,0,10,111,111,0,0,5,5,4,4,4,1,0,0,0,0,0
2006.5,1,0,0,1,0,15,98,98,19,0,1,1,6,8,6,2,0,8,0,0,1
2006.5,1,0,0,1,0,20,290,290,28,0,2,1,27,31,29,14,0,38,0,0,0
2006.5,1,0,0,1,0,25,475,475,39,0,8,8,39,52,49,22,0,48,0,0,3
2006.5,1,0,0,1,0,30,678,678,34,0,26,25,47,67,67,23,0,66,0,0,1
2006.5,1,0,0,1,0,35,590,590,29,0,21,20,21,28,28,16,0,34,0,0,0
2006.5,1,0,0,1,0,40,523,523,27,0,21,19,32,39,39,16,0,35,0,0,0
2006.5,1,0,0,1,0,45,223,223,4,0,8,7,16,27,27,5,0,19,0,0,0
2006.5,1,0,0,1,0,50,135,135,3,0,11,11,10,16,16,7,0,5,0,0,0
2006.5,1,0,0,1,0,55,43,43,1,0,4,4,4,5,5,2,0,1,0,0,0
2006.5,1,0,0,1,0,60,99,99,6,0,12,10,5,8,8,1,0,10,0,0,0
2006.5,1,0,0,1,0,100,0,0,0,0,0,0,0,0,0,0,0,0,0,0,0
2006.5,1,0,0,1,1,0,3,3,0,3,1,1,3,3,3,0,0,0,0,0,0
2006.5,1,0,0,1,1,5,0,0,0,0,0,0,0,0,0,0,0,0,0,0,0
2006.5,1,0,0,1,1,10,1,1,0,1,0,0,1,1,1,0,0,0,0,0,0
2006.5,1,0,0,1,1,15,0,0,0,0,0,0,0,0,0,0,0,0,0,0,0
2006.5,1,0,0,1,1,20,0,0,0,0,1,1,0,0,0,0,0,0,0,0,0
2006.5,1,0,0,1,1,25,0,0,0,0,1,1,0,0,0,0,0,0,0,0,0
2006.5,1,0,0,1,1,30,2,2,0,2,0,0,2,2,2,0,0,0,0,0,0
2006.5,1,0,0,1,1,35,9,9,0,9,0,0,9,9,9,0,0,0,0,0,0
2006.5,1,0,0,1,1,40,4,4,0,4,1,1,4,4,4,0,0,1,0,0,0
2006.5,1,0,0,1,1,45,1,1,0,1,0,0,1,1,1,0,0,0,0,0,0
2006.5,1,0,0,1,1,50,1,1,0,1,0,0,1,1,1,0,0,0,0,0,0
2006.5,1,0,0,1,1,55,0,0,0,0,0,0,0,0,0,0,0,0,0,0,0
2006.5,1,0,0,1,1,60,0,0,0,0,0,0,0,0,0,0,0,0,0,0,0
2006.5,1,0,0,1,1,100,0,0,0,0,0,0,0,0,0,0,0,0,0,0,0
2006.5,1,0,1,0,0,0,0,0,0,0,0,0,0,0,0,0,0,0,0,0,0
2006.5,1,0,1,0,0,5,0,0,0,0,0,0,0,0,0,0,0,0,0,0,0
2006.5,1,0,1,0,0,10,14,0,0,0,0,0,0,0,0,0,0,0,0,0,0
2006.5,1,0,1,0,0,15,108,0,0,0,0,0,6,6,0,0,6,0,0,0,0
2006.5,1,0,1,0,0,20,217,0,0,0,1,0,20,23,0,0,19,0,0,0,0
2006.5,1,0,1,0,0,25,286,0,0,0,0,0,22,27,0,0,21,0,0,0,0
2006.5,1,0,1,0,0,30,199,0,0,0,1,0,9,11,0,0,10,0,0,0,0
2006.5,1,0,1,0,0,35,181,0,0,0,0,0,0,0,0,0,0,0,0,0,0
2006.5,1,0,1,0,0,40,125,0,0,0,1,0,0,0,0,0,0,0,0,0,0
2006.5,1,0,1,0,0,45,53,0,0,0,0,0,0,0,0,0,0,0,0,0,0
2006.5,1,0,1,0,0,50,37,0,0,0,0,0,0,0,0,0,0,0,0,0,0
2006.5,1,0,1,0,0,55,29,0,0,0,2,0,0,0,0,0,0,0,0,0,0
2006.5,1,0,1,0,0,60,86,0,0,0,0,0,0,0,0,0,0,0,0,0,0
2006.5,1,0,1,0,0,100,0,0,0,0,0,0,0,0,0,0,0,0,0,0,0
2006.5,1,0,1,0,1,0,0,0,0,0,0,0,0,0,0,0,0,0,0,0,0
2006.5,1,0,1,0,1,5,0,0,0,0,0,0,0,0,0,0,0,0,0,0,0
2006.5,1,0,1,0,1,10,0,0,0,0,0,0,0,0,0,0,0,0,0,0,0
2006.5,1,0,1,0,1,15,0,0,0,0,0,0,0,0,0,0,0,0,0,0,0
2006.5,1,0,1,0,1,20,0,0,0,0,0,0,0,0,0,0,0,0,0,0,0
2006.5,1,0,1,0,1,25,0,0,0,0,0,0,0,0,0,0,0,0,0,0,0
2006.5,1,0,1,0,1,30,0,0,0,0,0,0,0,0,0,0,0,0,0,0,0
2006.5,1,0,1,0,1,35,0,0,0,0,0,0,0,0,0,0,0,0,0,0,0
2006.5,1,0,1,0,1,40,0,0,0,0,0,0,0,0,0,0,0,0,0,0,0
2006.5,1,0,1,0,1,45,0,0,0,0,0,0,0,0,0,0,0,0,0,0,0
2006.5,1,0,1,0,1,50,0,0,0,0,0,0,0,0,0,0,0,0,0,0,0
2006.5,1,0,1,0,1,55,0,0,0,0,0,0,0,0,0,0,0,0,0,0,0
2006.5,1,0,1,0,1,60,0,0,0,0,0,0,0,0,0,0,0,0,0,0,0
2006.5,1,0,1,0,1,100,0,0,0,0,0,0,0,0,0,0,0,0,0,0,0
2006.5,1,0,1,1,0,0,0,0,0,0,0,0,0,0,0,0,0,0,0,0,0
2006.5,1,0,1,1,0,5,0,0,0,0,0,0,0,0,0,0,0,0,0,0,0
2006.5,1,0,1,1,0,10,1,1,0,0,0,0,0,0,0,0,0,0,0,0,0
2006.5,1,0,1,1,0,15,1,1,0,0,0,0,1,1,1,0,0,1,0,0,0
2006.5,1,0,1,1,0,20,11,11,1,0,0,0,0,0,0,0,0,2,0,0,0
2006.5,1,0,1,1,0,25,58,58,3,0,1,1,4,5,5,2,0,9,0,0,0
2006.5,1,0,1,1,0,30,71,71,5,0,1,1,2,3,3,1,0,8,0,0,0
2006.5,1,0,1,1,0,35,51,51,6,0,0,0,4,4,4,2,0,2,0,0,0
2006.5,1,0,1,1,0,40,58,58,5,0,5,5,3,4,4,2,0,5,0,0,0
2006.5,1,0,1,1,0,45,18,18,0,0,1,1,0,0,0,0,0,1,0,0,0
2006.5,1,0,1,1,0,50,3,3,0,0,2,2,0,0,0,0,0,1,0,0,0
2006.5,1,0,1,1,0,55,3,3,0,0,0,0,1,1,1,0,0,0,0,0,0
2006.5,1,0,1,1,0,60,3,3,0,0,1,1,0,0,0,0,0,0,0,0,0
2006.5,1,0,1,1,0,100,0,0,0,0,0,0,0,0,0,0,0,0,0,0,0
2006.5,1,0,1,1,1,0,0,0,0,0,0,0,0,0,0,0,0,0,0,0,0
2006.5,1,0,1,1,1,5,0,0,0,0,0,0,0,0,0,0,0,0,0,0,0
2006.5,1,0,1,1,1,10,0,0,0,0,0,0,0,0,0,0,0,0,0,0,0
2006.5,1,0,1,1,1,15,0,0,0,0,0,0,0,0,0,0,0,0,0,0,0
2006.5,1,0,1,1,1,20,0,0,0,0,0,0,0,0,0,0,0,0,0,0,0
2006.5,1,0,1,1,1,25,1,1,0,1,0,0,1,1,1,0,0,0,0,0,0
2006.5,1,0,1,1,1,30,1,1,0,1,0,0,1,1,1,0,0,0,0,0,0
2006.5,1,0,1,1,1,35,0,0,0,0,0,0,0,0,0,0,0,0,0,0,0
2006.5,1,0,1,1,1,40,0,0,0,0,0,0,0,0,0,0,0,0,0,0,0
2006.5,1,0,1,1,1,45,0,0,0,0,0,0,0,0,0,0,0,0,0,0,0
2006.5,1,0,1,1,1,50,0,0,0,0,0,0,0,0,0,0,0,0,0,0,0
2006.5,1,0,1,1,1,55,0,0,0,0,0,0,0,0,0,0,0,0,0,0,0
2006.5,1,0,1,1,1,60,0,0,0,0,0,0,0,0,0,0,0,0,0,0,0
2006.5,1,0,1,1,1,100,0,0,0,0,0,0,0,0,0,0,0,0,0,0,0
2006.5,1,1,0,0,0,0,4752,0,0,0,15,0,89,125,0,0,45,0,0,0,0
2006.5,1,1,0,0,0,5,4519,0,0,0,1,0,0,0,0,0,0,0,0,0,0
2006.5,1,1,0,0,0,10,4387,0,0,0,1,0,51,52,0,0,60,0,0,0,0
2006.5,1,1,0,0,0,15,4070,0,0,0,1,0,367,528,0,0,253,0,0,0,0
2006.5,1,1,0,0,0,20,2938,0,0,0,3,0,448,727,0,0,290,0,0,0,0
2006.5,1,1,0,0,0,25,1826,0,0,0,0,0,269,495,0,0,178,0,0,0,0
2006.5,1,1,0,0,0,30,1176,0,0,0,1,0,129,249,0,0,68,0,0,0,0
2006.5,1,1,0,0,0,35,962,0,0,0,0,0,58,129,0,0,24,0,0,0,0
2006.5,1,1,0,0,0,40,776,0,0,0,0,0,14,56,0,0,5,0,0,0,0
2006.5,1,1,0,0,0,45,406,0,0,0,3,0,1,12,0,0,0,0,0,0,0
2006.5,1,1,0,0,0,50,386,0,0,0,2,0,0,0,0,0,0,0,0,0,0
2006.5,1,1,0,0,0,55,441,0,0,0,1,0,0,0,0,0,0,0,0,0,0
2006.5,1,1,0,0,0,60,1723,0,0,0,42,0,0,0,0,0,0,0,0,0,0
2006.5,1,1,0,0,0,100,0,0,0,0,0,0,0,0,0,0,0,0,0,0,0
2006.5,1,1,0,0,1,0,0,0,0,0,0,0,0,0,0,0,0,0,0,0,0
2006.5,1,1,0,0,1,5,0,0,0,0,0,0,0,0,0,0,0,0,0,0,0
2006.5,1,1,0,0,1,10,0,0,0,0,0,0,0,0,0,0,0,0,0,0,0
2006.5,1,1,0,0,1,15,0,0,0,0,0,0,0,0,0,0,0,0,0,0,0
2006.5,1,1,0,0,1,20,0,0,0,0,0,0,0,0,0,0,0,0,0,0,0
2006.5,1,1,0,0,1,25,0,0,0,0,0,0,0,0,0,0,0,0,0,0,0
2006.5,1,1,0,0,1,30,0,0,0,0,0,0,0,0,0,0,0,0,0,0,0
2006.5,1,1,0,0,1,35,0,0,0,0,0,0,0,0,0,0,0,0,0,0,0
2006.5,1,1,0,0,1,40,0,0,0,0,0,0,0,0,0,0,0,0,0,0,0
2006.5,1,1,0,0,1,45,0,0,0,0,0,0,0,0,0,0,0,0,0,0,0
2006.5,1,1,0,0,1,50,0,0,0,0,0,0,0,0,0,0,0,0,0,0,0
2006.5,1,1,0,0,1,55,0,0,0,0,0,0,0,0,0,0,0,0,0,0,0
2006.5,1,1,0,0,1,60,0,0,0,0,0,0,0,0,0,0,0,0,0,0,0
2006.5,1,1,0,0,1,100,0,0,0,0,0,0,0,0,0,0,0,0,0,0,0
2006.5,1,1,0,1,0,0,215,215,38,0,26,26,20,27,27,12,0,0,0,0,0
2006.5,1,1,0,1,0,5,161,161,0,0,1,1,4,5,5,1,0,0,0,0,0
2006.5,1,1,0,1,0,10,136,136,11,0,9,9,8,11,11,7,0,0,0,0,0
2006.5,1,1,0,1,0,15,283,283,44,0,11,10,21,37,31,12,0,21,0,0,0
2006.5,1,1,0,1,0,20,850,850,88,0,14,12,113,221,179,69,0,59,0,0,0
2006.5,1,1,0,1,0,25,1101,1101,51,0,25,25,190,319,283,99,0,48,0,0,0
2006.5,1,1,0,1,0,30,1075,1075,34,0,29,28,142,269,237,72,0,29,0,0,0
2006.5,1,1,0,1,0,35,870,870,29,0,25,24,97,178,163,47,0,31,0,0,0
2006.5,1,1,0,1,0,40,598,598,18,0,26,26,47,89,81,23,0,11,0,0,0
2006.5,1,1,0,1,0,45,236,236,4,0,16,16,16,25,25,10,0,6,0,0,0
2006.5,1,1,0,1,0,50,123,123,2,0,14,14,10,13,13,4,0,1,0,0,0
2006.5,1,1,0,1,0,55,68,68,2,0,9,9,9,12,12,5,0,1,0,0,0
2006.5,1,1,0,1,0,60,153,153,11,0,13,12,17,24,24,7,0,2,0,0,0
2006.5,1,1,0,1,0,100,0,0,0,0,0,0,0,0,0,0,0,0,0,0,0
2006.5,1,1,0,1,1,0,0,0,0,0,0,0,0,0,0,0,0,0,0,0,0
2006.5,1,1,0,1,1,5,2,2,0,2,0,0,2,2,2,0,0,0,0,0,0
2006.5,1,1,0,1,1,10,1,1,0,1,0,0,1,1,1,0,0,0,0,0,0
2006.5,1,1,0,1,1,15,1,1,0,1,0,0,1,1,1,0,0,0,0,0,0
2006.5,1,1,0,1,1,20,6,6,0,6,0,0,6,6,6,0,0,1,0,0,0
2006.5,1,1,0,1,1,25,13,13,0,13,1,1,13,13,13,0,0,0,0,0,0
2006.5,1,1,0,1,1,30,12,12,0,12,1,1,12,12,12,0,0,0,0,0,0
2006.5,1,1,0,1,1,35,12,12,0,12,0,0,12,12,12,0,0,0,0,0,0
2006.5,1,1,0,1,1,40,8,8,0,8,0,0,8,8,8,0,0,0,0,0,0
2006.5,1,1,0,1,1,45,3,3,0,3,0,0,3,3,3,0,0,0,0,0,0
2006.5,1,1,0,1,1,50,2,2,0,2,0,0,2,2,2,0,0,0,0,0,0
2006.5,1,1,0,1,1,55,1,1,0,1,0,0,1,1,1,0,0,0,0,0,0
2006.5,1,1,0,1,1,60,1,1,0,1,0,0,1,1,1,0,0,0,0,0,0
2006.5,1,1,0,1,1,100,0,0,0,0,0,0,0,0,0,0,0,0,0,0,0
2007,1,0,0,0,0,0,4789,0,0,0,29,0,133,218,0,0,62,0,0,0,0
2007,1,0,0,0,0,5,4365,0,0,0,0,0,0,0,0,0,0,0,0,0,0
2007,1,0,0,0,0,10,4374,0,0,0,0,0,0,0,0,0,0,0,0,0,5
2007,1,0,0,0,0,15,4034,0,0,0,4,0,141,157,0,0,148,0,0,0,10
2007,1,0,0,0,0,20,3229,0,0,0,3,0,281,333,0,0,256,0,0,0,16
2007,1,0,0,0,0,25,2088,0,0,0,1,0,182,216,0,0,164,0,0,0,8
2007,1,0,0,0,0,30,1495,0,0,0,4,0,121,144,0,0,81,0,0,0,0
2007,1,0,0,0,0,35,1176,0,0,0,3,0,2,2,0,0,2,0,0,0,0
2007,1,0,0,0,0,40,793,0,0,0,3,0,0,0,0,0,0,0,0,0,0
2007,1,0,0,0,0,45,431,0,0,0,0,0,0,0,0,0,0,0,0,0,0
2007,1,0,0,0,0,50,300,0,0,0,3,0,0,0,0,0,0,0,0,0,0
2007,1,0,0,0,0,55,315,0,0,0,4,0,0,0,0,0,0,0,0,0,0
2007,1,0,0,0,0,60,967,0,0,0,28,0,0,0,0,0,0,0,0,0,0
2007,1,0,0,0,0,100,0,0,0,0,0,0,0,0,0,0,0,0,0,0,0
2007,1,0,0,0,1,0,0,0,0,0,0,0,0,0,0,0,0,0,0,0,0
2007,1,0,0,0,1,5,0,0,0,0,0,0,0,0,0,0,0,0,0,0,0
2007,1,0,0,0,1,10,0,0,0,0,0,0,0,0,0,0,0,0,0,0,0
2007,1,0,0,0,1,15,0,0,0,0,0,0,0,0,0,0,0,0,0,0,0
2007,1,0,0,0,1,20,0,0,0,0,0,0,0,0,0,0,0,0,0,0,0
2007,1,0,0,0,1,25,0,0,0,0,0,0,0,0,0,0,0,0,0,0,0
2007,1,0,0,0,1,30,0,0,0,0,0,0,0,0,0,0,0,0,0,0,0
2007,1,0,0,0,1,35,0,0,0,0,0,0,0,0,0,0,0,0,0,0,0
2007,1,0,0,0,1,40,0,0,0,0,0,0,0,0,0,0,0,0,0,0,0
2007,1,0,0,0,1,45,0,0,0,0,0,0,0,0,0,0,0,0,0,0,0
2007,1,0,0,0,1,50,0,0,0,0,0,0,0,0,0,0,0,0,0,0,0
2007,1,0,0,0,1,55,0,0,0,0,0,0,0,0,0,0,0,0,0,0,0
2007,1,0,0,0,1,60,0,0,0,0,0,0,0,0,0,0,0,0,0,0,0
2007,1,0,0,0,1,100,0,0,0,0,0,0,0,0,0,0,0,0,0,0,0
2007,1,0,0,1,0,0,197,197,38,0,25,24,18,26,26,14,0,0,0,0,0
2007,1,0,0,1,0,5,178,178,0,0,2,2,4,6,6,2,0,0,0,0,0
2007,1,0,0,1,0,10,120,120,0,0,5,5,6,8,8,4,0,0,0,0,0
2007,1,0,0,1,0,15,106,106,19,0,1,1,8,13,10,5,0,6,0,0,0
2007,1,0,0,1,0,20,280,280,27,0,4,4,28,42,38,17,0,42,0,0,1
2007,1,0,0,1,0,25,483,483,42,0,4,4,59,78,74,30,0,56,0,0,0
2007,1,0,0,1,0,30,682,682,27,0,20,19,60,95,94,38,0,52,0,0,0
2007,1,0,0,1,0,35,599,599,15,0,21,21,19,27,27,9,0,36,0,0,0
2007,1,0,0,1,0,40,533,533,32,0,21,20,32,48,48,14,0,37,0,0,0
2007,1,0,0,1,0,45,248,248,5,0,21,19,12,20,20,6,0,14,0,0,0
2007,1,0,0,1,0,50,134,134,3,0,8,7,8,13,13,3,0,7,0,0,0
2007,1,0,0,1,0,55,50,50,3,0,3,3,3,4,4,2,0,5,0,0,0
2007,1,0,0,1,0,60,100,100,6,0,9,9,6,7,7,5,0,8,0,0,0
2007,1,0,0,1,0,100,0,0,0,0,0,0,0,0,0,0,0,0,0,0,0
2007,1,0,0,1,1,0,3,3,0,3,0,0,3,3,3,0,0,0,0,0,0
2007,1,0,0,1,1,5,0,0,0,0,0,0,0,0,0,0,0,0,0,0,0
2007,1,0,0,1,1,10,1,1,0,1,0,0,1,1,1,0,0,0,0,0,0
2007,1,0,0,1,1,15,0,0,0,0,0,0,0,0,0,0,0,0,0,0,0
2007,1,0,0,1,1,20,0,0,0,0,0,0,0,0,0,0,0,0,0,0,0
2007,1,0,0,1,1,25,0,0,0,0,0,0,0,0,0,0,0,0,0,0,0
2007,1,0,0,1,1,30,4,4,0,4,0,0,4,4,4,0,0,0,0,0,0
2007,1,0,0,1,1,35,10,10,0,10,0,0,10,10,10,0,0,1,0,0,0
2007,1,0,0,1,1,40,6,6,0,6,0,0,6,6,6,0,0,0,0,0,0
2007,1,0,0,1,1,45,2,2,0,2,0,0,2,2,2,0,0,0,0,0,0
2007,1,0,0,1,1,50,1,1,0,1,0,0,1,1,1,0,0,0,0,0,0
2007,1,0,0,1,1,55,0,0,0,0,0,0,0,0,0,0,0,0,0,0,0
2007,1,0,0,1,1,60,0,0,0,0,0,0,0,0,0,0,0,0,0,0,0
2007,1,0,0,1,1,100,0,0,0,0,0,0,0,0,0,0,0,0,0,0,0
2007,1,0,1,0,0,0,0,0,0,0,0,0,0,0,0,0,0,0,0,0,0
2007,1,0,1,0,0,5,0,0,0,0,0,0,0,0,0,0,0,0,0,0,0
2007,1,0,1,0,0,10,16,0,0,0,0,0,0,0,0,0,0,0,0,0,0
2007,1,0,1,0,0,15,103,0,0,0,0,0,5,5,0,0,6,0,0,0,0
2007,1,0,1,0,0,20,222,0,0,0,0,0,27,30,0,0,10,0,0,0,0
2007,1,0,1,0,0,25,288,0,0,0,1,0,32,38,0,0,27,0,0,0,0
2007,1,0,1,0,0,30,208,0,0,0,0,0,14,18,0,0,11,0,0,0,0
2007,1,0,1,0,0,35,182,0,0,0,2,0,1,1,0,0,0,0,0,0,0
2007,1,0,1,0,0,40,124,0,0,0,0,0,0,0,0,0,0,0,0,0,0
2007,1,0,1,0,0,45,62,0,0,0,0,0,0,0,0,0,0,0,0,0,0
2007,1,0,1,0,0,50,37,0,0,0,1,0,0,0,0,0,0,0,0,0,0
2007,1,0,1,0,0,55,29,0,0,0,1,0,0,0,0,0,0,0,0,0,0
2007,1,0,1,0,0,60,83,0,0,0,3,0,0,0,0,0,0,0,0,0,0
2007,1,0,1,0,0,100,0,0,0,0,0,0,0,0,0,0,0,0,0,0,0
2007,1,0,1,0,1,0,0,0,0,0,0,0,0,0,0,0,0,0,0,0,0
2007,1,0,1,0,1,5,0,0,0,0,0,0,0,0,0,0,0,0,0,0,0
2007,1,0,1,0,1,10,0,0,0,0,0,0,0,0,0,0,0,0,0,0,0
2007,1,0,1,0,1,15,0,0,0,0,0,0,0,0,0,0,0,0,0,0,0
2007,1,0,1,0,1,20,0,0,0,0,0,0,0,0,0,0,0,0,0,0,0
2007,1,0,1,0,1,25,0,0,0,0,0,0,0,0,0,0,0,0,0,0,0
2007,1,0,1,0,1,30,0,0,0,0,0,0,0,0,0,0,0,0,0,0,0
2007,1,0,1,0,1,35,0,0,0,0,0,0,0,0,0,0,0,0,0,0,0
2007,1,0,1,0,1,40,0,0,0,0,0,0,0,0,0,0,0,0,0,0,0
2007,1,0,1,0,1,45,0,0,0,0,0,0,0,0,0,0,0,0,0,0,0
2007,1,0,1,0,1,50,0,0,0,0,0,0,0,0,0,0,0,0,0,0,0
2007,1,0,1,0,1,55,0,0,0,0,0,0,0,0,0,0,0,0,0,0,0
2007,1,0,1,0,1,60,0,0,0,0,0,0,0,0,0,0,0,0,0,0,0
2007,1,0,1,0,1,100,0,0,0,0,0,0,0,0,0,0,0,0,0,0,0
2007,1,0,1,1,0,0,0,0,0,0,0,0,0,0,0,0,0,0,0,0,0
2007,1,0,1,1,0,5,0,0,0,0,0,0,0,0,0,0,0,0,0,0,0
2007,1,0,1,1,0,10,1,1,0,0,0,0,0,0,0,0,0,0,0,0,0
2007,1,0,1,1,0,15,1,1,0,0,0,0,1,1,1,1,0,0,0,0,0
2007,1,0,1,1,0,20,11,11,2,0,0,0,0,0,0,0,0,1,0,0,0
2007,1,0,1,1,0,25,59,59,4,0,0,0,4,6,5,1,0,4,0,0,0
2007,1,0,1,1,0,30,72,72,3,0,3,3,7,9,9,6,0,8,0,0,0
2007,1,0,1,1,0,35,53,53,1,0,2,1,2,4,4,1,0,2,0,0,0
2007,1,0,1,1,0,40,56,56,1,0,3,3,1,3,3,0,0,3,0,0,0
2007,1,0,1,1,0,45,20,20,1,0,2,2,2,2,2,1,0,2,0,0,0
2007,1,0,1,1,0,50,5,5,0,0,0,0,1,1,1,1,0,0,0,0,0
2007,1,0,1,1,0,55,4,4,1,0,0,0,0,1,1,0,0,1,0,0,0
2007,1,0,1,1,0,60,3,3,0,0,1,0,0,0,0,0,0,0,0,0,0
2007,1,0,1,1,0,100,0,0,0,0,0,0,0,0,0,0,0,0,0,0,0
2007,1,0,1,1,1,0,0,0,0,0,0,0,0,0,0,0,0,0,0,0,0
2007,1,0,1,1,1,5,0,0,0,0,0,0,0,0,0,0,0,0,0,0,0
2007,1,0,1,1,1,10,0,0,0,0,0,0,0,0,0,0,0,0,0,0,0
2007,1,0,1,1,1,15,0,0,0,0,0,0,0,0,0,0,0,0,0,0,0
2007,1,0,1,1,1,20,0,0,0,0,0,0,0,0,0,0,0,0,0,0,0
2007,1,0,1,1,1,25,1,1,0,1,0,0,1,1,1,0,0,0,0,0,0
2007,1,0,1,1,1,30,1,1,0,1,0,0,1,1,1,0,0,0,0,0,0
2007,1,0,1,1,1,35,0,0,0,0,0,0,0,0,0,0,0,0,0,0,0
2007,1,0,1,1,1,40,0,0,0,0,0,0,0,0,0,0,0,0,0,0,0
2007,1,0,1,1,1,45,0,0,0,0,0,0,0,0,0,0,0,0,0,0,0
2007,1,0,1,1,1,50,0,0,0,0,0,0,0,0,0,0,0,0,0,0,0
2007,1,0,1,1,1,55,0,0,0,0,0,0,0,0,0,0,0,0,0,0,0
2007,1,0,1,1,1,60,0,0,0,0,0,0,0,0,0,0,0,0,0,0,0
2007,1,0,1,1,1,100,0,0,0,0,0,0,0,0,0,0,0,0,0,0,0
2007,1,1,0,0,0,0,4838,0,0,0,15,0,131,206,0,0,82,0,0,0,0
2007,1,1,0,0,0,5,4544,0,0,0,1,0,0,0,0,0,0,0,0,0,0
2007,1,1,0,0,0,10,4421,0,0,0,0,0,57,60,0,0,69,0,0,0,0
2007,1,1,0,0,0,15,4057,0,0,0,2,0,483,700,0,0,331,0,0,0,0
2007,1,1,0,0,0,20,2974,0,0,0,3,0,574,917,0,0,423,0,0,0,0
2007,1,1,0,0,0,25,1838,0,0,0,2,0,349,620,0,0,226,0,0,0,0
2007,1,1,0,0,0,30,1213,0,0,0,0,0,177,348,0,0,107,0,0,0,0
2007,1,1,0,0,0,35,925,0,0,0,1,0,64,167,0,0,36,0,0,0,0
2007,1,1,0,0,0,40,809,0,0,0,2,0,19,71,0,0,15,0,0,0,0
2007,1,1,0,0,0,45,421,0,0,0,1,0,2,13,0,0,0,0,0,0,0
2007,1,1,0,0,0,50,369,0,0,0,1,0,0,1,0,0,0,0,0,0,0
2007,1,1,0,0,0,55,439,0,0,0,4,0,0,0,0,0,0,0,0,0,0
2007,1,1,0,0,0,60,1714,0,0,0,37,0,0,0,0,0,0,0,0,0,0
2007,1,1,0,0,0,100,0,0,0,0,0,0,0,0,0,0,0,0,0,0,0
2007,1,1,0,0,1,0,0,0,0,0,0,0,0,0,0,0,0,0,0,0,0
2007,1,1,0,0,1,5,0,0,0,0,0,0,0,0,0,0,0,0,0,0,0
2007,1,1,0,0,1,10,0,0,0,0,0,0,0,0,0,0,0,0,0,0,0
2007,1,1,0,0,1,15,0,0,0,0,0,0,0,0,0,0,0,0,0,0,0
2007,1,1,0,0,1,20,0,0,0,0,0,0,0,0,0,0,0,0,0,0,0
2007,1,1,0,0,1,25,0,0,0,0,0,0,0,0,0,0,0,0,0,0,0
2007,1,1,0,0,1,30,0,0,0,0,0,0,0,0,0,0,0,0,0,0,0
2007,1,1,0,0,1,35,0,0,0,0,0,0,0,0,0,0,0,0,0,0,0
2007,1,1,0,0,1,40,0,0,0,0,0,0,0,0,0,0,0,0,0,0,0
2007,1,1,0,0,1,45,0,0,0,0,0,0,0,0,0,0,0,0,0,0,0
2007,1,1,0,0,1,50,0,0,0,0,0,0,0,0,0,0,0,0,0,0,0
2007,1,1,0,0,1,55,0,0,0,0,0,0,0,0,0,0,0,0,0,0,0
2007,1,1,0,0,1,60,0,0,0,0,0,0,0,0,0,0,0,0,0,0,0
2007,1,1,0,0,1,100,0,0,0,0,0,0,0,0,0,0,0,0,0,0,0
2007,1,1,0,1,0,0,206,206,37,0,21,20,21,36,36,17,0,0,0,0,0
2007,1,1,0,1,0,5,173,173,0,0,3,3,2,5,5,1,0,0,0,0,0
2007,1,1,0,1,0,10,130,130,11,0,4,4,10,14,13,3,0,2,0,0,0
2007,1,1,0,1,0,15,290,290,46,0,5,5,38,57,47,26,0,19,0,0,0
2007,1,1,0,1,0,20,851,851,78,0,12,12,142,270,218,85,0,45,0,0,0
2007,1,1,0,1,0,25,1140,1140,48,0,22,22,247,406,359,134,0,47,0,0,0
2007,1,1,0,1,0,30,1062,1062,36,0,42,41,155,322,284,73,0,21,0,0,0
2007,1,1,0,1,0,35,905,905,29,0,41,41,99,202,182,50,0,27,0,0,0
2007,1,1,0,1,0,40,602,602,10,0,24,23,44,108,100,23,0,18,0,0,0
2007,1,1,0,1,0,45,260,260,12,0,14,13,25,36,36,15,0,9,0,0,0
2007,1,1,0,1,0,50,125,125,4,0,13,11,9,11,11,4,0,1,0,0,0
2007,1,1,0,1,0,55,67,67,4,0,6,6,5,8,8,1,0,0,0,0,0
2007,1,1,0,1,0,60,151,151,7,0,19,17,15,27,27,10,0,1,0,0,0
2007,1,1,0,1,0,100,0,0,0,0,0,0,0,0,0,0,0,0,0,0,0
2007,1,1,0,1,1,0,1,1,0,1,0,0,1,1,1,0,0,0,0,0,0
2007,1,1,0,1,1,5,2,2,0,2,0,0,2,2,2,0,0,0,0,0,0
2007,1,1,0,1,1,10,1,1,0,1,0,0,1,1,1,0,0,0,0,0,0
2007,1,1,0,1,1,15,0,0,0,0,0,0,0,0,0,0,0,0,0,0,0
2007,1,1,0,1,1,20,10,10,0,10,0,0,10,10,10,0,0,1,0,0,0
2007,1,1,0,1,1,25,16,16,0,16,0,0,16,16,16,0,0,1,0,0,0
2007,1,1,0,1,1,30,13,13,0,13,0,0,13,13,13,0,0,0,0,0,0
2007,1,1,0,1,1,35,14,14,0,14,0,0,14,14,14,0,0,0,0,0,0
2007,1,1,0,1,1,40,8,8,0,8,0,0,8,8,8,0,0,0,0,0,0
2007,1,1,0,1,1,45,5,5,0,5,0,0,5,5,5,0,0,0,0,0,0
2007,1,1,0,1,1,50,2,2,0,2,0,0,2,2,2,0,0,0,0,0,0
2007,1,1,0,1,1,55,0,0,0,0,1,1,0,0,0,0,0,0,0,0,0
2007,1,1,0,1,1,60,1,1,0,1,0,0,1,1,1,0,0,0,0,0,0
2007,1,1,0,1,1,100,0,0,0,0,0,0,0,0,0,0,0,0,0,0,0
2007.5,1,0,0,0,0,0,4888,0,0,0,23,0,164,304,0,0,86,0,0,0,0
2007.5,1,0,0,0,0,5,4374,0,0,0,3,0,0,0,0,0,0,0,0,0,2
2007.5,1,0,0,0,0,10,4376,0,0,0,2,0,0,0,0,0,0,0,0,0,5
2007.5,1,0,0,0,0,15,4037,0,0,0,2,0,180,195,0,0,187,0,0,0,14
2007.5,1,0,0,0,0,20,3266,0,0,0,6,0,405,473,0,0,320,0,0,0,12
2007.5,1,0,0,0,0,25,2141,0,0,0,3,0,290,338,0,0,235,0,0,0,4
2007.5,1,0,0,0,0,30,1478,0,0,0,1,0,189,219,0,0,149,0,0,0,2
2007.5,1,0,0,0,0,35,1193,0,0,0,1,0,7,10,0,0,5,0,0,0,0
2007.5,1,0,0,0,0,40,808,0,0,0,3,0,0,0,0,0,0,0,0,0,0
2007.5,1,0,0,0,0,45,448,0,0,0,3,0,0,0,0,0,0,0,0,0,0
2007.5,1,0,0,0,0,50,300,0,0,0,3,0,0,0,0,0,0,0,0,0,0
2007.5,1,0,0,0,0,55,314,0,0,0,3,0,0,0,0,0,0,0,0,0,0
2007.5,1,0,0,0,0,60,957,0,0,0,30,0,0,0,0,0,0,0,0,0,0
2007.5,1,0,0,0,0,100,0,0,0,0,0,0,0,0,0,0,0,0,0,0,0
2007.5,1,0,0,0,1,0,0,0,0,0,0,0,0,0,0,0,0,0,0,0,0
2007.5,1,0,0,0,1,5,0,0,0,0,0,0,0,0,0,0,0,0,0,0,0
2007.5,1,0,0,0,1,10,0,0,0,0,0,0,0,0,0,0,0,0,0,0,0
2007.5,1,0,0,0,1,15,0,0,0,0,0,0,0,0,0,0,0,0,0,0,0
2007.5,1,0,0,0,1,20,0,0,0,0,0,0,0,0,0,0,0,0,0,0,0
2007.5,1,0,0,0,1,25,0,0,0,0,0,0,0,0,0,0,0,0,0,0,0
2007.5,1,0,0,0,1,30,0,0,0,0,0,0,0,0,0,0,0,0,0,0,0
2007.5,1,0,0,0,1,35,0,0,0,0,0,0,0,0,0,0,0,0,0,0,0
2007.5,1,0,0,0,1,40,0,0,0,0,0,0,0,0,0,0,0,0,0,0,0
2007.5,1,0,0,0,1,45,0,0,0,0,0,0,0,0,0,0,0,0,0,0,0
2007.5,1,0,0,0,1,50,0,0,0,0,0,0,0,0,0,0,0,0,0,0,0
2007.5,1,0,0,0,1,55,0,0,0,0,0,0,0,0,0,0,0,0,0,0,0
2007.5,1,0,0,0,1,60,0,0,0,0,0,0,0,0,0,0,0,0,0,0,0
2007.5,1,0,0,0,1,100,0,0,0,0,0,0,0,0,0,0,0,0,0,0,0
2007.5,1,0,0,1,0,0,188,188,28,0,16,16,16,24,24,11,0,0,0,0,0
2007.5,1,0,0,1,0,5,178,178,0,0,5,5,3,4,4,2,0,0,0,0,0
2007.5,1,0,0,1,0,10,118,118,0,0,7,7,6,8,8,3,0,1,0,0,0
2007.5,1,0,0,1,0,15,102,102,12,0,5,5,13,17,15,9,0,4,0,0,0
2007.5,1,0,0,1,0,20,287,287,43,0,2,2,29,51,44,16,0,43,0,0,1
2007.5,1,0,0,1,0,25,515,515,45,0,7,7,64,102,94,22,0,47,0,0,2
2007.5,1,0,0,1,0,30,683,683,40,0,19,18,65,114,109,28,0,61,0,0,0
2007.5,1,0,0,1,0,35,607,607,20,0,23,21,20,35,35,11,0,43,0,0,0
2007.5,1,0,0,1,0,40,545,545,26,0,26,22,31,45,45,20,0,45,0,0,0
2007.5,1,0,0,1,0,45,267,267,3,0,17,14,15,24,24,13,0,18,0,0,0
2007.5,1,0,0,1,0,50,123,123,1,0,13,10,7,13,13,4,0,4,0,0,0
2007.5,1,0,0,1,0,55,54,54,3,0,6,4,2,2,2,0,0,3,0,0,0
2007.5,1,0,0,1,0,60,90,90,2,0,15,11,5,7,7,3,0,3,0,0,0
2007.5,1,0,0,1,0,100,0,0,0,0,0,0,0,0,0,0,0,0,0,0,0
2007.5,1,0,0,1,1,0,4,4,0,4,0,0,4,4,4,0,0,0,0,0,0
2007.5,1,0,0,1,1,5,0,0,0,0,0,0,0,0,0,0,0,0,0,0,0
2007.5,1,0,0,1,1,10,1,1,0,1,0,0,1,1,1,0,0,0,0,0,0
2007.5,1,0,0,1,1,15,0,0,0,0,0,0,0,0,0,0,0,0,0,0,0
2007.5,1,0,0,1,1,20,1,1,0,1,0,0,1,1,1,0,0,1,0,0,0
2007.5,1,0,0,1,1,25,0,0,0,0,0,0,0,0,0,0,0,0,0,0,0
2007.5,1,0,0,1,1,30,3,3,0,3,0,0,3,3,3,0,0,0,0,0,0
2007.5,1,0,0,1,1,35,9,9,0,9,0,0,9,9,9,0,0,0,0,0,0
2007.5,1,0,0,1,1,40,10,10,0,10,1,1,10,10,10,0,0,0,0,0,0
2007.5,1,0,0,1,1,45,3,3,0,3,0,0,3,3,3,0,0,0,0,0,0
2007.5,1,0,0,1,1,50,0,0,0,0,0,0,0,0,0,0,0,0,0,0,0
2007.5,1,0,0,1,1,55,1,1,0,1,0,0,1,1,1,0,0,0,0,0,0
2007.5,1,0,0,1,1,60,1,1,0,1,0,0,1,1,1,0,0,0,0,0,0
2007.5,1,0,0,1,1,100,0,0,0,0,0,0,0,0,0,0,0,0,0,0,0
2007.5,1,0,1,0,0,0,0,0,0,0,0,0,0,0,0,0,0,0,0,0,0
2007.5,1,0,1,0,0,5,0,0,0,0,0,0,0,0,0,0,0,0,0,0,0
2007.5,1,0,1,0,0,10,18,0,0,0,0,0,0,0,0,0,0,0,0,0,0
2007.5,1,0,1,0,0,15,107,0,0,0,0,0,8,9,0,0,12,0,0,0,0
2007.5,1,0,1,0,0,20,222,0,0,0,0,0,32,38,0,0,26,0,0,0,0
2007.5,1,0,1,0,0,25,285,0,0,0,1,0,46,56,0,0,34,0,0,0,0
2007.5,1,0,1,0,0,30,218,0,0,0,0,0,25,32,0,0,18,0,0,0,0
2007.5,1,0,1,0,0,35,183,0,0,0,1,0,3,3,0,0,1,0,0,0,0
2007.5,1,0,1,0,0,40,121,0,0,0,2,0,0,0,0,0,0,0,0,0,0
2007.5,1,0,1,0,0,45,70,0,0,0,0,0,0,0,0,0,0,0,0,0,0
2007.5,1,0,1,0,0,50,37,0,0,0,0,0,0,0,0,0,0,0,0,0,0
2007.5,1,0,1,0,0,55,31,0,0,0,0,0,0,0,0,0,0,0,0,0,0
2007.5,1,0,1,0,0,60,84,0,0,0,2,0,0,0,0,0,0,0,0,0,0
2007.5,1,0,1,0,0,100,0,0,0,0,0,0,0,0,0,0,0,0,0,0,0
2007.5,1,0,1,0,1,0,0,0,0,0,0,0,0,0,0,0,0,0,0,0,0
2007.5,1,0,1,0,1,5,0,0,0,0,0,0,0,0,0,0,0,0,0,0,0
2007.5,1,0,1,0,1,10,0,0,0,0,0,0,0,0,0,0,0,0,0,0,0
2007.5,1,0,1,0,1,15,0,0,0,0,0,0,0,0,0,0,0,0,0,0,0
2007.5,1,0,1,0,1,20,0,0,0,0,0,0,0,0,0,0,0,0,0,0,0
2007.5,1,0,1,0,1,25,0,0,0,0,0,0,0,0,0,0,0,0,0,0,0
2007.5,1,0,1,0,1,30,0,0,0,0,0,0,0,0,0,0,0,0,0,0,0
2007.5,1,0,1,0,1,35,0,0,0,0,0,0,0,0,0,0,0,0,0,0,0
2007.5,1,0,1,0,1,40,0,0,0,0,0,0,0,0,0,0,0,0,0,0,0
2007.5,1,0,1,0,1,45,0,0,0,0,0,0,0,0,0,0,0,0,0,0,0
2007.5,1,0,1,0,1,50,0,0,0,0,0,0,0,0,0,0,0,0,0,0,0
2007.5,1,0,1,0,1,55,0,0,0,0,0,0,0,0,0,0,0,0,0,0,0
2007.5,1,0,1,0,1,60,0,0,0,0,0,0,0,0,0,0,0,0,0,0,0
2007.5,1,0,1,0,1,100,0,0,0,0,0,0,0,0,0,0,0,0,0,0,0
2007.5,1,0,1,1,0,0,0,0,0,0,0,0,0,0,0,0,0,0,0,0,0
2007.5,1,0,1,1,0,5,0,0,0,0,0,0,0,0,0,0,0,0,0,0,0
2007.5,1,0,1,1,0,10,1,1,0,0,0,0,0,0,0,0,0,0,0,0,0
2007.5,1,0,1,1,0,15,1,1,0,0,0,0,1,1,1,0,0,0,0,0,0
2007.5,1,0,1,1,0,20,11,11,1,0,0,0,0,0,0,0,0,1,0,0,0
2007.5,1,0,1,1,0,25,59,59,5,0,1,1,6,9,6,4,0,8,0,0,0
2007.5,1,0,1,1,0,30,66,66,0,0,2,1,8,12,12,3,0,7,0,0,0
2007.5,1,0,1,1,0,35,58,58,3,0,1,1,2,5,5,2,0,0,0,0,0
2007.5,1,0,1,1,0,40,58,58,3,0,1,1,1,3,3,0,0,3,0,0,0
2007.5,1,0,1,1,0,45,24,24,0,0,0,0,2,3,3,0,0,2,0,0,0
2007.5,1,0,1,1,0,50,6,6,0,0,0,0,0,0,0,0,0,0,0,0,0
2007.5,1,0,1,1,0,55,4,4,0,0,0,0,0,1,1,0,0,0,0,0,0
2007.5,1,0,1,1,0,60,2,2,0,0,0,0,0,0,0,0,0,0,0,0,0
2007.5,1,0,1,1,0,100,0,0,0,0,0,0,0,0,0,0,0,0,0,0,0
2007.5,1,0,1,1,1,0,0,0,0,0,0,0,0,0,0,0,0,0,0,0,0
2007.5,1,0,1,1,1,5,0,0,0,0,0,0,0,0,0,0,0,0,0,0,0
2007.5,1,0,1,1,1,10,0,0,0,0,0,0,0,0,0,0,0,0,0,0,0
2007.5,1,0,1,1,1,15,0,0,0,0,0,0,0,0,0,0,0,0,0,0,0
2007.5,1,0,1,1,1,20,0,0,0,0,0,0,0,0,0,0,0,0,0,0,0
2007.5,1,0,1,1,1,25,1,1,0,1,0,0,1,1,1,0,0,0,0,0,0
2007.5,1,0,1,1,1,30,1,1,0,1,0,0,1,1,1,0,0,0,0,0,0
2007.5,1,0,1,1,1,35,0,0,0,0,0,0,0,0,0,0,0,0,0,0,0
2007.5,1,0,1,1,1,40,0,0,0,0,0,0,0,0,0,0,0,0,0,0,0
2007.5,1,0,1,1,1,45,0,0,0,0,0,0,0,0,0,0,0,0,0,0,0
2007.5,1,0,1,1,1,50,1,1,0,1,0,0,1,1,1,0,0,0,0,0,0
2007.5,1,0,1,1,1,55,0,0,0,0,0,0,0,0,0,0,0,0,0,0,0
2007.5,1,0,1,1,1,60,0,0,0,0,0,0,0,0,0,0,0,0,0,0,0
2007.5,1,0,1,1,1,100,0,0,0,0,0,0,0,0,0,0,0,0,0,0,0
2007.5,1,1,0,0,0,0,4917,0,0,0,23,0,186,303,0,0,97,0,0,0,0
2007.5,1,1,0,0,0,5,4522,0,0,0,0,0,0,0,0,0,0,0,0,0,0
2007.5,1,1,0,0,0,10,4452,0,0,0,1,0,64,66,0,0,68,0,0,0,0
2007.5,1,1,0,0,0,15,4081,0,0,0,0,0,579,866,0,0,415,0,0,0,0
2007.5,1,1,0,0,0,20,3015,0,0,0,2,0,703,1101,0,0,509,0,0,0,0
2007.5,1,1,0,0,0,25,1880,0,0,0,4,0,435,768,0,0,288,0,0,0,0
2007.5,1,1,0,0,0,30,1208,0,0,0,2,0,233,431,0,0,156,0,0,0,0
2007.5,1,1,0,0,0,35,906,0,0,0,1,0,80,203,0,0,40,0,0,0,0
2007.5,1,1,0,0,0,40,798,0,0,0,2,0,27,89,0,0,13,0,0,0,0
2007.5,1,1,0,0,0,45,451,0,0,0,1,0,0,16,0,0,0,0,0,0,0
2007.5,1,1,0,0,0,50,362,0,0,0,2,0,0,1,0,0,0,0,0,0,0
2007.5,1,1,0,0,0,55,428,0,0,0,5,0,0,0,0,0,0,0,0,0,0
2007.5,1,1,0,0,0,60,1711,0,0,0,41,0,0,0,0,0,0,0,0,0,0
2007.5,1,1,0,0,0,100,0,0,0,0,0,0,0,0,0,0,0,0,0,0,0
2007.5,1,1,0,0,1,0,0,0,0,0,0,0,0,0,0,0,0,0,0,0,0
2007.5,1,1,0,0,1,5,0,0,0,0,0,0,0,0,0,0,0,0,0,0,0
2007.5,1,1,0,0,1,10,0,0,0,0,0,0,0,0,0,0,0,0,0,0,0
2007.5,1,1,0,0,1,15,0,0,0,0,0,0,0,0,0,0,0,0,0,0,0
2007.5,1,1,0,0,1,20,0,0,0,0,0,0,0,0,0,0,0,0,0,0,0
2007.5,1,1,0,0,1,25,0,0,0,0,0,0,0,0,0,0,0,0,0,0,0
2007.5,1,1,0,0,1,30,0,0,0,0,0,0,0,0,0,0,0,0,0,0,0
2007.5,1,1,0,0,1,35,0,0,0,0,0,0,0,0,0,0,0,0,0,0,0
2007.5,1,1,0,0,1,40,0,0,0,0,0,0,0,0,0,0,0,0,0,0,0
2007.5,1,1,0,0,1,45,0,0,0,0,0,0,0,0,0,0,0,0,0,0,0
2007.5,1,1,0,0,1,50,0,0,0,0,0,0,0,0,0,0,0,0,0,0,0
2007.5,1,1,0,0,1,55,0,0,0,0,0,0,0,0,0,0,0,0,0,0,0
2007.5,1,1,0,0,1,60,0,0,0,0,0,0,0,0,0,0,0,0,0,0,0
2007.5,1,1,0,0,1,100,0,0,0,0,0,0,0,0,0,0,0,0,0,0,0
2007.5,1,1,0,1,0,0,186,186,27,0,28,28,19,31,31,11,0,0,0,0,0
2007.5,1,1,0,1,0,5,172,172,0,0,4,4,4,4,4,2,0,0,0,0,0
2007.5,1,1,0,1,0,10,121,121,8,0,10,10,4,8,7,7,0,6,0,0,0
2007.5,1,1,0,1,0,15,300,300,43,0,5,5,46,75,58,18,0,23,0,0,0
2007.5,1,1,0,1,0,20,855,855,78,0,14,13,197,331,265,113,0,59,0,0,0
2007.5,1,1,0,1,0,25,1166,1166,53,0,26,25,259,489,436,126,0,46,0,0,0
2007.5,1,1,0,1,0,30,1078,1078,35,0,33,32,177,391,343,86,0,26,0,0,0
2007.5,1,1,0,1,0,35,901,901,38,0,47,46,100,226,198,55,0,21,0,0,0
2007.5,1,1,0,1,0,40,634,634,18,0,30,30,42,116,108,18,0,17,0,0,0
2007.5,1,1,0,1,0,45,270,270,7,0,17,17,24,38,38,7,0,7,0,0,0
2007.5,1,1,0,1,0,50,129,129,4,0,6,6,10,16,16,6,0,1,0,0,0
2007.5,1,1,0,1,0,55,73,73,3,0,5,5,6,9,9,4,0,0,0,0,0
2007.5,1,1,0,1,0,60,140,140,7,0,24,22,18,25,25,9,0,1,0,0,0
2007.5,1,1,0,1,0,100,0,0,0,0,0,0,0,0,0,0,0,0,0,0,0
2007.5,1,1,0,1,1,0,1,1,0,1,0,0,1,1,1,0,0,0,0,0,0
2007.5,1,1,0,1,1,5,1,1,0,1,0,0,1,1,1,0,0,0,0,0,0
2007.5,1,1,0,1,1,10,4,4,0,4,0,0,4,4,4,0,0,0,0,0,0
2007.5,1,1,0,1,1,15,1,1,0,1,0,0,1,1,1,0,0,0,0,0,0
2007.5,1,1,0,1,1,20,9,9,0,9,1,1,9,9,9,0,0,0,0,0,0
2007.5,1,1,0,1,1,25,25,25,0,25,0,0,25,25,25,0,0,0,0,0,0
2007.5,1,1,0,1,1,30,17,17,0,17,0,0,17,17,17,0,0,0,0,0,0
2007.5,1,1,0,1,1,35,16,16,0,16,0,0,16,16,16,0,0,0,0,0,0
2007.5,1,1,0,1,1,40,8,8,0,8,0,0,8,8,8,0,0,0,0,0,0
2007.5,1,1,0,1,1,45,7,7,0,7,0,0,7,7,7,0,0,0,0,0,0
2007.5,1,1,0,1,1,50,1,1,0,1,0,0,1,1,1,0,0,0,0,0,0
2007.5,1,1,0,1,1,55,1,1,0,1,0,0,1,1,1,0,0,0,0,0,0
2007.5,1,1,0,1,1,60,0,0,0,0,1,1,0,0,0,0,0,0,0,0,0
2007.5,1,1,0,1,1,100,0,0,0,0,0,0,0,0,0,0,0,0,0,0,0
2008,1,0,0,0,0,0,5005,0,0,0,28,0,203,409,0,0,106,0,0,0,0
2008,1,0,0,0,0,5,4314,0,0,0,2,0,0,0,0,0,0,0,0,0,0
2008,1,0,0,0,0,10,4386,0,0,0,2,0,0,0,0,0,0,0,0,0,5
2008,1,0,0,0,0,15,4075,0,0,0,5,0,216,236,0,0,217,0,0,0,13
2008,1,0,0,0,0,20,3297,0,0,0,4,0,543,646,0,0,438,0,0,0,18
2008,1,0,0,0,0,25,2200,0,0,0,2,0,399,466,0,0,295,0,0,0,7
2008,1,0,0,0,0,30,1487,0,0,0,5,0,249,296,0,0,211,0,0,0,0
2008,1,0,0,0,0,35,1206,0,0,0,3,0,22,27,0,0,16,0,0,0,0
2008,1,0,0,0,0,40,803,0,0,0,1,0,0,0,0,0,0,0,0,0,0
2008,1,0,0,0,0,45,491,0,0,0,1,0,0,0,0,0,0,0,0,0,0
2008,1,0,0,0,0,50,287,0,0,0,0,0,0,0,0,0,0,0,0,0,0
2008,1,0,0,0,0,55,318,0,0,0,2,0,0,0,0,0,0,0,0,0,0
2008,1,0,0,0,0,60,946,0,0,0,30,0,0,0,0,0,0,0,0,0,0
2008,1,0,0,0,0,100,1,0,0,0,0,0,0,0,0,0,0,0,0,0,0
2008,1,0,0,0,1,0,0,0,0,0,0,0,0,0,0,0,0,0,0,0,0
2008,1,0,0,0,1,5,0,0,0,0,0,0,0,0,0,0,0,0,0,0,0
2008,1,0,0,0,1,10,0,0,0,0,0,0,0,0,0,0,0,0,0,0,0
2008,1,0,0,0,1,15,0,0,0,0,0,0,0,0,0,0,0,0,0,0,0
2008,1,0,0,0,1,20,0,0,0,0,0,0,0,0,0,0,0,0,0,0,0
2008,1,0,0,0,1,25,0,0,0,0,0,0,0,0,0,0,0,0,0,0,0
2008,1,0,0,0,1,30,0,0,0,0,0,0,0,0,0,0,0,0,0,0,0
2008,1,0,0,0,1,35,0,0,0,0,0,0,0,0,0,0,0,0,0,0,0
2008,1,0,0,0,1,40,0,0,0,0,0,0,0,0,0,0,0,0,0,0,0
2008,1,0,0,0,1,45,0,0,0,0,0,0,0,0,0,0,0,0,0,0,0
2008,1,0,0,0,1,50,0,0,0,0,0,0,0,0,0,0,0,0,0,0,0
2008,1,0,0,0,1,55,0,0,0,0,0,0,0,0,0,0,0,0,0,0,0
2008,1,0,0,0,1,60,0,0,0,0,0,0,0,0,0,0,0,0,0,0,0
2008,1,0,0,0,1,100,0,0,0,0,0,0,0,0,0,0,0,0,0,0,0
2008,1,0,0,1,0,0,194,194,37,0,17,16,26,36,36,21,0,0,0,0,0
2008,1,0,0,1,0,5,175,175,0,0,2,1,3,3,3,4,0,0,0,0,0
2008,1,0,0,1,0,10,121,121,0,0,6,6,7,12,12,3,0,0,0,0,0
2008,1,0,0,1,0,15,108,108,16,0,4,3,10,14,9,1,0,12,0,0,1
2008,1,0,0,1,0,20,298,298,37,0,2,2,30,54,52,17,0,43,0,0,1
2008,1,0,0,1,0,25,511,511,37,0,10,9,63,122,109,36,0,54,0,0,1
2008,1,0,0,1,0,30,683,683,31,0,23,22,73,147,142,37,0,59,0,0,1
2008,1,0,0,1,0,35,606,606,17,0,26,26,29,48,48,18,0,36,0,0,0
2008,1,0,0,1,0,40,563,563,26,0,27,26,31,45,45,13,0,33,0,0,0
2008,1,0,0,1,0,45,288,288,7,0,19,18,31,35,35,17,0,15,0,0,0
2008,1,0,0,1,0,50,126,126,5,0,9,9,10,15,15,4,0,6,0,0,0
2008,1,0,0,1,0,55,57,57,3,0,6,6,5,5,5,3,0,3,0,0,0
2008,1,0,0,1,0,60,92,92,7,0,7,4,6,10,10,3,0,8,0,0,0
2008,1,0,0,1,0,100,0,0,0,0,0,0,0,0,0,0,0,0,0,0,0
2008,1,0,0,1,1,0,4,4,0,4,0,0,4,4,4,0,0,0,0,0,0
2008,1,0,0,1,1,5,0,0,0,0,0,0,0,0,0,0,0,0,0,0,0
2008,1,0,0,1,1,10,1,1,0,1,0,0,1,1,1,0,0,0,0,0,0
2008,1,0,0,1,1,15,0,0,0,0,0,0,0,0,0,0,0,0,0,0,0
2008,1,0,0,1,1,20,1,1,0,1,0,0,1,1,1,0,0,0,0,0,0
2008,1,0,0,1,1,25,0,0,0,0,0,0,0,0,0,0,0,0,0,0,0
2008,1,0,0,1,1,30,6,6,0,6,0,0,6,6,6,0,0,0,0,0,0
2008,1,0,0,1,1,35,8,8,0,8,0,0,8,8,8,0,0,0,0,0,0
2008,1,0,0,1,1,40,11,11,0,11,0,0,11,11,11,0,0,0,0,0,0
2008,1,0,0,1,1,45,4,4,0,4,0,0,4,4,4,0,0,0,0,0,0
2008,1,0,0,1,1,50,0,0,0,0,0,0,0,0,0,0,0,0,0,0,0
2008,1,0,0,1,1,55,1,1,0,1,0,0,1,1,1,0,0,0,0,0,0
2008,1,0,0,1,1,60,1,1,0,1,0,0,1,1,1,0,0,0,0,0,0
2008,1,0,0,1,1,100,0,0,0,0,0,0,0,0,0,0,0,0,0,0,0
2008,1,0,1,0,0,0,0,0,0,0,0,0,0,0,0,0,0,0,0,0,0
2008,1,0,1,0,0,5,0,0,0,0,0,0,0,0,0,0,0,0,0,0,0
2008,1,0,1,0,0,10,17,0,0,0,0,0,0,0,0,0,0,0,0,0,0
2008,1,0,1,0,0,15,107,0,0,0,0,0,12,12,0,0,13,0,0,0,0
2008,1,0,1,0,0,20,225,0,0,0,0,0,43,51,0,0,35,0,0,0,0
2008,1,0,1,0,0,25,284,0,0,0,0,0,54,66,0,0,37,0,0,0,0
2008,1,0,1,0,0,30,226,0,0,0,3,0,33,43,0,0,23,0,0,0,0
2008,1,0,1,0,0,35,185,0,0,0,1,0,4,4,0,0,2,0,0,0,0
2008,1,0,1,0,0,40,121,0,0,0,0,0,0,0,0,0,0,0,0,0,0
2008,1,0,1,0,0,45,75,0,0,0,0,0,0,0,0,0,0,0,0,0,0
2008,1,0,1,0,0,50,36,0,0,0,0,0,0,0,0,0,0,0,0,0,0
2008,1,0,1,0,0,55,31,0,0,0,0,0,0,0,0,0,0,0,0,0,0
2008,1,0,1,0,0,60,86,0,0,0,2,0,0,0,0,0,0,0,0,0,0
2008,1,0,1,0,0,100,0,0,0,0,0,0,0,0,0,0,0,0,0,0,0
2008,1,0,1,0,1,0,0,0,0,0,0,0,0,0,0,0,0,0,0,0,0
2008,1,0,1,0,1,5,0,0,0,0,0,0,0,0,0,0,0,0,0,0,0
2008,1,0,1,0,1,10,0,0,0,0,0,0,0,0,0,0,0,0,0,0,0
2008,1,0,1,0,1,15,0,0,0,0,0,0,0,0,0,0,0,0,0,0,0
2008,1,0,1,0,1,20,0,0,0,0,0,0,0,0,0,0,0,0,0,0,0
2008,1,0,1,0,1,25,0,0,0,0,0,0,0,0,0,0,0,0,0,0,0
2008,1,0,1,0,1,30,0,0,0,0,0,0,0,0,0,0,0,0,0,0,0
2008,1,0,1,0,1,35,0,0,0,0,0,0,0,0,0,0,0,0,0,0,0
2008,1,0,1,0,1,40,0,0,0,0,0,0,0,0,0,0,0,0,0,0,0
2008,1,0,1,0,1,45,0,0,0,0,0,0,0,0,0,0,0,0,0,0,0
2008,1,0,1,0,1,50,0,0,0,0,0,0,0,0,0,0,0,0,0,0,0
2008,1,0,1,0,1,55,0,0,0,0,0,0,0,0,0,0,0,0,0,0,0
2008,1,0,1,0,1,60,0,0,0,0,0,0,0,0,0,0,0,0,0,0,0
2008,1,0,1,0,1,100,0,0,0,0,0,0,0,0,0,0,0,0,0,0,0
2008,1,0,1,1,0,0,0,0,0,0,0,0,0,0,0,0,0,0,0,0,0
2008,1,0,1,1,0,5,0,0,0,0,0,0,0,0,0,0,0,0,0,0,0
2008,1,0,1,1,0,10,1,1,0,0,0,0,0,0,0,0,0,0,0,0,0
2008,1,0,1,1,0,15,0,0,0,0,0,0,0,0,0,0,0,0,0,0,0
2008,1,0,1,1,0,20,14,14,4,0,0,0,0,1,1,0,0,5,0,0,0
2008,1,0,1,1,0,25,58,58,3,0,1,1,9,11,7,3,0,4,0,0,0
2008,1,0,1,1,0,30,71,71,5,0,2,2,9,16,16,5,0,4,0,0,0
2008,1,0,1,1,0,35,61,61,3,0,2,2,3,4,4,2,0,1,0,0,0
2008,1,0,1,1,0,40,61,61,3,0,5,5,0,2,2,1,0,2,0,0,0
2008,1,0,1,1,0,45,23,23,1,0,3,3,0,1,1,0,0,3,0,0,0
2008,1,0,1,1,0,50,7,7,0,0,0,0,0,0,0,0,0,0,0,0,0
2008,1,0,1,1,0,55,5,5,2,0,0,0,0,0,0,0,0,0,0,0,0
2008,1,0,1,1,0,60,2,2,0,0,1,1,0,0,0,0,0,1,0,0,0
2008,1,0,1,1,0,100,0,0,0,0,0,0,0,0,0,0,0,0,0,0,0
2008,1,0,1,1,1,0,0,0,0,0,0,0,0,0,0,0,0,0,0,0,0
2008,1,0,1,1,1,5,0,0,0,0,0,0,0,0,0,0,0,0,0,0,0
2008,1,0,1,1,1,10,0,0,0,0,0,0,0,0,0,0,0,0,0,0,0
2008,1,0,1,1,1,15,0,0,0,0,0,0,0,0,0,0,0,0,0,0,0
2008,1,0,1,1,1,20,0,0,0,0,0,0,0,0,0,0,0,0,0,0,0
2008,1,0,1,1,1,25,0,0,0,0,0,0,0,0,0,0,0,0,0,0,0
2008,1,0,1,1,1,30,2,2,0,2,0,0,2,2,2,0,0,0,0,0,0
2008,1,0,1,1,1,35,0,0,0,0,0,0,0,0,0,0,0,0,0,0,0
2008,1,0,1,1,1,40,0,0,0,0,0,0,0,0,0,0,0,0,0,0,0
2008,1,0,1,1,1,45,0,0,0,0,0,0,0,0,0,0,0,0,0,0,0
2008,1,0,1,1,1,50,1,1,0,1,0,0,1,1,1,0,0,0,0,0,0
2008,1,0,1,1,1,55,0,0,0,0,0,0,0,0,0,0,0,0,0,0,0
2008,1,0,1,1,1,60,0,0,0,0,0,0,0,0,0,0,0,0,0,0,0
2008,1,0,1,1,1,100,0,0,0,0,0,0,0,0,0,0,0,0,0,0,0
2008,1,1,0,0,0,0,4976,0,0,0,18,0,209,402,0,0,101,0,0,0,0
2008,1,1,0,0,0,5,4522,0,0,0,1,0,0,0,0,0,0,0,0,0,0
2008,1,1,0,0,0,10,4445,0,0,0,4,0,58,59,0,0,77,0,0,0,0
2008,1,1,0,0,0,15,4093,0,0,0,2,0,679,1017,0,0,473,0,0,0,0
2008,1,1,0,0,0,20,3068,0,0,0,2,0,842,1331,0,0,602,0,0,0,0
2008,1,1,0,0,0,25,1926,0,0,0,1,0,529,935,0,0,362,0,0,0,0
2008,1,1,0,0,0,30,1211,0,0,0,0,0,293,522,0,0,195,0,0,0,0
2008,1,1,0,0,0,35,902,0,0,0,2,0,99,249,0,0,62,0,0,0,0
2008,1,1,0,0,0,40,797,0,0,0,0,0,39,114,0,0,24,0,0,0,0
2008,1,1,0,0,0,45,475,0,0,0,0,0,2,23,0,0,1,0,0,0,0
2008,1,1,0,0,0,50,344,0,0,0,0,0,0,1,0,0,0,0,0,0,0
2008,1,1,0,0,0,55,423,0,0,0,3,0,0,0,0,0,0,0,0,0,0
2008,1,1,0,0,0,60,1699,0,0,0,37,0,0,0,0,0,0,0,0,0,0
2008,1,1,0,0,0,100,1,0,0,0,0,0,0,0,0,0,0,0,0,0,0
2008,1,1,0,0,1,0,0,0,0,0,0,0,0,0,0,0,0,0,0,0,0
2008,1,1,0,0,1,5,0,0,0,0,0,0,0,0,0,0,0,0,0,0,0
2008,1,1,0,0,1,10,0,0,0,0,0,0,0,0,0,0,0,0,0,0,0
2008,1,1,0,0,1,15,0,0,0,0,0,0,0,0,0,0,0,0,0,0,0
2008,1,1,0,0,1,20,0,0,0,0,0,0,0,0,0,0,0,0,0,0,0
2008,1,1,0,0,1,25,0,0,0,0,0,0,0,0,0,0,0,0,0,0,0
2008,1,1,0,0,1,30,0,0,0,0,0,0,0,0,0,0,0,0,0,0,0
2008,1,1,0,0,1,35,0,0,0,0,0,0,0,0,0,0,0,0,0,0,0
2008,1,1,0,0,1,40,0,0,0,0,0,0,0,0,0,0,0,0,0,0,0
2008,1,1,0,0,1,45,0,0,0,0,0,0,0,0,0,0,0,0,0,0,0
2008,1,1,0,0,1,50,0,0,0,0,0,0,0,0,0,0,0,0,0,0,0
2008,1,1,0,0,1,55,0,0,0,0,0,0,0,0,0,0,0,0,0,0,0
2008,1,1,0,0,1,60,0,0,0,0,0,0,0,0,0,0,0,0,0,0,0
2008,1,1,0,0,1,100,0,0,0,0,0,0,0,0,0,0,0,0,0,0,0
2008,1,1,0,1,0,0,182,182,36,0,16,16,17,33,33,12,0,0,0,0,0
2008,1,1,0,1,0,5,173,173,0,0,1,1,5,5,5,3,0,0,0,0,0
2008,1,1,0,1,0,10,130,130,10,0,4,4,7,10,10,7,0,1,0,0,0
2008,1,1,0,1,0,15,308,308,46,0,8,8,58,96,74,32,0,19,0,0,0
2008,1,1,0,1,0,20,859,859,81,0,11,11,218,385,309,119,0,55,0,0,0
2008,1,1,0,1,0,25,1175,1175,44,0,23,23,293,588,523,156,0,48,0,0,0
2008,1,1,0,1,0,30,1095,1095,44,0,32,32,216,475,414,106,0,17,0,0,0
2008,1,1,0,1,0,35,888,888,18,0,41,40,119,264,231,66,0,28,0,0,0
2008,1,1,0,1,0,40,644,644,17,0,45,45,42,118,108,25,0,17,0,0,0
2008,1,1,0,1,0,45,286,286,11,0,19,19,20,40,39,11,0,13,0,0,0
2008,1,1,0,1,0,50,132,132,4,0,16,15,7,11,11,3,0,6,0,0,0
2008,1,1,0,1,0,55,66,66,3,0,8,7,8,11,11,4,0,1,0,0,0
2008,1,1,0,1,0,60,146,146,11,0,10,9,7,17,17,2,0,2,0,0,0
2008,1,1,0,1,0,100,0,0,0,0,0,0,0,0,0,0,0,0,0,0,0
2008,1,1,0,1,1,0,2,2,0,2,0,0,2,2,2,0,0,0,0,0,0
2008,1,1,0,1,1,5,1,1,0,1,0,0,1,1,1,0,0,0,0,0,0
2008,1,1,0,1,1,10,4,4,0,4,0,0,4,4,4,0,0,0,0,0,0
2008,1,1,0,1,1,15,5,5,0,5,0,0,5,5,5,0,0,0,0,0,0
2008,1,1,0,1,1,20,11,11,0,11,0,0,11,11,11,0,0,0,0,0,0
2008,1,1,0,1,1,25,29,29,0,29,0,0,29,29,29,0,0,0,0,0,0
2008,1,1,0,1,1,30,25,25,0,25,0,0,25,25,25,0,0,0,0,0,0
2008,1,1,0,1,1,35,19,19,0,19,0,0,19,19,19,0,0,0,0,0,0
2008,1,1,0,1,1,40,10,10,0,10,0,0,10,10,10,0,0,0,0,0,0
2008,1,1,0,1,1,45,7,7,0,7,0,0,7,7,7,0,0,0,0,0,0
2008,1,1,0,1,1,50,2,2,0,2,0,0,2,2,2,0,0,0,0,0,0
2008,1,1,0,1,1,55,1,1,0,1,0,0,1,1,1,0,0,0,0,0,0
2008,1,1,0,1,1,60,2,2,0,2,0,0,2,2,2,0,0,0,0,0,0
2008,1,1,0,1,1,100,0,0,0,0,0,0,0,0,0,0,0,0,0,0,0
2008.5,1,0,0,0,0,0,5082,0,0,0,31,0,230,523,0,0,121,0,0,0,0
2008.5,1,0,0,0,0,5,4363,0,0,0,1,0,0,0,0,0,0,0,0,0,2
2008.5,1,0,0,0,0,10,4394,0,0,0,2,0,0,0,0,0,0,0,0,0,4
2008.5,1,0,0,0,0,15,4028,0,0,0,3,0,251,279,0,0,228,0,0,0,13
2008.5,1,0,0,0,0,20,3345,0,0,0,6,0,668,800,0,0,516,0,0,0,23
2008.5,1,0,0,0,0,25,2226,0,0,0,3,0,479,585,0,0,369,0,0,0,6
2008.5,1,0,0,0,0,30,1524,0,0,0,1,0,325,390,0,0,256,0,0,0,0
2008.5,1,0,0,0,0,35,1189,0,0,0,2,0,44,54,0,0,28,0,0,0,0
2008.5,1,0,0,0,0,40,824,0,0,0,2,0,0,0,0,0,0,0,0,0,0
2008.5,1,0,0,0,0,45,515,0,0,0,1,0,0,0,0,0,0,0,0,0,0
2008.5,1,0,0,0,0,50,279,0,0,0,3,0,0,0,0,0,0,0,0,0,0
2008.5,1,0,0,0,0,55,313,0,0,0,3,0,0,0,0,0,0,0,0,0,0
2008.5,1,0,0,0,0,60,932,0,0,0,36,0,0,0,0,0,0,0,0,0,0
2008.5,1,0,0,0,0,100,1,0,0,0,0,0,0,0,0,0,0,0,0,0,0
2008.5,1,0,0,0,1,0,0,0,0,0,0,0,0,0,0,0,0,0,0,0,0
2008.5,1,0,0,0,1,5,0,0,0,0,0,0,0,0,0,0,0,0,0,0,0
2008.5,1,0,0,0,1,10,0,0,0,0,0,0,0,0,0,0,0,0,0,0,0
2008.5,1,0,0,0,1,15,0,0,0,0,0,0,0,0,0,0,0,0,0,0,0
2008.5,1,0,0,0,1,20,0,0,0,0,0,0,0,0,0,0,0,0,0,0,0
2008.5,1,0,0,0,1,25,0,0,0,0,0,0,0,0,0,0,0,0,0,0,0
2008.5,1,0,0,0,1,30,0,0,0,0,0,0,0,0,0,0,0,0,0,0,0
2008.5,1,0,0,0,1,35,0,0,0,0,0,0,0,0,0,0,0,0,0,0,0
2008.5,1,0,0,0,1,40,0,0,0,0,0,0,0,0,0,0,0,0,0,0,0
2008.5,1,0,0,0,1,45,0,0,0,0,0,0,0,0,0,0,0,0,0,0,0
2008.5,1,0,0,0,1,50,0,0,0,0,0,0,0,0,0,0,0,0,0,0,0
2008.5,1,0,0,0,1,55,0,0,0,0,0,0,0,0,0,0,0,0,0,0,0
2008.5,1,0,0,0,1,60,0,0,0,0,0,0,0,0,0,0,0,0,0,0,0
2008.5,1,0,0,0,1,100,0,0,0,0,0,0,0,0,0,0,0,0,0,0,0
2008.5,1,0,0,1,0,0,177,177,25,0,15,15,23,34,34,13,0,0,0,0,0
2008.5,1,0,0,1,0,5,175,175,0,0,4,3,3,4,4,1,0,0,0,0,0
2008.5,1,0,0,1,0,10,117,117,0,0,11,11,9,10,10,4,0,0,0,0,0
2008.5,1,0,0,1,0,15,111,111,15,0,1,1,12,19,15,10,0,11,0,0,0
2008.5,1,0,0,1,0,20,310,310,42,0,4,4,51,77,62,26,0,35,0,0,5
2008.5,1,0,0,1,0,25,528,528,45,0,5,5,82,157,141,45,0,51,0,0,1
2008.5,1,0,0,1,0,30,670,670,32,0,26,23,93,176,169,50,0,57,0,0,0
2008.5,1,0,0,1,0,35,632,632,28,0,30,28,37,66,66,20,0,39,0,0,0
2008.5,1,0,0,1,0,40,570,570,28,0,29,28,23,39,39,15,0,45,0,0,0
2008.5,1,0,0,1,0,45,318,318,12,0,11,11,32,43,43,15,0,19,0,0,0
2008.5,1,0,0,1,0,50,124,124,4,0,11,10,10,13,13,4,0,8,0,0,0
2008.5,1,0,0,1,0,55,63,63,4,0,2,2,3,5,5,1,0,3,0,0,0
2008.5,1,0,0,1,0,60,101,101,9,0,6,5,8,12,12,4,0,11,0,0,0
2008.5,1,0,0,1,0,100,0,0,0,0,0,0,0,0,0,0,0,0,0,0,0
2008.5,1,0,0,1,1,0,7,7,0,7,1,1,7,7,7,0,0,0,0,0,0
2008.5,1,0,0,1,1,5,0,0,0,0,0,0,0,0,0,0,0,0,0,0,0
2008.5,1,0,0,1,1,10,0,0,0,0,0,0,0,0,0,0,0,0,0,0,0
2008.5,1,0,0,1,1,15,2,2,0,2,0,0,2,2,2,0,0,0,0,0,0
2008.5,1,0,0,1,1,20,0,0,0,0,0,0,0,0,0,0,0,0,0,0,0
2008.5,1,0,0,1,1,25,1,1,0,1,0,0,1,1,1,0,0,0,0,0,0
2008.5,1,0,0,1,1,30,5,5,0,5,0,0,5,5,5,0,0,0,0,0,0
2008.5,1,0,0,1,1,35,10,10,0,10,0,0,10,10,10,0,0,1,0,0,0
2008.5,1,0,0,1,1,40,12,12,0,12,0,0,12,12,12,0,0,0,0,0,0
2008.5,1,0,0,1,1,45,5,5,0,5,1,1,5,5,5,0,0,0,0,0,0
2008.5,1,0,0,1,1,50,0,0,0,0,0,0,0,0,0,0,0,0,0,0,0
2008.5,1,0,0,1,1,55,1,1,0,1,0,0,1,1,1,0,0,0,0,0,0
2008.5,1,0,0,1,1,60,1,1,0,1,0,0,1,1,1,0,0,0,0,0,0
2008.5,1,0,0,1,1,100,0,0,0,0,0,0,0,0,0,0,0,0,0,0,0
2008.5,1,0,1,0,0,0,0,0,0,0,0,0,0,0,0,0,0,0,0,0,0
2008.5,1,0,1,0,0,5,2,0,0,0,0,0,0,0,0,0,0,0,0,0,0
2008.5,1,0,1,0,0,10,18,0,0,0,0,0,0,0,0,0,0,0,0,0,0
2008.5,1,0,1,0,0,15,106,0,0,0,0,0,15,15,0,0,11,0,0,0,0
2008.5,1,0,1,0,0,20,238,0,0,0,0,0,66,78,0,0,51,0,0,0,0
2008.5,1,0,1,0,0,25,290,0,0,0,0,0,73,87,0,0,56,0,0,0,0
2008.5,1,0,1,0,0,30,225,0,0,0,0,0,43,58,0,0,36,0,0,0,0
2008.5,1,0,1,0,0,35,181,0,0,0,1,0,4,8,0,0,6,0,0,0,0
2008.5,1,0,1,0,0,40,118,0,0,0,0,0,0,0,0,0,0,0,0,0,0
2008.5,1,0,1,0,0,45,83,0,0,0,2,0,0,0,0,0,0,0,0,0,0
2008.5,1,0,1,0,0,50,36,0,0,0,1,0,0,0,0,0,0,0,0,0,0
2008.5,1,0,1,0,0,55,27,0,0,0,0,0,0,0,0,0,0,0,0,0,0
2008.5,1,0,1,0,0,60,90,0,0,0,1,0,0,0,0,0,0,0,0,0,0
2008.5,1,0,1,0,0,100,0,0,0,0,0,0,0,0,0,0,0,0,0,0,0
2008.5,1,0,1,0,1,0,0,0,0,0,0,0,0,0,0,0,0,0,0,0,0
2008.5,1,0,1,0,1,5,0,0,0,0,0,0,0,0,0,0,0,0,0,0,0
2008.5,1,0,1,0,1,10,0,0,0,0,0,0,0,0,0,0,0,0,0,0,0
2008.5,1,0,1,0,1,15,0,0,0,0,0,0,0,0,0,0,0,0,0,0,0
2008.5,1,0,1,0,1,20,0,0,0,0,0,0,0,0,0,0,0,0,0,0,0
2008.5,1,0,1,0,1,25,0,0,0,0,0,0,0,0,0,0,0,0,0,0,0
2008.5,1,0,1,0,1,30,0,0,0,0,0,0,0,0,0,0,0,0,0,0,0
2008.5,1,0,1,0,1,35,0,0,0,0,0,0,0,0,0,0,0,0,0,0,0
2008.5,1,0,1,0,1,40,0,0,0,0,0,0,0,0,0,0,0,0,0,0,0
2008.5,1,0,1,0,1,45,0,0,0,0,0,0,0,0,0,0,0,0,0,0,0
2008.5,1,0,1,0,1,50,0,0,0,0,0,0,0,0,0,0,0,0,0,0,0
2008.5,1,0,1,0,1,55,0,0,0,0,0,0,0,0,0,0,0,0,0,0,0
2008.5,1,0,1,0,1,60,0,0,0,0,0,0,0,0,0,0,0,0,0,0,0
2008.5,1,0,1,0,1,100,0,0,0,0,0,0,0,0,0,0,0,0,0,0,0
2008.5,1,0,1,1,0,0,0,0,0,0,0,0,0,0,0,0,0,0,0,0,0
2008.5,1,0,1,1,0,5,0,0,0,0,0,0,0,0,0,0,0,0,0,0,0
2008.5,1,0,1,1,0,10,0,0,0,0,0,0,0,0,0,0,0,0,0,0,0
2008.5,1,0,1,1,0,15,1,1,0,0,0,0,0,0,0,0,0,0,0,0,0
2008.5,1,0,1,1,0,20,16,16,1,0,1,1,1,4,4,1,0,3,0,0,0
2008.5,1,0,1,1,0,25,56,56,3,0,1,1,9,14,11,4,0,8,0,0,0
2008.5,1,0,1,1,0,30,72,72,2,0,2,2,11,21,21,6,0,4,0,0,0
2008.5,1,0,1,1,0,35,62,62,3,0,1,1,5,6,6,3,0,3,0,0,0
2008.5,1,0,1,1,0,40,73,73,9,0,4,4,2,3,3,2,0,1,0,0,0
2008.5,1,0,1,1,0,45,23,23,1,0,2,2,2,2,2,2,0,2,0,0,0
2008.5,1,0,1,1,0,50,6,6,0,0,1,1,0,0,0,0,0,0,0,0,0
2008.5,1,0,1,1,0,55,5,5,0,0,0,0,0,0,0,0,0,0,0,0,0
2008.5,1,0,1,1,0,60,1,1,0,0,1,1,0,0,0,0,0,0,0,0,0
2008.5,1,0,1,1,0,100,0,0,0,0,0,0,0,0,0,0,0,0,0,0,0
2008.5,1,0,1,1,1,0,0,0,0,0,0,0,0,0,0,0,0,0,0,0,0
2008.5,1,0,1,1,1,5,0,0,0,0,0,0,0,0,0,0,0,0,0,0,0
2008.5,1,0,1,1,1,10,0,0,0,0,0,0,0,0,0,0,0,0,0,0,0
2008.5,1,0,1,1,1,15,0,0,0,0,0,0,0,0,0,0,0,0,0,0,0
2008.5,1,0,1,1,1,20,0,0,0,0,0,0,0,0,0,0,0,0,0,0,0
2008.5,1,0,1,1,1,25,0,0,0,0,0,0,0,0,0,0,0,0,0,0,0
2008.5,1,0,1,1,1,30,3,3,0,3,0,0,3,3,3,0,0,0,0,0,0
2008.5,1,0,1,1,1,35,0,0,0,0,0,0,0,0,0,0,0,0,0,0,0
2008.5,1,0,1,1,1,40,0,0,0,0,0,0,0,0,0,0,0,0,0,0,0
2008.5,1,0,1,1,1,45,0,0,0,0,0,0,0,0,0,0,0,0,0,0,0
2008.5,1,0,1,1,1,50,1,1,0,1,0,0,1,1,1,0,0,0,0,0,0
2008.5,1,0,1,1,1,55,0,0,0,0,0,0,0,0,0,0,0,0,0,0,0
2008.5,1,0,1,1,1,60,0,0,0,0,0,0,0,0,0,0,0,0,0,0,0
2008.5,1,0,1,1,1,100,0,0,0,0,0,0,0,0,0,0,0,0,0,0,0
2008.5,1,1,0,0,0,0,4979,0,0,0,19,0,252,536,0,0,134,0,0,0,0
2008.5,1,1,0,0,0,5,4586,0,0,0,0,0,0,0,0,0,0,0,0,0,0
2008.5,1,1,0,0,0,10,4482,0,0,0,1,0,93,94,0,0,102,0,0,0,0
2008.5,1,1,0,0,0,15,4074,0,0,0,4,0,754,1142,0,0,554,0,0,0,0
2008.5,1,1,0,0,0,20,3106,0,0,0,5,0,943,1535,0,0,669,0,0,0,0
2008.5,1,1,0,0,0,25,1951,0,0,0,2,0,620,1092,0,0,474,0,0,0,0
2008.5,1,1,0,0,0,30,1245,0,0,0,1,0,348,633,0,0,230,0,0,0,0
2008.5,1,1,0,0,0,35,885,0,0,0,1,0,111,291,0,0,67,0,0,0,0
2008.5,1,1,0,0,0,40,788,0,0,0,0,0,48,136,0,0,20,0,0,0,0
2008.5,1,1,0,0,0,45,494,0,0,0,1,0,3,28,0,0,0,0,0,0,0
2008.5,1,1,0,0,0,50,351,0,0,0,2,0,0,1,0,0,0,0,0,0,0
2008.5,1,1,0,0,0,55,405,0,0,0,2,0,0,0,0,0,0,0,0,0,0
2008.5,1,1,0,0,0,60,1690,0,0,0,32,0,0,0,0,0,0,0,0,0,0
2008.5,1,1,0,0,0,100,1,0,0,0,0,0,0,0,0,0,0,0,0,0,0
2008.5,1,1,0,0,1,0,0,0,0,0,0,0,0,0,0,0,0,0,0,0,0
2008.5,1,1,0,0,1,5,0,0,0,0,0,0,0,0,0,0,0,0,0,0,0
2008.5,1,1,0,0,1,10,0,0,0,0,0,0,0,0,0,0,0,0,0,0,0
2008.5,1,1,0,0,1,15,0,0,0,0,0,0,0,0,0,0,0,0,0,0,0
2008.5,1,1,0,0,1,20,0,0,0,0,0,0,0,0,0,0,0,0,0,0,0
2008.5,1,1,0,0,1,25,0,0,0,0,0,0,0,0,0,0,0,0,0,0,0
2008.5,1,1,0,0,1,30,0,0,0,0,0,0,0,0,0,0,0,0,0,0,0
2008.5,1,1,0,0,1,35,0,0,0,0,0,0,0,0,0,0,0,0,0,0,0
2008.5,1,1,0,0,1,40,0,0,0,0,0,0,0,0,0,0,0,0,0,0,0
2008.5,1,1,0,0,1,45,0,0,0,0,0,0,0,0,0,0,0,0,0,0,0
2008.5,1,1,0,0,1,50,0,0,0,0,0,0,0,0,0,0,0,0,0,0,0
2008.5,1,1,0,0,1,55,0,0,0,0,0,0,0,0,0,0,0,0,0,0,0
2008.5,1,1,0,0,1,60,0,0,0,0,0,0,0,0,0,0,0,0,0,0,0
2008.5,1,1,0,0,1,100,0,0,0,0,0,0,0,0,0,0,0,0,0,0,0
2008.5,1,1,0,1,0,0,180,180,28,0,15,14,13,31,31,10,0,0,0,0,0
2008.5,1,1,0,1,0,5,172,172,0,0,3,3,6,8,8,4,0,0,0,0,0
2008.5,1,1,0,1,0,10,137,137,14,0,6,6,13,16,15,12,0,2,0,0,0
2008.5,1,1,0,1,0,15,308,308,46,0,7,7,61,107,81,30,0,17,0,0,0
2008.5,1,1,0,1,0,20,842,842,79,0,10,8,229,410,327,118,0,59,0,0,0
2008.5,1,1,0,1,0,25,1204,1204,52,0,28,27,329,673,594,167,0,54,0,0,0
2008.5,1,1,0,1,0,30,1118,1118,40,0,31,31,240,559,491,105,0,29,0,0,0
2008.5,1,1,0,1,0,35,883,883,29,0,51,50,121,304,263,55,0,31,0,0,0
2008.5,1,1,0,1,0,40,659,659,16,0,34,31,50,134,122,28,0,21,0,0,0
2008.5,1,1,0,1,0,45,306,306,9,0,17,17,21,35,33,6,0,16,0,0,0
2008.5,1,1,0,1,0,50,113,113,0,0,13,12,6,8,8,5,0,3,0,0,0
2008.5,1,1,0,1,0,55,68,68,2,0,7,6,5,10,10,2,0,1,0,0,0
2008.5,1,1,0,1,0,60,143,143,14,0,19,12,11,20,20,10,0,5,0,0,0
2008.5,1,1,0,1,0,100,0,0,0,0,0,0,0,0,0,0,0,0,0,0,0
2008.5,1,1,0,1,1,0,4,4,0,4,0,0,4,4,4,0,0,0,0,0,0
2008.5,1,1,0,1,1,5,0,0,0,0,0,0,0,0,0,0,0,0,0,0,0
2008.5,1,1,0,1,1,10,5,5,0,5,0,0,5,5,5,0,0,0,0,0,0
2008.5,1,1,0,1,1,15,6,6,0,6,0,0,6,6,6,0,0,0,0,0,0
2008.5,1,1,0,1,1,20,17,17,0,17,0,0,17,17,17,0,0,0,0,0,0
2008.5,1,1,0,1,1,25,37,37,0,37,0,0,37,37,37,0,0,0,0,0,0
2008.5,1,1,0,1,1,30,32,32,0,32,0,0,32,32,32,0,0,0,0,0,0
2008.5,1,1,0,1,1,35,23,23,0,23,1,0,23,23,23,0,0,0,0,0,0
2008.5,1,1,0,1,1,40,12,12,0,12,0,0,12,12,12,0,0,0,0,0,0
2008.5,1,1,0,1,1,45,7,7,0,7,0,0,7,7,7,0,0,0,0,0,0
2008.5,1,1,0,1,1,50,3,3,0,3,0,0,3,3,3,0,0,0,0,0,0
2008.5,1,1,0,1,1,55,2,2,0,2,0,0,2,2,2,0,0,0,0,0,0
2008.5,1,1,0,1,1,60,2,2,0,2,0,0,2,2,2,0,0,0,0,0,0
2008.5,1,1,0,1,1,100,0,0,0,0,0,0,0,0,0,0,0,0,0,0,0
2009,1,0,0,0,0,0,5152,0,0,0,21,0,311,695,0,0,174,0,0,0,0
2009,1,0,0,0,0,5,4367,0,0,0,2,0,0,1,0,0,0,0,0,0,2
2009,1,0,0,0,0,10,4400,0,0,0,2,0,1,1,0,0,1,0,0,0,4
2009,1,0,0,0,0,15,4066,0,0,0,3,0,288,328,0,0,249,0,0,0,13
2009,1,0,0,0,0,20,3382,0,0,0,5,0,792,977,0,0,650,0,0,0,19
2009,1,0,0,0,0,25,2240,0,0,0,5,0,572,719,0,0,440,0,0,0,12
2009,1,0,0,0,0,30,1553,0,0,0,1,0,382,475,0,0,270,0,0,0,0
2009,1,0,0,0,0,35,1207,0,0,0,2,0,83,101,0,0,78,0,0,0,0
2009,1,0,0,0,0,40,828,0,0,0,2,0,0,0,0,0,0,0,0,0,0
2009,1,0,0,0,0,45,538,0,0,0,2,0,0,0,0,0,0,0,0,0,0
2009,1,0,0,0,0,50,266,0,0,0,1,0,0,0,0,0,0,0,0,0,0
2009,1,0,0,0,0,55,309,0,0,0,3,0,0,0,0,0,0,0,0,0,0
2009,1,0,0,0,0,60,920,0,0,0,31,0,0,0,0,0,0,0,0,0,0
2009,1,0,0,0,0,100,1,0,0,0,0,0,0,0,0,0,0,0,0,0,0
2009,1,0,0,0,1,0,0,0,0,0,0,0,0,0,0,0,0,0,0,0,0
2009,1,0,0,0,1,5,0,0,0,0,0,0,0,0,0,0,0,0,0,0,0
2009,1,0,0,0,1,10,0,0,0,0,0,0,0,0,0,0,0,0,0,0,0
2009,1,0,0,0,1,15,0,0,0,0,0,0,0,0,0,0,0,0,0,0,0
2009,1,0,0,0,1,20,0,0,0,0,0,0,0,0,0,0,0,0,0,0,0
2009,1,0,0,0,1,25,0,0,0,0,0,0,0,0,0,0,0,0,0,0,0
2009,1,0,0,0,1,30,0,0,0,0,0,0,0,0,0,0,0,0,0,0,0
2009,1,0,0,0,1,35,0,0,0,0,0,0,0,0,0,0,0,0,0,0,0
2009,1,0,0,0,1,40,0,0,0,0,0,0,0,0,0,0,0,0,0,0,0
2009,1,0,0,0,1,45,0,0,0,0,0,0,0,0,0,0,0,0,0,0,0
2009,1,0,0,0,1,50,0,0,0,0,0,0,0,0,0,0,0,0,0,0,0
2009,1,0,0,0,1,55,0,0,0,0,0,0,0,0,0,0,0,0,0,0,0
2009,1,0,0,0,1,60,0,0,0,0,0,0,0,0,0,0,0,0,0,0,0
2009,1,0,0,0,1,100,0,0,0,0,0,0,0,0,0,0,0,0,0,0,0
2009,1,0,0,1,0,0,154,154,24,0,19,18,13,29,29,7,0,0,0,0,0
2009,1,0,0,1,0,5,185,185,0,0,2,2,4,4,4,3,0,0,0,0,0
2009,1,0,0,1,0,10,122,122,0,0,3,3,4,9,9,0,0,0,0,0,0
2009,1,0,0,1,0,15,106,106,12,0,0,0,15,20,15,5,0,12,0,0,0
2009,1,0,0,1,0,20,321,321,44,0,2,2,59,93,79,29,0,40,0,0,0
2009,1,0,0,1,0,25,544,544,43,0,14,14,95,183,162,46,0,63,0,0,4
2009,1,0,0,1,0,30,656,656,32,0,22,22,97,195,182,40,0,71,0,0,0
2009,1,0,0,1,0,35,651,651,21,0,27,25,47,93,92,24,0,36,0,0,0
2009,1,0,0,1,0,40,562,562,25,0,22,21,36,46,46,26,0,28,0,0,0
2009,1,0,0,1,0,45,342,342,8,0,27,24,28,49,49,12,0,21,0,0,0
2009,1,0,0,1,0,50,125,125,5,0,9,9,12,15,15,7,0,6,0,0,0
2009,1,0,0,1,0,55,73,73,5,0,4,4,2,5,5,1,0,0,0,0,0
2009,1,0,0,1,0,60,98,98,9,0,15,10,7,10,10,3,0,7,0,0,0
2009,1,0,0,1,0,100,0,0,0,0,0,0,0,0,0,0,0,0,0,0,0
2009,1,0,0,1,1,0,9,9,0,9,0,0,9,9,9,0,0,0,0,0,0
2009,1,0,0,1,1,5,0,0,0,0,0,0,0,0,0,0,0,0,0,0,0
2009,1,0,0,1,1,10,0,0,0,0,0,0,0,0,0,0,0,0,0,0,0
2009,1,0,0,1,1,15,2,2,0,2,0,0,2,2,2,0,0,0,0,0,0
2009,1,0,0,1,1,20,4,4,0,4,0,0,4,4,4,0,0,0,0,0,0
2009,1,0,0,1,1,25,4,4,0,4,0,0,4,4,4,0,0,0,0,0,0
2009,1,0,0,1,1,30,6,6,0,6,1,1,6,6,6,0,0,1,0,0,0
2009,1,0,0,1,1,35,12,12,0,12,0,0,12,12,12,0,0,0,0,0,0
2009,1,0,0,1,1,40,13,13,0,13,0,0,13,13,13,0,0,0,0,0,0
2009,1,0,0,1,1,45,6,6,0,6,0,0,6,6,6,0,0,0,0,0,0
2009,1,0,0,1,1,50,2,2,0,2,0,0,2,2,2,0,0,0,0,0,0
2009,1,0,0,1,1,55,1,1,0,1,0,0,1,1,1,0,0,0,0,0,0
2009,1,0,0,1,1,60,1,1,0,1,0,0,1,1,1,0,0,0,0,0,0
2009,1,0,0,1,1,100,0,0,0,0,0,0,0,0,0,0,0,0,0,0,0
2009,1,0,1,0,0,0,0,0,0,0,0,0,0,0,0,0,0,0,0,0,0
2009,1,0,1,0,0,5,2,0,0,0,0,0,0,0,0,0,0,0,0,0,0
2009,1,0,1,0,0,10,22,0,0,0,0,0,0,0,0,0,0,0,0,0,0
2009,1,0,1,0,0,15,105,0,0,0,0,0,14,15,0,0,11,0,0,0,0
2009,1,0,1,0,0,20,239,0,0,0,0,0,66,89,0,0,35,0,0,0,0
2009,1,0,1,0,0,25,298,0,0,0,0,0,83,100,0,0,57,0,0,0,0
2009,1,0,1,0,0,30,231,0,0,0,0,0,57,71,0,0,44,0,0,0,0
2009,1,0,1,0,0,35,179,0,0,0,0,0,15,19,0,0,10,0,0,0,0
2009,1,0,1,0,0,40,124,0,0,0,1,0,0,0,0,0,0,0,0,0,0
2009,1,0,1,0,0,45,84,0,0,0,0,0,0,0,0,0,0,0,0,0,0
2009,1,0,1,0,0,50,36,0,0,0,0,0,0,0,0,0,0,0,0,0,0
2009,1,0,1,0,0,55,29,0,0,0,0,0,0,0,0,0,0,0,0,0,0
2009,1,0,1,0,0,60,87,0,0,0,5,0,0,0,0,0,0,0,0,0,0
2009,1,0,1,0,0,100,0,0,0,0,0,0,0,0,0,0,0,0,0,0,0
2009,1,0,1,0,1,0,0,0,0,0,0,0,0,0,0,0,0,0,0,0,0
2009,1,0,1,0,1,5,0,0,0,0,0,0,0,0,0,0,0,0,0,0,0
2009,1,0,1,0,1,10,0,0,0,0,0,0,0,0,0,0,0,0,0,0,0
2009,1,0,1,0,1,15,0,0,0,0,0,0,0,0,0,0,0,0,0,0,0
2009,1,0,1,0,1,20,0,0,0,0,0,0,0,0,0,0,0,0,0,0,0
2009,1,0,1,0,1,25,0,0,0,0,0,0,0,0,0,0,0,0,0,0,0
2009,1,0,1,0,1,30,0,0,0,0,0,0,0,0,0,0,0,0,0,0,0
2009,1,0,1,0,1,35,0,0,0,0,0,0,0,0,0,0,0,0,0,0,0
2009,1,0,1,0,1,40,0,0,0,0,0,0,0,0,0,0,0,0,0,0,0
2009,1,0,1,0,1,45,0,0,0,0,0,0,0,0,0,0,0,0,0,0,0
2009,1,0,1,0,1,50,0,0,0,0,0,0,0,0,0,0,0,0,0,0,0
2009,1,0,1,0,1,55,0,0,0,0,0,0,0,0,0,0,0,0,0,0,0
2009,1,0,1,0,1,60,0,0,0,0,0,0,0,0,0,0,0,0,0,0,0
2009,1,0,1,0,1,100,0,0,0,0,0,0,0,0,0,0,0,0,0,0,0
2009,1,0,1,1,0,0,0,0,0,0,0,0,0,0,0,0,0,0,0,0,0
2009,1,0,1,1,0,5,0,0,0,0,0,0,0,0,0,0,0,0,0,0,0
2009,1,0,1,1,0,10,0,0,0,0,0,0,0,0,0,0,0,0,0,0,0
2009,1,0,1,1,0,15,1,1,0,0,0,0,0,0,0,0,0,0,0,0,0
2009,1,0,1,1,0,20,15,15,2,0,1,1,3,5,5,2,0,1,0,0,0
2009,1,0,1,1,0,25,60,60,7,0,3,3,12,20,18,8,0,9,0,0,0
2009,1,0,1,1,0,30,72,72,4,0,1,1,10,20,19,4,0,7,0,0,0
2009,1,0,1,1,0,35,60,60,3,0,4,4,8,9,9,3,0,3,0,0,0
2009,1,0,1,1,0,40,70,70,2,0,3,3,4,4,4,2,0,2,0,0,0
2009,1,0,1,1,0,45,34,34,4,0,0,0,4,4,4,2,0,4,0,0,0
2009,1,0,1,1,0,50,7,7,0,0,0,0,0,0,0,0,0,0,0,0,0
2009,1,0,1,1,0,55,4,4,0,0,0,0,0,0,0,0,0,0,0,0,0
2009,1,0,1,1,0,60,3,3,1,0,0,0,0,0,0,0,0,0,0,0,0
2009,1,0,1,1,0,100,0,0,0,0,0,0,0,0,0,0,0,0,0,0,0
2009,1,0,1,1,1,0,0,0,0,0,0,0,0,0,0,0,0,0,0,0,0
2009,1,0,1,1,1,5,0,0,0,0,0,0,0,0,0,0,0,0,0,0,0
2009,1,0,1,1,1,10,0,0,0,0,0,0,0,0,0,0,0,0,0,0,0
2009,1,0,1,1,1,15,0,0,0,0,0,0,0,0,0,0,0,0,0,0,0
2009,1,0,1,1,1,20,0,0,0,0,0,0,0,0,0,0,0,0,0,0,0
2009,1,0,1,1,1,25,0,0,0,0,0,0,0,0,0,0,0,0,0,0,0
2009,1,0,1,1,1,30,3,3,0,3,1,1,3,3,3,0,0,0,0,0,0
2009,1,0,1,1,1,35,0,0,0,0,0,0,0,0,0,0,0,0,0,0,0
2009,1,0,1,1,1,40,0,0,0,0,0,0,0,0,0,0,0,0,0,0,0
2009,1,0,1,1,1,45,0,0,0,0,0,0,0,0,0,0,0,0,0,0,0
2009,1,0,1,1,1,50,1,1,0,1,0,0,1,1,1,0,0,0,0,0,0
2009,1,0,1,1,1,55,0,0,0,0,0,0,0,0,0,0,0,0,0,0,0
2009,1,0,1,1,1,60,0,0,0,0,0,0,0,0,0,0,0,0,0,0,0
2009,1,0,1,1,1,100,0,0,0,0,0,0,0,0,0,0,0,0,0,0,0
2009,1,1,0,0,0,0,4986,0,0,0,20,0,309,700,0,0,171,0,0,0,0
2009,1,1,0,0,0,5,4625,0,0,0,1,0,0,0,0,0,0,0,0,0,0
2009,1,1,0,0,0,10,4503,0,0,0,2,0,88,91,0,0,82,0,0,0,0
2009,1,1,0,0,0,15,4053,0,0,0,4,0,852,1284,0,0,645,0,0,0,0
2009,1,1,0,0,0,20,3157,0,0,0,1,0,1025,1692,0,0,812,0,0,0,0
2009,1,1,0,0,0,25,1987,0,0,0,2,0,727,1263,0,0,500,0,0,0,0
2009,1,1,0,0,0,30,1269,0,0,0,0,0,399,728,0,0,261,0,0,0,0
2009,1,1,0,0,0,35,873,0,0,0,1,0,122,330,0,0,79,0,0,0,0
2009,1,1,0,0,0,40,790,0,0,0,0,0,37,163,0,0,12,0,0,0,0
2009,1,1,0,0,0,45,511,0,0,0,0,0,3,36,0,0,1,0,0,0,0
2009,1,1,0,0,0,50,350,0,0,0,3,0,0,1,0,0,0,0,0,0,0
2009,1,1,0,0,0,55,385,0,0,0,1,0,0,0,0,0,0,0,0,0,0
2009,1,1,0,0,0,60,1691,0,0,0,42,0,0,0,0,0,0,0,0,0,0
2009,1,1,0,0,0,100,1,0,0,0,0,0,0,0,0,0,0,0,0,0,0
2009,1,1,0,0,1,0,0,0,0,0,0,0,0,0,0,0,0,0,0,0,0
2009,1,1,0,0,1,5,0,0,0,0,0,0,0,0,0,0,0,0,0,0,0
2009,1,1,0,0,1,10,0,0,0,0,0,0,0,0,0,0,0,0,0,0,0
2009,1,1,0,0,1,15,0,0,0,0,0,0,0,0,0,0,0,0,0,0,0
2009,1,1,0,0,1,20,0,0,0,0,0,0,0,0,0,0,0,0,0,0,0
2009,1,1,0,0,1,25,0,0,0,0,0,0,0,0,0,0,0,0,0,0,0
2009,1,1,0,0,1,30,0,0,0,0,0,0,0,0,0,0,0,0,0,0,0
2009,1,1,0,0,1,35,0,0,0,0,0,0,0,0,0,0,0,0,0,0,0
2009,1,1,0,0,1,40,0,0,0,0,0,0,0,0,0,0,0,0,0,0,0
2009,1,1,0,0,1,45,0,0,0,0,0,0,0,0,0,0,0,0,0,0,0
2009,1,1,0,0,1,50,0,0,0,0,0,0,0,0,0,0,0,0,0,0,0
2009,1,1,0,0,1,55,0,0,0,0,0,0,0,0,0,0,0,0,0,0,0
2009,1,1,0,0,1,60,0,0,0,0,0,0,0,0,0,0,0,0,0,0,0
2009,1,1,0,0,1,100,0,0,0,0,0,0,0,0,0,0,0,0,0,0,0
2009,1,1,0,1,0,0,180,180,38,0,12,11,13,29,29,8,0,0,0,0,0
2009,1,1,0,1,0,5,168,168,0,0,4,4,3,6,6,0,0,0,0,0,0
2009,1,1,0,1,0,10,143,143,11,0,11,11,15,16,16,13,0,4,0,0,0
2009,1,1,0,1,0,15,305,305,45,0,6,6,70,128,90,30,0,24,0,0,0
2009,1,1,0,1,0,20,881,881,101,0,11,11,263,481,377,132,0,47,0,0,0
2009,1,1,0,1,0,25,1186,1186,59,0,38,36,314,722,620,150,0,56,0,0,0
2009,1,1,0,1,0,30,1117,1117,34,0,28,27,266,635,564,152,0,39,0,0,0
2009,1,1,0,1,0,35,897,897,22,0,41,40,124,356,304,65,0,25,0,0,0
2009,1,1,0,1,0,40,671,671,18,0,44,43,56,159,140,33,0,18,0,0,0
2009,1,1,0,1,0,45,327,327,5,0,19,19,21,38,36,12,0,8,0,0,0
2009,1,1,0,1,0,50,122,122,5,0,4,4,7,10,10,4,0,5,0,0,0
2009,1,1,0,1,0,55,63,63,2,0,7,7,5,7,7,3,0,1,0,0,0
2009,1,1,0,1,0,60,138,138,9,0,19,14,11,15,15,7,0,0,0,0,0
2009,1,1,0,1,0,100,0,0,0,0,0,0,0,0,0,0,0,0,0,0,0
2009,1,1,0,1,1,0,5,5,0,5,0,0,5,5,5,0,0,0,0,0,0
2009,1,1,0,1,1,5,1,1,0,1,0,0,1,1,1,0,0,0,0,0,0
2009,1,1,0,1,1,10,6,6,0,6,0,0,6,6,6,0,0,0,0,0,0
2009,1,1,0,1,1,15,7,7,0,7,0,0,7,7,7,0,0,0,0,0,0
2009,1,1,0,1,1,20,25,25,0,25,0,0,25,25,25,0,0,0,0,0,0
2009,1,1,0,1,1,25,46,46,0,46,2,2,46,46,46,0,0,0,0,0,0
2009,1,1,0,1,1,30,39,39,0,39,4,4,39,39,39,0,0,0,0,0,0
2009,1,1,0,1,1,35,29,29,0,29,0,0,29,29,29,0,0,0,0,0,0
2009,1,1,0,1,1,40,15,15,0,15,1,1,15,15,15,0,0,0,0,0,0
2009,1,1,0,1,1,45,10,10,0,10,0,0,10,10,10,0,0,0,0,0,0
2009,1,1,0,1,1,50,2,2,0,2,0,0,2,2,2,0,0,0,0,0,0
2009,1,1,0,1,1,55,3,3,0,3,0,0,3,3,3,0,0,0,0,0,0
2009,1,1,0,1,1,60,2,2,0,2,0,0,2,2,2,0,0,0,0,0,0
2009,1,1,0,1,1,100,0,0,0,0,0,0,0,0,0,0,0,0,0,0,0
2009.5,1,0,0,0,0,0,5195,0,0,0,27,0,382,872,0,0,189,0,0,0,0
2009.5,1,0,0,0,0,5,4388,0,0,0,1,0,0,7,0,0,0,0,0,0,0
2009.5,1,0,0,0,0,10,4399,0,0,0,1,0,0,0,0,0,0,0,0,0,4
2009.5,1,0,0,0,0,15,4097,0,0,0,4,0,279,329,0,0,247,0,0,0,17
2009.5,1,0,0,0,0,20,3413,0,0,0,1,0,893,1140,0,0,683,0,0,0,19
2009.5,1,0,0,0,0,25,2286,0,0,0,3,0,647,841,0,0,493,0,0,0,7
2009.5,1,0,0,0,0,30,1592,0,0,0,1,0,440,588,0,0,345,0,0,0,1
2009.5,1,0,0,0,0,35,1202,0,0,0,3,0,126,159,0,0,81,0,0,0,0
2009.5,1,0,0,0,0,40,833,0,0,0,3,0,0,0,0,0,0,0,0,0,0
2009.5,1,0,0,0,0,45,558,0,0,0,2,0,0,0,0,0,0,0,0,0,0
2009.5,1,0,0,0,0,50,266,0,0,0,4,0,0,0,0,0,0,0,0,0,0
2009.5,1,0,0,0,0,55,301,0,0,0,1,0,0,0,0,0,0,0,0,0,0
2009.5,1,0,0,0,0,60,910,0,0,0,38,0,0,0,0,0,0,0,0,0,0
2009.5,1,0,0,0,0,100,1,0,0,0,0,0,0,0,0,0,0,0,0,0,0
2009.5,1,0,0,0,1,0,0,0,0,0,0,0,0,0,0,0,0,0,0,0,0
2009.5,1,0,0,0,1,5,0,0,0,0,0,0,0,0,0,0,0,0,0,0,0
2009.5,1,0,0,0,1,10,0,0,0,0,0,0,0,0,0,0,0,0,0,0,0
2009.5,1,0,0,0,1,15,0,0,0,0,0,0,0,0,0,0,0,0,0,0,0
2009.5,1,0,0,0,1,20,0,0,0,0,0,0,0,0,0,0,0,0,0,0,0
2009.5,1,0,0,0,1,25,0,0,0,0,0,0,0,0,0,0,0,0,0,0,0
2009.5,1,0,0,0,1,30,0,0,0,0,0,0,0,0,0,0,0,0,0,0,0
2009.5,1,0,0,0,1,35,0,0,0,0,0,0,0,0,0,0,0,0,0,0,0
2009.5,1,0,0,0,1,40,0,0,0,0,0,0,0,0,0,0,0,0,0,0,0
2009.5,1,0,0,0,1,45,0,0,0,0,0,0,0,0,0,0,0,0,0,0,0
2009.5,1,0,0,0,1,50,0,0,0,0,0,0,0,0,0,0,0,0,0,0,0
2009.5,1,0,0,0,1,55,0,0,0,0,0,0,0,0,0,0,0,0,0,0,0
2009.5,1,0,0,0,1,60,0,0,0,0,0,0,0,0,0,0,0,0,0,0,0
2009.5,1,0,0,0,1,100,0,0,0,0,0,0,0,0,0,0,0,0,0,0,0
2009.5,1,0,0,1,0,0,163,163,33,0,17,16,14,34,34,11,0,0,0,0,0
2009.5,1,0,0,1,0,5,174,174,0,0,3,3,3,3,3,1,0,0,0,0,0
2009.5,1,0,0,1,0,10,114,114,0,0,11,11,4,5,5,4,0,0,0,0,0
2009.5,1,0,0,1,0,15,111,111,15,0,5,5,11,21,18,6,0,9,0,0,0
2009.5,1,0,0,1,0,20,328,328,41,0,1,1,62,112,91,27,0,47,0,0,4
2009.5,1,0,0,1,0,25,552,552,43,0,9,8,90,199,177,42,0,72,0,0,2
2009.5,1,0,0,1,0,30,657,657,28,0,13,12,112,242,226,65,0,60,0,0,0
2009.5,1,0,0,1,0,35,665,665,23,0,19,17,54,117,112,29,0,36,0,0,0
2009.5,1,0,0,1,0,40,562,562,32,0,25,23,23,37,37,8,0,27,0,0,0
2009.5,1,0,0,1,0,45,352,352,10,0,26,22,17,38,38,11,0,16,0,0,0
2009.5,1,0,0,1,0,50,118,118,2,0,11,11,9,11,11,5,0,8,0,0,0
2009.5,1,0,0,1,0,55,70,70,2,0,7,6,3,5,5,2,0,5,0,0,0
2009.5,1,0,0,1,0,60,98,98,4,0,9,6,8,8,8,4,0,5,0,0,0
2009.5,1,0,0,1,0,100,0,0,0,0,0,0,0,0,0,0,0,0,0,0,0
2009.5,1,0,0,1,1,0,9,9,0,9,0,0,9,9,9,0,0,0,0,0,0
2009.5,1,0,0,1,1,5,0,0,0,0,0,0,0,0,0,0,0,0,0,0,0
2009.5,1,0,0,1,1,10,0,0,0,0,0,0,0,0,0,0,0,0,0,0,0
2009.5,1,0,0,1,1,15,1,1,0,1,0,0,1,1,1,0,0,0,0,0,0
2009.5,1,0,0,1,1,20,6,6,0,6,0,0,6,6,6,0,0,0,0,0,0
2009.5,1,0,0,1,1,25,12,12,0,12,0,0,12,12,12,0,0,0,0,0,0
2009.5,1,0,0,1,1,30,12,12,0,12,0,0,12,12,12,0,0,1,0,0,0
2009.5,1,0,0,1,1,35,17,17,0,17,0,0,17,17,17,0,0,0,0,0,0
2009.5,1,0,0,1,1,40,14,14,0,14,3,3,14,14,14,0,0,1,0,0,0
2009.5,1,0,0,1,1,45,7,7,0,7,1,1,7,7,7,0,0,0,0,0,0
2009.5,1,0,0,1,1,50,4,4,0,4,0,0,4,4,4,0,0,0,0,0,0
2009.5,1,0,0,1,1,55,2,2,0,2,0,0,2,2,2,0,0,0,0,0,0
2009.5,1,0,0,1,1,60,1,1,0,1,0,0,1,1,1,0,0,0,0,0,0
2009.5,1,0,0,1,1,100,0,0,0,0,0,0,0,0,0,0,0,0,0,0,0
2009.5,1,0,1,0,0,0,0,0,0,0,0,0,0,0,0,0,0,0,0,0,0
2009.5,1,0,1,0,0,5,1,0,0,0,0,0,0,0,0,0,0,0,0,0,0
2009.5,1,0,1,0,0,10,23,0,0,0,0,0,0,0,0,0,0,0,0,0,0
2009.5,1,0,1,0,0,15,106,0,0,0,0,0,13,17,0,0,12,0,0,0,0
2009.5,1,0,1,0,0,20,249,0,0,0,1,0,68,99,0,0,50,0,0,0,0
2009.5,1,0,1,0,0,25,293,0,0,0,1,0,91,117,0,0,72,0,0,0,0
2009.5,1,0,1,0,0,30,244,0,0,0,0,0,69,89,0,0,50,0,0,0,0
2009.5,1,0,1,0,0,35,170,0,0,0,0,0,22,26,0,0,18,0,0,0,0
2009.5,1,0,1,0,0,40,132,0,0,0,0,0,0,0,0,0,0,0,0,0,0
2009.5,1,0,1,0,0,45,88,0,0,0,0,0,0,0,0,0,0,0,0,0,0
2009.5,1,0,1,0,0,50,37,0,0,0,0,0,0,0,0,0,0,0,0,0,0
2009.5,1,0,1,0,0,55,29,0,0,0,1,0,0,0,0,0,0,0,0,0,0
2009.5,1,0,1,0,0,60,86,0,0,0,3,0,0,0,0,0,0,0,0,0,0
2009.5,1,0,1,0,0,100,0,0,0,0,0,0,0,0,0,0,0,0,0,0,0
2009.5,1,0,1,0,1,0,0,0,0,0,0,0,0,0,0,0,0,0,0,0,0
2009.5,1,0,1,0,1,5,0,0,0,0,0,0,0,0,0,0,0,0,0,0,0
2009.5,1,0,1,0,1,10,0,0,0,0,0,0,0,0,0,0,0,0,0,0,0
2009.5,1,0,1,0,1,15,0,0,0,0,0,0,0,0,0,0,0,0,0,0,0
2009.5,1,0,1,0,1,20,0,0,0,0,0,0,0,0,0,0,0,0,0,0,0
2009.5,1,0,1,0,1,25,0,0,0,0,0,0,0,0,0,0,0,0,0,0,0
2009.5,1,0,1,0,1,30,0,0,0,0,0,0,0,0,0,0,0,0,0,0,0
2009.5,1,0,1,0,1,35,0,0,0,0,0,0,0,0,0,0,0,0,0,0,0
2009.5,1,0,1,0,1,40,0,0,0,0,0,0,0,0,0,0,0,0,0,0,0
2009.5,1,0,1,0,1,45,0,0,0,0,0,0,0,0,0,0,0,0,0,0,0
2009.5,1,0,1,0,1,50,0,0,0,0,0,0,0,0,0,0,0,0,0,0,0
2009.5,1,0,1,0,1,55,0,0,0,0,0,0,0,0,0,0,0,0,0,0,0
2009.5,1,0,1,0,1,60,0,0,0,0,0,0,0,0,0,0,0,0,0,0,0
2009.5,1,0,1,0,1,100,0,0,0,0,0,0,0,0,0,0,0,0,0,0,0
2009.5,1,0,1,1,0,0,0,0,0,0,0,0,0,0,0,0,0,0,0,0,0
2009.5,1,0,1,1,0,5,0,0,0,0,0,0,0,0,0,0,0,0,0,0,0
2009.5,1,0,1,1,0,10,0,0,0,0,0,0,0,0,0,0,0,0,0,0,0
2009.5,1,0,1,1,0,15,2,2,1,0,0,0,0,0,0,0,0,0,0,0,0
2009.5,1,0,1,1,0,20,17,17,1,0,0,0,2,5,5,0,0,1,0,0,0
2009.5,1,0,1,1,0,25,60,60,6,0,1,1,13,21,19,2,0,6,0,0,0
2009.5,1,0,1,1,0,30,76,76,3,0,2,2,14,29,27,9,0,6,0,0,0
2009.5,1,0,1,1,0,35,67,67,4,0,2,2,7,13,13,4,0,5,0,0,0
2009.5,1,0,1,1,0,40,69,69,4,0,3,3,3,4,4,1,0,2,0,0,0
2009.5,1,0,1,1,0,45,39,39,1,0,1,1,4,5,5,1,0,1,0,0,0
2009.5,1,0,1,1,0,50,8,8,0,0,0,0,0,0,0,0,0,0,0,0,0
2009.5,1,0,1,1,0,55,2,2,0,0,0,0,0,0,0,0,0,0,0,0,0
2009.5,1,0,1,1,0,60,5,5,0,0,0,0,0,0,0,0,0,1,0,0,0
2009.5,1,0,1,1,0,100,0,0,0,0,0,0,0,0,0,0,0,0,0,0,0
2009.5,1,0,1,1,1,0,0,0,0,0,0,0,0,0,0,0,0,0,0,0,0
2009.5,1,0,1,1,1,5,0,0,0,0,0,0,0,0,0,0,0,0,0,0,0
2009.5,1,0,1,1,1,10,0,0,0,0,0,0,0,0,0,0,0,0,0,0,0
2009.5,1,0,1,1,1,15,0,0,0,0,0,0,0,0,0,0,0,0,0,0,0
2009.5,1,0,1,1,1,20,0,0,0,0,0,0,0,0,0,0,0,0,0,0,0
2009.5,1,0,1,1,1,25,0,0,0,0,0,0,0,0,0,0,0,0,0,0,0
2009.5,1,0,1,1,1,30,3,3,0,3,0,0,3,3,3,0,0,0,0,0,0
2009.5,1,0,1,1,1,35,0,0,0,0,0,0,0,0,0,0,0,0,0,0,0
2009.5,1,0,1,1,1,40,0,0,0,0,0,0,0,0,0,0,0,0,0,0,0
2009.5,1,0,1,1,1,45,0,0,0,0,0,0,0,0,0,0,0,0,0,0,0
2009.5,1,0,1,1,1,50,1,1,0,1,0,0,1,1,1,0,0,0,0,0,0
2009.5,1,0,1,1,1,55,0,0,0,0,0,0,0,0,0,0,0,0,0,0,0
2009.5,1,0,1,1,1,60,0,0,0,0,0,0,0,0,0,0,0,0,0,0,0
2009.5,1,0,1,1,1,100,0,0,0,0,0,0,0,0,0,0,0,0,0,0,0
2009.5,1,1,0,0,0,0,5013,0,0,0,24,0,389,881,0,0,196,0,0,0,0
2009.5,1,1,0,0,0,5,4635,0,0,0,1,0,0,9,0,0,0,0,0,0,0
2009.5,1,1,0,0,0,10,4559,0,0,0,1,0,94,103,0,0,94,0,0,0,0
2009.5,1,1,0,0,0,15,4012,0,0,0,1,0,902,1392,0,0,667,0,0,0,0
2009.5,1,1,0,0,0,20,3210,0,0,0,1,0,1159,1893,0,0,839,0,0,0,0
2009.5,1,1,0,0,0,25,2062,0,0,0,2,0,832,1442,0,0,578,0,0,0,0
2009.5,1,1,0,0,0,30,1263,0,0,0,1,0,451,812,0,0,318,0,0,0,0
2009.5,1,1,0,0,0,35,850,0,0,0,0,0,147,378,0,0,85,0,0,0,0
2009.5,1,1,0,0,0,40,792,0,0,0,1,0,37,182,0,0,27,0,0,0,0
2009.5,1,1,0,0,0,45,555,0,0,0,1,0,4,48,0,0,1,0,0,0,0
2009.5,1,1,0,0,0,50,334,0,0,0,1,0,0,1,0,0,0,0,0,0,0
2009.5,1,1,0,0,0,55,392,0,0,0,1,0,0,0,0,0,0,0,0,0,0
2009.5,1,1,0,0,0,60,1670,0,0,0,35,0,0,0,0,0,0,0,0,0,0
2009.5,1,1,0,0,0,100,1,0,0,0,0,0,0,0,0,0,0,0,0,0,0
2009.5,1,1,0,0,1,0,0,0,0,0,0,0,0,0,0,0,0,0,0,0,0
2009.5,1,1,0,0,1,5,0,0,0,0,0,0,0,0,0,0,0,0,0,0,0
2009.5,1,1,0,0,1,10,0,0,0,0,0,0,0,0,0,0,0,0,0,0,0
2009.5,1,1,0,0,1,15,0,0,0,0,0,0,0,0,0,0,0,0,0,0,0
2009.5,1,1,0,0,1,20,0,0,0,0,0,0,0,0,0,0,0,0,0,0,0
2009.5,1,1,0,0,1,25,0,0,0,0,0,0,0,0,0,0,0,0,0,0,0
2009.5,1,1,0,0,1,30,0,0,0,0,0,0,0,0,0,0,0,0,0,0,0
2009.5,1,1,0,0,1,35,0,0,0,0,0,0,0,0,0,0,0,0,0,0,0
2009.5,1,1,0,0,1,40,0,0,0,0,0,0,0,0,0,0,0,0,0,0,0
2009.5,1,1,0,0,1,45,0,0,0,0,0,0,0,0,0,0,0,0,0,0,0
2009.5,1,1,0,0,1,50,0,0,0,0,0,0,0,0,0,0,0,0,0,0,0
2009.5,1,1,0,0,1,55,0,0,0,0,0,0,0,0,0,0,0,0,0,0,0
2009.5,1,1,0,0,1,60,0,0,0,0,0,0,0,0,0,0,0,0,0,0,0
2009.5,1,1,0,0,1,100,0,0,0,0,0,0,0,0,0,0,0,0,0,0,0
2009.5,1,1,0,1,0,0,181,181,36,0,22,21,12,33,33,12,0,0,0,0,0
2009.5,1,1,0,1,0,5,163,163,0,0,2,2,2,6,6,1,0,0,0,0,0
2009.5,1,1,0,1,0,10,141,141,8,0,7,7,11,16,14,9,0,1,0,0,0
2009.5,1,1,0,1,0,15,325,325,56,0,5,4,89,155,111,42,0,15,0,0,0
2009.5,1,1,0,1,0,20,864,864,87,0,13,12,260,505,402,150,0,65,0,0,0
2009.5,1,1,0,1,0,25,1192,1192,62,0,27,25,327,781,666,177,0,46,0,0,0
2009.5,1,1,0,1,0,30,1111,1111,31,0,31,29,280,692,618,138,0,32,0,0,0
2009.5,1,1,0,1,0,35,908,908,34,0,49,49,137,396,333,68,0,26,0,0,0
2009.5,1,1,0,1,0,40,665,665,14,0,43,40,63,179,157,31,0,22,0,0,0
2009.5,1,1,0,1,0,45,342,342,2,0,22,21,23,47,44,10,0,5,0,0,0
2009.5,1,1,0,1,0,50,120,120,1,0,10,9,6,10,10,4,0,4,0,0,0
2009.5,1,1,0,1,0,55,67,67,5,0,5,5,4,7,7,2,0,1,0,0,0
2009.5,1,1,0,1,0,60,142,142,9,0,8,6,10,16,16,6,0,1,0,0,0
2009.5,1,1,0,1,0,100,0,0,0,0,0,0,0,0,0,0,0,0,0,0,0
2009.5,1,1,0,1,1,0,5,5,0,5,0,0,5,5,5,0,0,0,0,0,0
2009.5,1,1,0,1,1,5,1,1,0,1,0,0,1,1,1,0,0,0,0,0,0
2009.5,1,1,0,1,1,10,7,7,0,7,0,0,7,7,7,0,0,0,0,0,0
2009.5,1,1,0,1,1,15,9,9,0,9,0,0,9,9,9,0,0,0,0,0,0
2009.5,1,1,0,1,1,20,37,37,0,37,0,0,37,37,37,0,0,0,0,0,0
2009.5,1,1,0,1,1,25,65,65,0,65,1,1,65,65,65,0,0,1,0,0,0
2009.5,1,1,0,1,1,30,57,57,0,57,3,3,57,57,57,0,0,0,0,0,0
2009.5,1,1,0,1,1,35,36,36,0,36,0,0,36,36,36,0,0,0,0,0,0
2009.5,1,1,0,1,1,40,16,16,0,16,0,0,16,16,16,0,0,0,0,0,0
2009.5,1,1,0,1,1,45,11,11,0,11,0,0,11,11,11,0,0,1,0,0,0
2009.5,1,1,0,1,1,50,3,3,0,3,0,0,3,3,3,0,0,0,0,0,0
2009.5,1,1,0,1,1,55,3,3,0,3,0,0,3,3,3,0,0,0,0,0,0
2009.5,1,1,0,1,1,60,4,4,0,4,1,1,4,4,4,0,0,0,0,0,0
2009.5,1,1,0,1,1,100,0,0,0,0,0,0,0,0,0,0,0,0,0,0,0
2010,1,0,0,0,0,0,5187,0,0,0,27,0,410,1045,0,0,202,0,0,0,0
2010,1,0,0,0,0,5,4463,0,0,0,0,0,0,29,0,0,0,0,0,0,0
2010,1,0,0,0,0,10,4395,0,0,0,1,0,0,0,0,0,0,0,0,0,4
2010,1,0,0,0,0,15,4150,0,0,0,2,0,300,356,0,0,282,0,0,0,7
2010,1,0,0,0,0,20,3442,0,0,0,4,0,984,1291,0,0,751,0,0,0,12
2010,1,0,0,0,0,25,2347,0,0,0,3,0,767,997,0,0,578,0,0,0,6
2010,1,0,0,0,0,30,1625,0,0,0,1,0,522,691,0,0,360,0,0,0,0
2010,1,0,0,0,0,35,1193,0,0,0,1,0,158,212,0,0,119,0,0,0,0
2010,1,0,0,0,0,40,818,0,0,0,5,0,0,0,0,0,0,0,0,0,0
2010,1,0,0,0,0,45,583,0,0,0,6,0,0,0,0,0,0,0,0,0,0
2010,1,0,0,0,0,50,277,0,0,0,3,0,0,0,0,0,0,0,0,0,0
2010,1,0,0,0,0,55,279,0,0,0,3,0,0,0,0,0,0,0,0,0,0
2010,1,0,0,0,0,60,913,0,0,0,23,0,0,0,0,0,0,0,0,0,0
2010,1,0,0,0,0,100,0,0,0,0,1,0,0,0,0,0,0,0,0,0,0
2010,1,0,0,0,1,0,0,0,0,0,0,0,0,0,0,0,0,0,0,0,0
2010,1,0,0,0,1,5,0,0,0,0,0,0,0,0,0,0,0,0,0,0,0
2010,1,0,0,0,1,10,0,0,0,0,0,0,0,0,0,0,0,0,0,0,0
2010,1,0,0,0,1,15,0,0,0,0,0,0,0,0,0,0,0,0,0,0,0
2010,1,0,0,0,1,20,0,0,0,0,0,0,0,0,0,0,0,0,0,0,0
2010,1,0,0,0,1,25,0,0,0,0,0,0,0,0,0,0,0,0,0,0,0
2010,1,0,0,0,1,30,0,0,0,0,0,0,0,0,0,0,0,0,0,0,0
2010,1,0,0,0,1,35,0,0,0,0,0,0,0,0,0,0,0,0,0,0,0
2010,1,0,0,0,1,40,0,0,0,0,0,0,0,0,0,0,0,0,0,0,0
2010,1,0,0,0,1,45,0,0,0,0,0,0,0,0,0,0,0,0,0,0,0
2010,1,0,0,0,1,50,0,0,0,0,0,0,0,0,0,0,0,0,0,0,0
2010,1,0,0,0,1,55,0,0,0,0,0,0,0,0,0,0,0,0,0,0,0
2010,1,0,0,0,1,60,0,0,0,0,0,0,0,0,0,0,0,0,0,0,0
2010,1,0,0,0,1,100,0,0,0,0,0,0,0,0,0,0,0,0,0,0,0
2010,1,0,0,1,0,0,153,153,25,0,15,15,16,36,36,11,0,0,0,0,0
2010,1,0,0,1,0,5,165,165,0,0,2,2,3,5,5,1,0,0,0,0,0
2010,1,0,0,1,0,10,134,134,0,0,2,2,4,5,5,1,0,0,0,0,0
2010,1,0,0,1,0,15,102,102,10,0,1,1,13,22,19,9,0,9,0,0,1
2010,1,0,0,1,0,20,324,324,39,0,4,4,70,126,104,39,0,39,0,0,2
2010,1,0,0,1,0,25,498,498,46,0,8,7,103,207,176,59,0,75,0,0,2
2010,1,0,0,1,0,30,592,592,35,0,20,18,111,239,231,60,0,59,0,0,0
2010,1,0,0,1,0,35,578,578,33,0,23,21,55,118,108,20,0,39,0,0,0
2010,1,0,0,1,0,40,477,477,29,0,28,27,24,41,41,14,0,33,0,0,0
2010,1,0,0,1,0,45,304,304,8,0,21,21,10,27,27,7,0,23,0,0,0
2010,1,0,0,1,0,50,83,83,3,0,12,11,10,12,12,5,0,3,0,0,0
2010,1,0,0,1,0,55,55,55,1,0,6,5,4,6,6,3,0,3,0,0,0
2010,1,0,0,1,0,60,78,78,6,0,10,6,7,9,9,3,0,8,0,0,0
2010,1,0,0,1,0,100,0,0,0,0,0,0,0,0,0,0,0,0,0,0,0
2010,1,0,0,1,1,0,11,11,0,11,1,1,11,11,11,0,0,0,0,0,0
2010,1,0,0,1,1,5,0,0,0,0,0,0,0,0,0,0,0,0,0,0,0
2010,1,0,0,1,1,10,1,1,0,1,0,0,1,1,1,0,0,0,0,0,0
2010,1,0,0,1,1,15,3,3,0,3,0,0,3,3,3,0,0,0,0,0,0
2010,1,0,0,1,1,20,19,19,0,19,0,0,19,19,19,0,0,0,0,0,0
2010,1,0,0,1,1,25,65,65,0,65,2,2,65,39,38,0,0,2,0,0,0
2010,1,0,0,1,1,30,91,91,0,91,3,3,91,56,53,0,0,1,0,0,0
2010,1,0,0,1,1,35,134,134,0,134,5,5,134,42,41,0,0,7,0,0,0
2010,1,0,0,1,1,40,97,97,0,97,6,6,97,16,16,0,0,2,0,0,0
2010,1,0,0,1,1,45,79,79,0,79,5,5,79,11,11,0,0,1,0,0,0
2010,1,0,0,1,1,50,28,28,0,28,2,2,28,4,4,0,0,0,0,0,0
2010,1,0,0,1,1,55,19,19,0,19,3,2,19,3,3,0,0,0,0,0,0
2010,1,0,0,1,1,60,20,20,0,20,1,1,20,2,2,0,0,0,0,0,0
2010,1,0,0,1,1,100,0,0,0,0,0,0,0,0,0,0,0,0,0,0,0
2010,1,0,1,0,0,0,0,0,0,0,0,0,0,0,0,0,0,0,0,0,0
2010,1,0,1,0,0,5,1,0,0,0,0,0,0,0,0,0,0,0,0,0,0
2010,1,0,1,0,0,10,23,0,0,0,0,0,0,0,0,0,0,0,0,0,0
2010,1,0,1,0,0,15,97,0,0,0,0,0,14,16,0,0,13,0,0,0,0
2010,1,0,1,0,0,20,251,0,0,0,0,0,79,107,0,0,55,0,0,0,0
2010,1,0,1,0,0,25,292,0,0,0,0,0,98,128,0,0,71,0,0,0,0
2010,1,0,1,0,0,30,255,0,0,0,0,0,76,100,0,0,52,0,0,0,0
2010,1,0,1,0,0,35,170,0,0,0,0,0,26,37,0,0,11,0,0,0,0
2010,1,0,1,0,0,40,136,0,0,0,0,0,0,0,0,0,0,0,0,0,0
2010,1,0,1,0,0,45,91,0,0,0,0,0,0,0,0,0,0,0,0,0,0
2010,1,0,1,0,0,50,36,0,0,0,1,0,0,0,0,0,0,0,0,0,0
2010,1,0,1,0,0,55,29,0,0,0,0,0,0,0,0,0,0,0,0,0,0
2010,1,0,1,0,0,60,85,0,0,0,2,0,0,0,0,0,0,0,0,0,0
2010,1,0,1,0,0,100,0,0,0,0,0,0,0,0,0,0,0,0,0,0,0
2010,1,0,1,0,1,0,0,0,0,0,0,0,0,0,0,0,0,0,0,0,0
2010,1,0,1,0,1,5,0,0,0,0,0,0,0,0,0,0,0,0,0,0,0
2010,1,0,1,0,1,10,0,0,0,0,0,0,0,0,0,0,0,0,0,0,0
2010,1,0,1,0,1,15,0,0,0,0,0,0,0,0,0,0,0,0,0,0,0
2010,1,0,1,0,1,20,0,0,0,0,0,0,0,0,0,0,0,0,0,0,0
2010,1,0,1,0,1,25,0,0,0,0,0,0,0,0,0,0,0,0,0,0,0
2010,1,0,1,0,1,30,0,0,0,0,0,0,0,0,0,0,0,0,0,0,0
2010,1,0,1,0,1,35,0,0,0,0,0,0,0,0,0,0,0,0,0,0,0
2010,1,0,1,0,1,40,0,0,0,0,0,0,0,0,0,0,0,0,0,0,0
2010,1,0,1,0,1,45,0,0,0,0,0,0,0,0,0,0,0,0,0,0,0
2010,1,0,1,0,1,50,0,0,0,0,0,0,0,0,0,0,0,0,0,0,0
2010,1,0,1,0,1,55,0,0,0,0,0,0,0,0,0,0,0,0,0,0,0
2010,1,0,1,0,1,60,0,0,0,0,0,0,0,0,0,0,0,0,0,0,0
2010,1,0,1,0,1,100,0,0,0,0,0,0,0,0,0,0,0,0,0,0,0
2010,1,0,1,1,0,0,0,0,0,0,0,0,0,0,0,0,0,0,0,0,0
2010,1,0,1,1,0,5,0,0,0,0,0,0,0,0,0,0,0,0,0,0,0
2010,1,0,1,1,0,10,0,0,0,0,0,0,0,0,0,0,0,0,0,0,0
2010,1,0,1,1,0,15,3,3,2,0,0,0,0,0,0,0,0,1,0,0,0
2010,1,0,1,1,0,20,19,19,3,0,1,1,3,7,6,2,0,4,0,0,0
2010,1,0,1,1,0,25,53,53,2,0,2,2,6,20,16,2,0,7,0,0,0
2010,1,0,1,1,0,30,77,77,3,0,0,0,19,34,32,14,0,7,0,0,0
2010,1,0,1,1,0,35,45,45,1,0,3,2,4,10,10,2,0,2,0,0,0
2010,1,0,1,1,0,40,56,56,3,0,2,2,2,3,3,1,0,2,0,0,0
2010,1,0,1,1,0,45,36,36,2,0,2,2,1,4,4,0,0,1,0,0,0
2010,1,0,1,1,0,50,6,6,0,0,1,1,0,0,0,0,0,0,0,0,0
2010,1,0,1,1,0,55,2,2,0,0,0,0,0,0,0,0,0,0,0,0,0
2010,1,0,1,1,0,60,5,5,1,0,1,1,1,1,1,1,0,1,0,0,0
2010,1,0,1,1,0,100,0,0,0,0,0,0,0,0,0,0,0,0,0,0,0
2010,1,0,1,1,1,0,0,0,0,0,0,0,0,0,0,0,0,0,0,0,0
2010,1,0,1,1,1,5,0,0,0,0,0,0,0,0,0,0,0,0,0,0,0
2010,1,0,1,1,1,10,0,0,0,0,0,0,0,0,0,0,0,0,0,0,0
2010,1,0,1,1,1,15,0,0,0,0,0,0,0,0,0,0,0,0,0,0,0
2010,1,0,1,1,1,20,0,0,0,0,0,0,0,0,0,0,0,0,0,0,0
2010,1,0,1,1,1,25,7,7,0,7,0,0,7,3,3,0,0,2,0,0,0
2010,1,0,1,1,1,30,8,8,0,8,2,2,8,6,6,0,0,1,0,0,0
2010,1,0,1,1,1,35,15,15,0,15,0,0,15,4,4,0,0,3,0,0,0
2010,1,0,1,1,1,40,10,10,0,10,0,0,10,1,1,0,0,0,0,0,0
2010,1,0,1,1,1,45,8,8,0,8,2,2,8,0,0,0,0,0,0,0,0
2010,1,0,1,1,1,50,3,3,0,3,0,0,3,1,1,0,0,0,0,0,0
2010,1,0,1,1,1,55,0,0,0,0,0,0,0,0,0,0,0,0,0,0,0
2010,1,0,1,1,1,60,0,0,0,0,0,0,0,0,0,0,0,0,0,0,0
2010,1,0,1,1,1,100,0,0,0,0,0,0,0,0,0,0,0,0,0,0,0
2010,1,1,0,0,0,0,5077,0,0,0,22,0,408,1047,0,0,187,0,0,0,0
2010,1,1,0,0,0,5,4608,0,0,0,0,0,0,24,0,0,0,0,0,0,0
2010,1,1,0,0,0,10,4562,0,0,0,0,0,102,108,0,0,117,0,0,0,0
2010,1,1,0,0,0,15,4053,0,0,0,3,0,971,1469,0,0,733,0,0,0,0
2010,1,1,0,0,0,20,3238,0,0,0,2,0,1273,2048,0,0,931,0,0,0,0
2010,1,1,0,0,0,25,2100,0,0,0,0,0,923,1575,0,0,665,0,0,0,0
2010,1,1,0,0,0,30,1257,0,0,0,0,0,495,873,0,0,337,0,0,0,0
2010,1,1,0,0,0,35,841,0,0,0,1,0,152,421,0,0,92,0,0,0,0
2010,1,1,0,0,0,40,798,0,0,0,2,0,52,205,0,0,27,0,0,0,0
2010,1,1,0,0,0,45,595,0,0,0,1,0,5,62,0,0,1,0,0,0,0
2010,1,1,0,0,0,50,317,0,0,0,0,0,0,3,0,0,0,0,0,0,0
2010,1,1,0,0,0,55,376,0,0,0,2,0,0,0,0,0,0,0,0,0,0
2010,1,1,0,0,0,60,1675,0,0,0,41,0,0,0,0,0,0,0,0,0,0
2010,1,1,0,0,0,100,1,0,0,0,0,0,0,0,0,0,0,0,0,0,0
2010,1,1,0,0,1,0,0,0,0,0,0,0,0,0,0,0,0,0,0,0,0
2010,1,1,0,0,1,5,0,0,0,0,0,0,0,0,0,0,0,0,0,0,0
2010,1,1,0,0,1,10,0,0,0,0,0,0,0,0,0,0,0,0,0,0,0
2010,1,1,0,0,1,15,0,0,0,0,0,0,0,0,0,0,0,0,0,0,0
2010,1,1,0,0,1,20,0,0,0,0,0,0,0,0,0,0,0,0,0,0,0
2010,1,1,0,0,1,25,0,0,0,0,0,0,0,0,0,0,0,0,0,0,0
2010,1,1,0,0,1,30,0,0,0,0,0,0,0,0,0,0,0,0,0,0,0
2010,1,1,0,0,1,35,0,0,0,0,0,0,0,0,0,0,0,0,0,0,0
2010,1,1,0,0,1,40,0,0,0,0,0,0,0,0,0,0,0,0,0,0,0
2010,1,1,0,0,1,45,0,0,0,0,0,0,0,0,0,0,0,0,0,0,0
2010,1,1,0,0,1,50,0,0,0,0,0,0,0,0,0,0,0,0,0,0,0
2010,1,1,0,0,1,55,0,0,0,0,0,0,0,0,0,0,0,0,0,0,0
2010,1,1,0,0,1,60,0,0,0,0,0,0,0,0,0,0,0,0,0,0,0
2010,1,1,0,0,1,100,0,0,0,0,0,0,0,0,0,0,0,0,0,0,0
2010,1,1,0,1,0,0,177,177,25,0,21,19,20,37,37,15,0,0,0,0,0
2010,1,1,0,1,0,5,158,158,0,0,2,2,2,7,7,3,0,0,0,0,0
2010,1,1,0,1,0,10,139,139,11,0,11,11,10,12,11,10,0,5,0,0,0
2010,1,1,0,1,0,15,314,314,62,0,4,4,78,146,99,27,0,26,0,0,0
2010,1,1,0,1,0,20,804,804,77,0,7,6,252,513,394,143,0,46,0,0,0
2010,1,1,0,1,0,25,1069,1069,64,0,20,19,287,741,614,142,0,52,0,0,0
2010,1,1,0,1,0,30,980,980,51,0,38,38,250,665,567,113,0,26,0,0,0
2010,1,1,0,1,0,35,748,748,32,0,34,33,111,359,294,56,0,24,0,0,0
2010,1,1,0,1,0,40,533,533,9,0,33,32,46,157,134,23,0,21,0,0,0
2010,1,1,0,1,0,45,305,305,12,0,16,15,13,46,42,3,0,9,0,0,0
2010,1,1,0,1,0,50,97,97,6,0,7,7,2,5,5,3,0,4,0,0,0
2010,1,1,0,1,0,55,54,54,3,0,8,7,3,6,6,0,0,0,0,0,0
2010,1,1,0,1,0,60,115,115,8,0,13,11,8,11,11,5,0,1,0,0,0
2010,1,1,0,1,0,100,0,0,0,0,0,0,0,0,0,0,0,0,0,0,0
2010,1,1,0,1,1,0,6,6,0,6,0,0,6,6,6,0,0,0,0,0,0
2010,1,1,0,1,1,5,2,2,0,2,0,0,2,2,2,0,0,0,0,0,0
2010,1,1,0,1,1,10,8,8,0,8,0,0,8,8,8,0,0,0,0,0,0
2010,1,1,0,1,1,15,36,36,0,36,0,0,36,27,23,0,0,1,0,0,0
2010,1,1,0,1,1,20,101,101,0,101,1,1,101,85,82,0,0,2,0,0,0
2010,1,1,0,1,1,25,218,218,0,218,3,3,218,173,162,0,0,1,0,0,0
2010,1,1,0,1,1,30,220,220,0,220,5,5,220,168,161,0,0,2,0,0,0
2010,1,1,0,1,1,35,220,220,0,220,4,4,220,120,111,0,0,3,0,0,0
2010,1,1,0,1,1,40,145,145,0,145,7,7,145,53,48,0,0,2,0,0,0
2010,1,1,0,1,1,45,75,75,0,75,4,3,75,22,20,0,0,2,0,0,0
2010,1,1,0,1,1,50,27,27,0,27,0,0,27,8,8,0,0,0,0,0,0
2010,1,1,0,1,1,55,17,17,0,17,1,1,17,2,2,0,0,0,0,0,0
2010,1,1,0,1,1,60,33,33,0,33,1,1,33,6,6,0,0,0,0,0,0
2010,1,1,0,1,1,100,0,0,0,0,0,0,0,0,0,0,0,0,0,0,0
2010.5,1,0,0,0,0,0,5203,0,0,0,25,0,438,1218,0,0,214,0,0,0,0
2010.5,1,0,0,0,0,5,4548,0,0,0,1,0,0,62,0,0,0,0,0,0,0
2010.5,1,0,0,0,0,10,4420,0,0,0,4,0,1,1,0,0,1,0,0,0,2
2010.5,1,0,0,0,0,15,4117,0,0,0,4,0,298,348,0,0,275,0,0,0,8
2010.5,1,0,0,0,0,20,3527,0,0,0,3,0,1112,1451,0,0,853,0,0,0,16
2010.5,1,0,0,0,0,25,2399,0,0,0,1,0,846,1122,0,0,649,0,0,0,5
2010.5,1,0,0,0,0,30,1671,0,0,0,2,0,597,811,0,0,459,0,0,0,0
2010.5,1,0,0,0,0,35,1187,0,0,0,0,0,240,306,0,0,162,0,0,0,0
2010.5,1,0,0,0,0,40,828,0,0,0,2,0,0,0,0,0,0,0,0,0,0
2010.5,1,0,0,0,0,45,603,0,0,0,3,0,0,0,0,0,0,0,0,0,0
2010.5,1,0,0,0,0,50,287,0,0,0,2,0,0,0,0,0,0,0,0,0,0
2010.5,1,0,0,0,0,55,264,0,0,0,2,0,0,0,0,0,0,0,0,0,0
2010.5,1,0,0,0,0,60,894,0,0,0,38,0,0,0,0,0,0,0,0,0,0
2010.5,1,0,0,0,0,100,0,0,0,0,0,0,0,0,0,0,0,0,0,0,0
2010.5,1,0,0,0,1,0,0,0,0,0,0,0,0,0,0,0,0,0,0,0,0
2010.5,1,0,0,0,1,5,0,0,0,0,0,0,0,0,0,0,0,0,0,0,0
2010.5,1,0,0,0,1,10,0,0,0,0,0,0,0,0,0,0,0,0,0,0,0
2010.5,1,0,0,0,1,15,0,0,0,0,0,0,0,0,0,0,0,0,0,0,0
2010.5,1,0,0,0,1,20,0,0,0,0,0,0,0,0,0,0,0,0,0,0,0
2010.5,1,0,0,0,1,25,0,0,0,0,0,0,0,0,0,0,0,0,0,0,0
2010.5,1,0,0,0,1,30,0,0,0,0,0,0,0,0,0,0,0,0,0,0,0
2010.5,1,0,0,0,1,35,0,0,0,0,0,0,0,0,0,0,0,0,0,0,0
2010.5,1,0,0,0,1,40,0,0,0,0,0,0,0,0,0,0,0,0,0,0,0
2010.5,1,0,0,0,1,45,0,0,0,0,0,0,0,0,0,0,0,0,0,0,0
2010.5,1,0,0,0,1,50,0,0,0,0,0,0,0,0,0,0,0,0,0,0,0
2010.5,1,0,0,0,1,55,0,0,0,0,0,0,0,0,0,0,0,0,0,0,0
2010.5,1,0,0,0,1,60,0,0,0,0,0,0,0,0,0,0,0,0,0,0,0
2010.5,1,0,0,0,1,100,0,0,0,0,0,0,0,0,0,0,0,0,0,0,0
2010.5,1,0,0,1,0,0,141,141,27,0,25,24,14,37,37,10,0,0,0,0,0
2010.5,1,0,0,1,0,5,160,160,0,0,1,1,5,10,10,4,0,0,0,0,0
2010.5,1,0,0,1,0,10,137,137,0,0,5,5,2,4,4,2,0,0,0,0,0
2010.5,1,0,0,1,0,15,91,91,11,0,7,7,13,21,18,6,0,5,0,0,1
2010.5,1,0,0,1,0,20,313,313,25,0,4,4,64,127,98,20,0,41,0,0,1
2010.5,1,0,0,1,0,25,477,477,47,0,10,10,95,216,176,36,0,58,0,0,0
2010.5,1,0,0,1,0,30,522,522,27,0,13,13,92,221,208,40,0,42,0,0,0
2010.5,1,0,0,1,0,35,454,454,22,0,21,19,51,121,117,32,0,34,0,0,0
2010.5,1,0,0,1,0,40,372,372,36,0,27,25,16,28,28,7,0,21,0,0,0
2010.5,1,0,0,1,0,45,236,236,8,0,24,22,12,17,17,11,0,11,0,0,0
2010.5,1,0,0,1,0,50,53,53,2,0,10,8,6,7,7,3,0,5,0,0,0
2010.5,1,0,0,1,0,55,36,36,2,0,3,3,6,7,7,4,0,1,0,0,0
2010.5,1,0,0,1,0,60,55,55,9,0,13,10,3,4,4,1,0,4,0,0,0
2010.5,1,0,0,1,0,100,0,0,0,0,0,0,0,0,0,0,0,0,0,0,0
2010.5,1,0,0,1,1,0,10,10,0,10,0,0,10,10,10,0,0,0,0,0,0
2010.5,1,0,0,1,1,5,1,1,0,1,0,0,1,1,1,0,0,0,0,0,0
2010.5,1,0,0,1,1,10,1,1,0,1,0,0,1,1,1,0,0,0,0,0,0
2010.5,1,0,0,1,1,15,5,5,0,5,0,0,5,4,4,0,0,0,0,0,0
2010.5,1,0,0,1,1,20,28,28,0,28,1,1,28,27,27,0,0,0,0,0,0
2010.5,1,0,0,1,1,25,110,110,0,110,2,2,110,60,57,0,0,3,0,0,0
2010.5,1,0,0,1,1,30,166,166,0,166,3,3,166,90,84,0,0,6,0,0,0
2010.5,1,0,0,1,1,35,255,255,0,255,11,11,255,83,80,0,0,10,0,0,0
2010.5,1,0,0,1,1,40,190,190,0,190,23,23,190,18,18,0,0,5,0,0,0
2010.5,1,0,0,1,1,45,158,158,0,158,17,17,158,22,22,0,0,3,0,0,0
2010.5,1,0,0,1,1,50,47,47,0,47,5,5,47,7,7,0,0,0,0,0,0
2010.5,1,0,0,1,1,55,38,38,0,38,4,4,38,5,5,0,0,0,0,0,0
2010.5,1,0,0,1,1,60,42,42,0,42,2,1,42,4,4,0,0,0,0,0,0
2010.5,1,0,0,1,1,100,0,0,0,0,0,0,0,0,0,0,0,0,0,0,0
2010.5,1,0,1,0,0,0,0,0,0,0,0,0,0,0,0,0,0,0,0,0,0
2010.5,1,0,1,0,0,5,0,0,0,0,0,0,0,0,0,0,0,0,0,0,0
2010.5,1,0,1,0,0,10,16,0,0,0,0,0,0,0,0,0,0,0,0,0,0
2010.5,1,0,1,0,0,15,93,0,0,0,0,0,8,8,0,0,10,0,0,0,0
2010.5,1,0,1,0,0,20,251,0,0,0,0,0,100,127,0,0,79,0,0,0,0
2010.5,1,0,1,0,0,25,298,0,0,0,0,0,110,146,0,0,81,0,0,0,0
2010.5,1,0,1,0,0,30,264,0,0,0,0,0,92,123,0,0,74,0,0,0,0
2010.5,1,0,1,0,0,35,172,0,0,0,0,0,37,51,0,0,37,0,0,0,0
2010.5,1,0,1,0,0,40,136,0,0,0,1,0,0,0,0,0,0,0,0,0,0
2010.5,1,0,1,0,0,45,101,0,0,0,0,0,0,0,0,0,0,0,0,0,0
2010.5,1,0,1,0,0,50,37,0,0,0,1,0,0,0,0,0,0,0,0,0,0
2010.5,1,0,1,0,0,55,29,0,0,0,0,0,0,0,0,0,0,0,0,0,0
2010.5,1,0,1,0,0,60,85,0,0,0,0,0,0,0,0,0,0,0,0,0,0
2010.5,1,0,1,0,0,100,0,0,0,0,0,0,0,0,0,0,0,0,0,0,0
2010.5,1,0,1,0,1,0,0,0,0,0,0,0,0,0,0,0,0,0,0,0,0
2010.5,1,0,1,0,1,5,0,0,0,0,0,0,0,0,0,0,0,0,0,0,0
2010.5,1,0,1,0,1,10,0,0,0,0,0,0,0,0,0,0,0,0,0,0,0
2010.5,1,0,1,0,1,15,0,0,0,0,0,0,0,0,0,0,0,0,0,0,0
2010.5,1,0,1,0,1,20,0,0,0,0,0,0,0,0,0,0,0,0,0,0,0
2010.5,1,0,1,0,1,25,0,0,0,0,0,0,0,0,0,0,0,0,0,0,0
2010.5,1,0,1,0,1,30,0,0,0,0,0,0,0,0,0,0,0,0,0,0,0
2010.5,1,0,1,0,1,35,0,0,0,0,0,0,0,0,0,0,0,0,0,0,0
2010.5,1,0,1,0,1,40,0,0,0,0,0,0,0,0,0,0,0,0,0,0,0
2010.5,1,0,1,0,1,45,0,0,0,0,0,0,0,0,0,0,0,0,0,0,0
2010.5,1,0,1,0,1,50,0,0,0,0,0,0,0,0,0,0,0,0,0,0,0
2010.5,1,0,1,0,1,55,0,0,0,0,0,0,0,0,0,0,0,0,0,0,0
2010.5,1,0,1,0,1,60,0,0,0,0,0,0,0,0,0,0,0,0,0,0,0
2010.5,1,0,1,0,1,100,0,0,0,0,0,0,0,0,0,0,0,0,0,0,0
2010.5,1,0,1,1,0,0,0,0,0,0,0,0,0,0,0,0,0,0,0,0,0
2010.5,1,0,1,1,0,5,0,0,0,0,0,0,0,0,0,0,0,0,0,0,0
2010.5,1,0,1,1,0,10,0,0,0,0,0,0,0,0,0,0,0,0,0,0,0
2010.5,1,0,1,1,0,15,3,3,0,0,0,0,0,0,0,0,0,0,0,0,0
2010.5,1,0,1,1,0,20,19,19,1,0,0,0,3,7,7,2,0,3,0,0,0
2010.5,1,0,1,1,0,25,45,45,5,0,2,1,6,18,13,4,0,6,0,0,0
2010.5,1,0,1,1,0,30,62,62,4,0,2,2,16,30,29,10,0,7,0,0,0
2010.5,1,0,1,1,0,35,40,40,1,0,2,2,3,13,13,1,0,1,0,0,0
2010.5,1,0,1,1,0,40,44,44,2,0,1,0,2,3,3,1,0,5,0,0,0
2010.5,1,0,1,1,0,45,20,20,0,0,1,1,1,2,2,2,0,3,0,0,0
2010.5,1,0,1,1,0,50,7,7,0,0,0,0,0,1,1,0,0,1,0,0,0
2010.5,1,0,1,1,0,55,2,2,0,0,0,0,0,0,0,0,0,0,0,0,0
2010.5,1,0,1,1,0,60,2,2,0,0,0,0,0,0,0,0,0,0,0,0,0
2010.5,1,0,1,1,0,100,0,0,0,0,0,0,0,0,0,0,0,0,0,0,0
2010.5,1,0,1,1,1,0,0,0,0,0,0,0,0,0,0,0,0,0,0,0,0
2010.5,1,0,1,1,1,5,0,0,0,0,0,0,0,0,0,0,0,0,0,0,0
2010.5,1,0,1,1,1,10,0,0,0,0,0,0,0,0,0,0,0,0,0,0,0
2010.5,1,0,1,1,1,15,0,0,0,0,0,0,0,0,0,0,0,0,0,0,0
2010.5,1,0,1,1,1,20,0,0,0,0,0,0,0,0,0,0,0,0,0,0,0
2010.5,1,0,1,1,1,25,16,16,0,16,0,0,16,7,7,0,0,0,0,0,0
2010.5,1,0,1,1,1,30,18,18,0,18,0,0,18,13,13,0,0,1,0,0,0
2010.5,1,0,1,1,1,35,28,28,0,28,3,3,28,6,6,0,0,0,0,0,0
2010.5,1,0,1,1,1,40,21,21,0,21,1,1,21,2,2,0,0,0,0,0,0
2010.5,1,0,1,1,1,45,22,22,0,22,1,1,22,1,1,0,0,0,0,0,0
2010.5,1,0,1,1,1,50,6,6,0,6,0,0,6,1,1,0,0,0,0,0,0
2010.5,1,0,1,1,1,55,0,0,0,0,0,0,0,0,0,0,0,0,0,0,0
2010.5,1,0,1,1,1,60,3,3,0,3,0,0,3,1,1,0,0,0,0,0,0
2010.5,1,0,1,1,1,100,0,0,0,0,0,0,0,0,0,0,0,0,0,0,0
2010.5,1,1,0,0,0,0,5110,0,0,0,21,0,408,1208,0,0,197,0,0,0,0
2010.5,1,1,0,0,0,5,4609,0,0,0,2,0,0,55,0,0,0,0,0,0,0
2010.5,1,1,0,0,0,10,4606,0,0,0,0,0,89,97,0,0,102,0,0,0,0
2010.5,1,1,0,0,0,15,4038,0,0,0,1,0,991,1523,0,0,716,0,0,0,0
2010.5,1,1,0,0,0,20,3275,0,0,0,0,0,1362,2194,0,0,1061,0,0,0,0
2010.5,1,1,0,0,0,25,2166,0,0,0,2,0,975,1711,0,0,702,0,0,0,0
2010.5,1,1,0,0,0,30,1279,0,0,0,3,0,533,950,0,0,392,0,0,0,0
2010.5,1,1,0,0,0,35,875,0,0,0,0,0,173,491,0,0,99,0,0,0,0
2010.5,1,1,0,0,0,40,770,0,0,0,1,0,60,228,0,0,31,0,0,0,0
2010.5,1,1,0,0,0,45,629,0,0,0,0,0,6,71,0,0,2,0,0,0,0
2010.5,1,1,0,0,0,50,314,0,0,0,1,0,0,4,0,0,0,0,0,0,0
2010.5,1,1,0,0,0,55,362,0,0,0,0,0,0,0,0,0,0,0,0,0,0
2010.5,1,1,0,0,0,60,1674,0,0,0,31,0,0,0,0,0,0,0,0,0,0
2010.5,1,1,0,0,0,100,2,0,0,0,0,0,0,0,0,0,0,0,0,0,0
2010.5,1,1,0,0,1,0,0,0,0,0,0,0,0,0,0,0,0,0,0,0,0
2010.5,1,1,0,0,1,5,0,0,0,0,0,0,0,0,0,0,0,0,0,0,0
2010.5,1,1,0,0,1,10,0,0,0,0,0,0,0,0,0,0,0,0,0,0,0
2010.5,1,1,0,0,1,15,0,0,0,0,0,0,0,0,0,0,0,0,0,0,0
2010.5,1,1,0,0,1,20,0,0,0,0,0,0,0,0,0,0,0,0,0,0,0
2010.5,1,1,0,0,1,25,0,0,0,0,0,0,0,0,0,0,0,0,0,0,0
2010.5,1,1,0,0,1,30,0,0,0,0,0,0,0,0,0,0,0,0,0,0,0
2010.5,1,1,0,0,1,35,0,0,0,0,0,0,0,0,0,0,0,0,0,0,0
2010.5,1,1,0,0,1,40,0,0,0,0,0,0,0,0,0,0,0,0,0,0,0
2010.5,1,1,0,0,1,45,0,0,0,0,0,0,0,0,0,0,0,0,0,0,0
2010.5,1,1,0,0,1,50,0,0,0,0,0,0,0,0,0,0,0,0,0,0,0
2010.5,1,1,0,0,1,55,0,0,0,0,0,0,0,0,0,0,0,0,0,0,0
2010.5,1,1,0,0,1,60,0,0,0,0,0,0,0,0,0,0,0,0,0,0,0
2010.5,1,1,0,0,1,100,0,0,0,0,0,0,0,0,0,0,0,0,0,0,0
2010.5,1,1,0,1,0,0,163,163,24,0,21,20,18,32,32,15,0,0,0,0,0
2010.5,1,1,0,1,0,5,153,153,0,0,0,0,1,11,11,0,0,0,0,0,0
2010.5,1,1,0,1,0,10,146,146,13,0,5,5,10,10,10,11,0,4,0,0,0
2010.5,1,1,0,1,0,15,296,296,45,0,8,8,65,144,92,30,0,15,0,0,0
2010.5,1,1,0,1,0,20,710,710,73,0,9,9,220,465,362,110,0,43,0,0,0
2010.5,1,1,0,1,0,25,896,896,49,0,18,17,258,657,542,140,0,34,0,0,0
2010.5,1,1,0,1,0,30,843,843,39,0,25,25,216,590,497,102,0,23,0,0,0
2010.5,1,1,0,1,0,35,528,528,25,0,22,22,78,281,216,44,0,29,0,0,0
2010.5,1,1,0,1,0,40,375,375,11,0,35,33,33,113,92,20,0,12,0,0,0
2010.5,1,1,0,1,0,45,218,218,8,0,16,14,14,38,30,11,0,14,0,0,0
2010.5,1,1,0,1,0,50,71,71,4,0,10,10,0,0,0,1,0,2,0,0,0
2010.5,1,1,0,1,0,55,39,39,4,0,2,2,2,4,4,1,0,0,0,0,0
2010.5,1,1,0,1,0,60,79,79,5,0,8,6,5,7,7,1,0,3,0,0,0
2010.5,1,1,0,1,0,100,0,0,0,0,0,0,0,0,0,0,0,0,0,0,0
2010.5,1,1,0,1,1,0,8,8,0,8,0,0,8,8,8,0,0,0,0,0,0
2010.5,1,1,0,1,1,5,2,2,0,2,0,0,2,2,2,0,0,0,0,0,0
2010.5,1,1,0,1,1,10,11,11,0,11,0,0,11,11,11,0,0,0,0,0,0
2010.5,1,1,0,1,1,15,53,53,0,53,2,2,53,35,30,0,0,1,0,0,0
2010.5,1,1,0,1,1,20,194,194,0,194,2,2,194,156,140,0,0,3,0,0,0
2010.5,1,1,0,1,1,25,404,404,0,404,3,3,404,315,291,0,0,3,0,0,0
2010.5,1,1,0,1,1,30,403,403,0,403,7,6,403,299,275,0,0,1,0,0,0
2010.5,1,1,0,1,1,35,439,439,0,439,14,14,439,237,218,0,0,6,0,0,0
2010.5,1,1,0,1,1,40,295,295,0,295,13,13,295,102,95,0,0,3,0,0,0
2010.5,1,1,0,1,1,45,182,182,0,182,10,10,182,45,39,0,0,4,0,0,0
2010.5,1,1,0,1,1,50,58,58,0,58,2,2,58,10,10,0,0,1,0,0,0
2010.5,1,1,0,1,1,55,32,32,0,32,2,2,32,5,5,0,0,0,0,0,0
2010.5,1,1,0,1,1,60,64,64,0,64,5,2,64,9,9,0,0,1,0,0,0
2010.5,1,1,0,1,1,100,0,0,0,0,0,0,0,0,0,0,0,0,0,0,0
2011,1,0,0,0,0,0,5266,0,0,0,36,0,442,1362,0,0,201,0,0,0,0
2011,1,0,0,0,0,5,4563,0,0,0,2,0,0,112,0,0,0,0,0,0,0
2011,1,0,0,0,0,10,4435,0,0,0,1,0,2,2,0,0,2,0,0,0,4
2011,1,0,0,0,0,15,4178,0,0,0,1,0,313,362,0,0,266,0,0,0,13
2011,1,0,0,0,0,20,3524,0,0,0,4,0,1191,1588,0,0,933,0,0,0,13
2011,1,0,0,0,0,25,2480,0,0,0,2,0,917,1277,0,0,662,0,0,0,5
2011,1,0,0,0,0,30,1692,0,0,0,3,0,669,913,0,0,499,0,0,0,1
2011,1,0,0,0,0,35,1197,0,0,0,2,0,304,411,0,0,197,0,0,0,0
2011,1,0,0,0,0,40,841,0,0,0,2,0,0,0,0,0,0,0,0,0,0
2011,1,0,0,0,0,45,610,0,0,0,1,0,0,0,0,0,0,0,0,0,0
2011,1,0,0,0,0,50,316,0,0,0,4,0,0,0,0,0,0,0,0,0,0
2011,1,0,0,0,0,55,260,0,0,0,2,0,0,0,0,0,0,0,0,0,0
2011,1,0,0,0,0,60,888,0,0,0,26,0,0,0,0,0,0,0,0,0,0
2011,1,0,0,0,0,100,0,0,0,0,0,0,0,0,0,0,0,0,0,0,0
2011,1,0,0,0,1,0,0,0,0,0,0,0,0,0,0,0,0,0,0,0,0
2011,1,0,0,0,1,5,0,0,0,0,0,0,0,0,0,0,0,0,0,0,0
2011,1,0,0,0,1,10,0,0,0,0,0,0,0,0,0,0,0,0,0,0,0
2011,1,0,0,0,1,15,0,0,0,0,0,0,0,0,0,0,0,0,0,0,0
2011,1,0,0,0,1,20,0,0,0,0,0,0,0,0,0,0,0,0,0,0,0
2011,1,0,0,0,1,25,0,0,0,0,0,0,0,0,0,0,0,0,0,0,0
2011,1,0,0,0,1,30,0,0,0,0,0,0,0,0,0,0,0,0,0,0,0
2011,1,0,0,0,1,35,0,0,0,0,0,0,0,0,0,0,0,0,0,0,0
2011,1,0,0,0,1,40,0,0,0,0,0,0,0,0,0,0,0,0,0,0,0
2011,1,0,0,0,1,45,0,0,0,0,0,0,0,0,0,0,0,0,0,0,0
2011,1,0,0,0,1,50,0,0,0,0,0,0,0,0,0,0,0,0,0,0,0
2011,1,0,0,0,1,55,0,0,0,0,0,0,0,0,0,0,0,0,0,0,0
2011,1,0,0,0,1,60,0,0,0,0,0,0,0,0,0,0,0,0,0,0,0
2011,1,0,0,0,1,100,0,0,0,0,0,0,0,0,0,0,0,0,0,0,0
2011,1,0,0,1,0,0,128,128,14,0,11,11,8,31,31,4,0,0,0,0,0
2011,1,0,0,1,0,5,154,154,0,0,4,4,1,7,7,0,0,0,0,0,0
2011,1,0,0,1,0,10,130,130,0,0,3,3,2,3,3,2,0,0,0,0,0
2011,1,0,0,1,0,15,100,100,14,0,2,2,12,17,15,6,0,8,0,0,0
2011,1,0,0,1,0,20,284,284,18,0,2,2,46,126,103,26,0,36,0,0,1
2011,1,0,0,1,0,25,494,494,42,0,6,4,91,232,193,46,0,63,0,0,2
2011,1,0,0,1,0,30,498,498,27,0,14,14,83,223,207,49,0,38,0,0,0
2011,1,0,0,1,0,35,414,414,19,0,26,24,53,137,131,26,0,24,0,0,0
2011,1,0,0,1,0,40,347,347,24,0,16,14,7,19,19,5,0,24,0,0,0
2011,1,0,0,1,0,45,213,213,6,0,12,10,9,14,14,6,0,15,0,0,0
2011,1,0,0,1,0,50,54,54,3,0,3,3,3,6,6,2,0,1,0,0,0
2011,1,0,0,1,0,55,38,38,6,0,4,3,2,7,7,0,0,2,0,0,0
2011,1,0,0,1,0,60,44,44,1,0,2,1,4,6,6,4,0,2,0,0,0
2011,1,0,0,1,0,100,0,0,0,0,0,0,0,0,0,0,0,0,0,0,0
2011,1,0,0,1,1,0,9,9,0,9,0,0,9,9,9,0,0,0,0,0,0
2011,1,0,0,1,1,5,4,4,0,4,0,0,4,4,4,0,0,0,0,0,0
2011,1,0,0,1,1,10,4,4,0,4,0,0,4,4,4,0,0,0,0,0,0
2011,1,0,0,1,1,15,4,4,0,4,1,1,4,4,4,0,0,1,0,0,0
2011,1,0,0,1,1,20,30,30,0,30,0,0,30,25,25,0,0,1,0,0,0
2011,1,0,0,1,1,25,124,124,0,124,1,1,124,72,67,0,0,2,0,0,0
2011,1,0,0,1,1,30,193,193,0,193,3,3,193,113,105,0,0,7,0,0,0
2011,1,0,0,1,1,35,285,285,0,285,8,8,285,101,97,0,0,7,0,0,0
2011,1,0,0,1,1,40,215,215,0,215,15,15,215,23,23,0,0,6,0,0,0
2011,1,0,0,1,1,45,199,199,0,199,9,9,199,27,27,0,0,8,0,0,0
2011,1,0,0,1,1,50,52,52,0,52,5,5,52,9,9,0,0,2,0,0,0
2011,1,0,0,1,1,55,46,46,0,46,0,0,46,7,7,0,0,0,0,0,0
2011,1,0,0,1,1,60,49,49,0,49,3,3,49,5,5,0,0,2,0,0,0
2011,1,0,0,1,1,100,0,0,0,0,0,0,0,0,0,0,0,0,0,0,0
2011,1,0,1,0,0,0,0,0,0,0,0,0,0,0,0,0,0,0,0,0,0
2011,1,0,1,0,0,5,0,0,0,0,0,0,0,0,0,0,0,0,0,0,0
2011,1,0,1,0,0,10,16,0,0,0,0,0,0,0,0,0,0,0,0,0,0
2011,1,0,1,0,0,15,87,0,0,0,0,0,8,9,0,0,8,0,0,0,0
2011,1,0,1,0,0,20,263,0,0,0,1,0,101,130,0,0,75,0,0,0,0
2011,1,0,1,0,0,25,293,0,0,0,0,0,109,156,0,0,77,0,0,0,0
2011,1,0,1,0,0,30,271,0,0,0,0,0,108,140,0,0,79,0,0,0,0
2011,1,0,1,0,0,35,181,0,0,0,1,0,55,70,0,0,38,0,0,0,0
2011,1,0,1,0,0,40,138,0,0,0,0,0,0,0,0,0,0,0,0,0,0
2011,1,0,1,0,0,45,96,0,0,0,0,0,0,0,0,0,0,0,0,0,0
2011,1,0,1,0,0,50,44,0,0,0,1,0,0,0,0,0,0,0,0,0,0
2011,1,0,1,0,0,55,31,0,0,0,0,0,0,0,0,0,0,0,0,0,0
2011,1,0,1,0,0,60,87,0,0,0,2,0,0,0,0,0,0,0,0,0,0
2011,1,0,1,0,0,100,0,0,0,0,0,0,0,0,0,0,0,0,0,0,0
2011,1,0,1,0,1,0,0,0,0,0,0,0,0,0,0,0,0,0,0,0,0
2011,1,0,1,0,1,5,0,0,0,0,0,0,0,0,0,0,0,0,0,0,0
2011,1,0,1,0,1,10,0,0,0,0,0,0,0,0,0,0,0,0,0,0,0
2011,1,0,1,0,1,15,0,0,0,0,0,0,0,0,0,0,0,0,0,0,0
2011,1,0,1,0,1,20,0,0,0,0,0,0,0,0,0,0,0,0,0,0,0
2011,1,0,1,0,1,25,0,0,0,0,0,0,0,0,0,0,0,0,0,0,0
2011,1,0,1,0,1,30,0,0,0,0,0,0,0,0,0,0,0,0,0,0,0
2011,1,0,1,0,1,35,0,0,0,0,0,0,0,0,0,0,0,0,0,0,0
2011,1,0,1,0,1,40,0,0,0,0,0,0,0,0,0,0,0,0,0,0,0
2011,1,0,1,0,1,45,0,0,0,0,0,0,0,0,0,0,0,0,0,0,0
2011,1,0,1,0,1,50,0,0,0,0,0,0,0,0,0,0,0,0,0,0,0
2011,1,0,1,0,1,55,0,0,0,0,0,0,0,0,0,0,0,0,0,0,0
2011,1,0,1,0,1,60,0,0,0,0,0,0,0,0,0,0,0,0,0,0,0
2011,1,0,1,0,1,100,0,0,0,0,0,0,0,0,0,0,0,0,0,0,0
2011,1,0,1,1,0,0,0,0,0,0,0,0,0,0,0,0,0,0,0,0,0
2011,1,0,1,1,0,5,0,0,0,0,0,0,0,0,0,0,0,0,0,0,0
2011,1,0,1,1,0,10,0,0,0,0,0,0,0,0,0,0,0,0,0,0,0
2011,1,0,1,1,0,15,3,3,0,0,0,0,1,1,1,1,0,0,0,0,0
2011,1,0,1,1,0,20,15,15,1,0,1,1,4,8,6,2,0,5,0,0,0
2011,1,0,1,1,0,25,46,46,3,0,1,0,6,20,16,4,0,8,0,0,0
2011,1,0,1,1,0,30,59,59,1,0,2,2,14,32,30,6,0,5,0,0,0
2011,1,0,1,1,0,35,34,34,2,0,3,3,5,13,13,4,0,2,0,0,0
2011,1,0,1,1,0,40,37,37,2,0,0,0,2,2,2,0,0,4,0,0,0
2011,1,0,1,1,0,45,23,23,0,0,1,1,2,2,2,1,0,1,0,0,0
2011,1,0,1,1,0,50,9,9,0,0,1,1,1,2,2,1,0,0,0,0,0
2011,1,0,1,1,0,55,1,1,0,0,0,0,0,0,0,0,0,0,0,0,0
2011,1,0,1,1,0,60,3,3,0,0,0,0,0,0,0,0,0,1,0,0,0
2011,1,0,1,1,0,100,0,0,0,0,0,0,0,0,0,0,0,0,0,0,0
2011,1,0,1,1,1,0,0,0,0,0,0,0,0,0,0,0,0,0,0,0,0
2011,1,0,1,1,1,5,0,0,0,0,0,0,0,0,0,0,0,0,0,0,0
2011,1,0,1,1,1,10,0,0,0,0,0,0,0,0,0,0,0,0,0,0,0
2011,1,0,1,1,1,15,0,0,0,0,0,0,0,0,0,0,0,0,0,0,0
2011,1,0,1,1,1,20,0,0,0,0,0,0,0,0,0,0,0,0,0,0,0
2011,1,0,1,1,1,25,16,16,0,16,0,0,16,8,8,0,0,0,0,0,0
2011,1,0,1,1,1,30,20,20,0,20,0,0,20,12,12,0,0,1,0,0,0
2011,1,0,1,1,1,35,32,32,0,32,0,0,32,10,10,0,0,2,0,0,0
2011,1,0,1,1,1,40,28,28,0,28,2,2,28,1,1,0,0,0,0,0,0
2011,1,0,1,1,1,45,21,21,0,21,0,0,21,1,1,0,0,0,0,0,0
2011,1,0,1,1,1,50,6,6,0,6,1,1,6,1,1,0,0,0,0,0,0
2011,1,0,1,1,1,55,1,1,0,1,0,0,1,0,0,0,0,0,0,0,0
2011,1,0,1,1,1,60,3,3,0,3,0,0,3,1,1,0,0,0,0,0,0
2011,1,0,1,1,1,100,0,0,0,0,0,0,0,0,0,0,0,0,0,0,0
2011,1,1,0,0,0,0,5184,0,0,0,18,0,417,1351,0,0,185,0,0,0,0
2011,1,1,0,0,0,5,4632,0,0,0,0,0,0,93,0,0,0,0,0,0,0
2011,1,1,0,0,0,10,4616,0,0,0,1,0,92,96,0,0,113,0,0,0,0
2011,1,1,0,0,0,15,4020,0,0,0,0,0,1029,1582,0,0,762,0,0,0,0
2011,1,1,0,0,0,20,3318,0,0,0,1,0,1421,2299,0,0,1017,0,0,0,0
2011,1,1,0,0,0,25,2182,0,0,0,4,0,1028,1786,0,0,774,0,0,0,0
2011,1,1,0,0,0,30,1327,0,0,0,0,0,580,1052,0,0,422,0,0,0,0
2011,1,1,0,0,0,35,872,0,0,0,1,0,196,530,0,0,120,0,0,0,0
2011,1,1,0,0,0,40,764,0,0,0,2,0,54,248,0,0,30,0,0,0,0
2011,1,1,0,0,0,45,633,0,0,0,0,0,6,82,0,0,1,0,0,0,0
2011,1,1,0,0,0,50,334,0,0,0,1,0,0,8,0,0,0,0,0,0,0
2011,1,1,0,0,0,55,355,0,0,0,2,0,0,0,0,0,0,0,0,0,0
2011,1,1,0,0,0,60,1676,0,0,0,34,0,0,0,0,0,0,0,0,0,0
2011,1,1,0,0,0,100,2,0,0,0,0,0,0,0,0,0,0,0,0,0,0
2011,1,1,0,0,1,0,0,0,0,0,0,0,0,0,0,0,0,0,0,0,0
2011,1,1,0,0,1,5,0,0,0,0,0,0,0,0,0,0,0,0,0,0,0
2011,1,1,0,0,1,10,0,0,0,0,0,0,0,0,0,0,0,0,0,0,0
2011,1,1,0,0,1,15,0,0,0,0,0,0,0,0,0,0,0,0,0,0,0
2011,1,1,0,0,1,20,0,0,0,0,0,0,0,0,0,0,0,0,0,0,0
2011,1,1,0,0,1,25,0,0,0,0,0,0,0,0,0,0,0,0,0,0,0
2011,1,1,0,0,1,30,0,0,0,0,0,0,0,0,0,0,0,0,0,0,0
2011,1,1,0,0,1,35,0,0,0,0,0,0,0,0,0,0,0,0,0,0,0
2011,1,1,0,0,1,40,0,0,0,0,0,0,0,0,0,0,0,0,0,0,0
2011,1,1,0,0,1,45,0,0,0,0,0,0,0,0,0,0,0,0,0,0,0
2011,1,1,0,0,1,50,0,0,0,0,0,0,0,0,0,0,0,0,0,0,0
2011,1,1,0,0,1,55,0,0,0,0,0,0,0,0,0,0,0,0,0,0,0
2011,1,1,0,0,1,60,0,0,0,0,0,0,0,0,0,0,0,0,0,0,0
2011,1,1,0,0,1,100,0,0,0,0,0,0,0,0,0,0,0,0,0,0,0
2011,1,1,0,1,0,0,136,136,14,0,10,9,17,32,32,11,0,0,0,0,0
2011,1,1,0,1,0,5,167,167,0,0,3,3,3,15,15,3,0,0,0,0,0
2011,1,1,0,1,0,10,141,141,12,0,11,11,15,17,16,14,0,0,0,0,0
2011,1,1,0,1,0,15,280,280,40,0,3,3,63,136,94,40,0,14,0,0,0
2011,1,1,0,1,0,20,700,700,75,0,11,11,222,493,373,129,0,44,0,0,0
2011,1,1,0,1,0,25,824,824,56,0,15,15,214,624,493,110,0,36,0,0,0
2011,1,1,0,1,0,30,792,792,38,0,22,20,203,599,503,114,0,14,0,0,0
2011,1,1,0,1,0,35,514,514,22,0,17,15,72,289,222,35,0,20,0,0,0
2011,1,1,0,1,0,40,343,343,15,0,11,10,32,112,85,24,0,8,0,0,0
2011,1,1,0,1,0,45,203,203,7,0,13,13,11,33,22,7,0,8,0,0,0
2011,1,1,0,1,0,50,68,68,5,0,1,1,2,4,3,3,0,2,0,0,0
2011,1,1,0,1,0,55,36,36,3,0,5,4,4,4,4,3,0,2,0,0,0
2011,1,1,0,1,0,60,76,76,5,0,4,3,6,11,11,6,0,0,0,0,0
2011,1,1,0,1,0,100,0,0,0,0,0,0,0,0,0,0,0,0,0,0,0
2011,1,1,0,1,1,0,9,9,0,9,1,1,9,9,9,0,0,0,0,0,0
2011,1,1,0,1,1,5,2,2,0,2,0,0,2,2,2,0,0,0,0,0,0
2011,1,1,0,1,1,10,11,11,0,11,0,0,11,11,11,0,0,0,0,0,0
2011,1,1,0,1,1,15,54,54,0,54,0,0,54,37,33,0,0,0,0,0,0
2011,1,1,0,1,1,20,227,227,0,227,0,0,227,181,160,0,0,4,0,0,0
2011,1,1,0,1,1,25,475,475,0,475,5,5,475,379,352,0,0,4,0,0,0
2011,1,1,0,1,1,30,482,482,0,482,8,7,482,370,339,0,0,6,0,0,0
2011,1,1,0,1,1,35,495,495,0,495,7,7,495,277,254,0,0,3,0,0,0
2011,1,1,0,1,1,40,322,322,0,322,16,15,322,127,119,0,0,2,0,0,0
2011,1,1,0,1,1,45,218,218,0,218,6,5,218,56,48,0,0,2,0,0,0
2011,1,1,0,1,1,50,83,83,0,83,2,2,83,14,14,0,0,0,0,0,0
2011,1,1,0,1,1,55,39,39,0,39,0,0,39,7,7,0,0,0,0,0,0
2011,1,1,0,1,1,60,67,67,0,67,7,2,67,8,8,0,0,0,0,0,0
2011,1,1,0,1,1,100,0,0,0,0,0,0,0,0,0,0,0,0,0,0,0
2011.5,1,0,0,0,0,0,5295,0,0,0,26,0,435,1498,0,0,205,0,0,0,0
2011.5,1,0,0,0,0,5,4616,0,0,0,5,0,0,175,0,0,0,0,0,0,0
2011.5,1,0,0,0,0,10,4439,0,0,0,1,0,3,3,0,0,2,0,0,0,4
2011.5,1,0,0,0,0,15,4162,0,0,0,4,0,310,369,0,0,291,0,0,0,16
2011.5,1,0,0,0,0,20,3613,0,0,0,2,0,1315,1744,0,0,973,0,0,0,15
2011.5,1,0,0,0,0,25,2531,0,0,0,4,0,1005,1395,0,0,799,0,0,0,6
2011.5,1,0,0,0,0,30,1687,0,0,0,2,0,724,980,0,0,535,0,0,0,1
2011.5,1,0,0,0,0,35,1220,0,0,0,3,0,367,529,0,0,225,0,0,0,0
2011.5,1,0,0,0,0,40,861,0,0,0,2,0,0,1,0,0,0,0,0,0,0
2011.5,1,0,0,0,0,45,594,0,0,0,1,0,0,0,0,0,0,0,0,0,0
2011.5,1,0,0,0,0,50,345,0,0,0,2,0,0,0,0,0,0,0,0,0,0
2011.5,1,0,0,0,0,55,253,0,0,0,1,0,0,0,0,0,0,0,0,0,0
2011.5,1,0,0,0,0,60,891,0,0,0,34,0,0,0,0,0,0,0,0,0,0
2011.5,1,0,0,0,0,100,0,0,0,0,0,0,0,0,0,0,0,0,0,0,0
2011.5,1,0,0,0,1,0,0,0,0,0,0,0,0,0,0,0,0,0,0,0,0
2011.5,1,0,0,0,1,5,0,0,0,0,0,0,0,0,0,0,0,0,0,0,0
2011.5,1,0,0,0,1,10,0,0,0,0,0,0,0,0,0,0,0,0,0,0,0
2011.5,1,0,0,0,1,15,0,0,0,0,0,0,0,0,0,0,0,0,0,0,0
2011.5,1,0,0,0,1,20,0,0,0,0,0,0,0,0,0,0,0,0,0,0,0
2011.5,1,0,0,0,1,25,0,0,0,0,0,0,0,0,0,0,0,0,0,0,0
2011.5,1,0,0,0,1,30,0,0,0,0,0,0,0,0,0,0,0,0,0,0,0
2011.5,1,0,0,0,1,35,0,0,0,0,0,0,0,0,0,0,0,0,0,0,0
2011.5,1,0,0,0,1,40,0,0,0,0,0,0,0,0,0,0,0,0,0,0,0
2011.5,1,0,0,0,1,45,0,0,0,0,0,0,0,0,0,0,0,0,0,0,0
2011.5,1,0,0,0,1,50,0,0,0,0,0,0,0,0,0,0,0,0,0,0,0
2011.5,1,0,0,0,1,55,0,0,0,0,0,0,0,0,0,0,0,0,0,0,0
2011.5,1,0,0,0,1,60,0,0,0,0,0,0,0,0,0,0,0,0,0,0,0
2011.5,1,0,0,0,1,100,0,0,0,0,0,0,0,0,0,0,0,0,0,0,0
2011.5,1,0,0,1,0,0,112,112,7,0,5,5,6,26,26,7,0,0,0,0,0
2011.5,1,0,0,1,0,5,148,148,0,0,2,2,2,10,10,4,0,0,0,0,0
2011.5,1,0,0,1,0,10,133,133,0,0,3,3,5,6,6,5,0,0,0,0,0
2011.5,1,0,0,1,0,15,107,107,15,0,1,1,7,14,14,5,0,8,0,0,0
2011.5,1,0,0,1,0,20,259,259,25,0,3,3,48,117,95,30,0,36,0,0,1
2011.5,1,0,0,1,0,25,488,488,42,0,1,1,109,270,227,54,0,52,0,0,2
2011.5,1,0,0,1,0,30,493,493,27,0,7,6,96,236,217,52,0,41,0,0,0
2011.5,1,0,0,1,0,35,374,374,17,0,19,17,50,144,135,31,0,17,0,0,0
2011.5,1,0,0,1,0,40,328,328,29,0,15,14,10,17,17,10,0,18,0,0,0
2011.5,1,0,0,1,0,45,209,209,7,0,8,7,5,12,12,3,0,9,0,0,0
2011.5,1,0,0,1,0,50,57,57,7,0,1,1,4,8,8,3,0,2,0,0,0
2011.5,1,0,0,1,0,55,27,27,1,0,4,4,2,5,5,1,0,2,0,0,0
2011.5,1,0,0,1,0,60,42,42,4,0,2,2,4,5,5,3,0,2,0,0,0
2011.5,1,0,0,1,0,100,0,0,0,0,0,0,0,0,0,0,0,0,0,0,0
2011.5,1,0,0,1,1,0,14,14,0,14,0,0,14,14,14,0,0,0,0,0,0
2011.5,1,0,0,1,1,5,5,5,0,5,0,0,5,5,5,0,0,0,0,0,0
2011.5,1,0,0,1,1,10,4,4,0,4,1,1,4,4,4,0,0,0,0,0,0
2011.5,1,0,0,1,1,15,5,5,0,5,0,0,5,5,5,0,0,0,0,0,0
2011.5,1,0,0,1,1,20,33,33,0,33,0,0,33,28,28,0,0,0,0,0,0
2011.5,1,0,0,1,1,25,154,154,0,154,1,1,154,95,88,0,0,2,0,0,1
2011.5,1,0,0,1,1,30,229,229,0,229,1,1,229,142,132,0,0,2,0,0,1
2011.5,1,0,0,1,1,35,297,297,0,297,11,11,297,125,119,0,0,6,0,0,0
2011.5,1,0,0,1,1,40,250,250,0,250,12,11,250,24,24,0,0,5,0,0,0
2011.5,1,0,0,1,1,45,218,218,0,218,16,11,218,28,28,0,0,2,0,0,0
2011.5,1,0,0,1,1,50,70,70,0,70,4,3,70,10,10,0,0,0,0,0,0
2011.5,1,0,0,1,1,55,54,54,0,54,5,4,54,7,7,0,0,0,0,0,0
2011.5,1,0,0,1,1,60,56,56,0,56,4,2,56,7,7,0,0,1,0,0,0
2011.5,1,0,0,1,1,100,0,0,0,0,0,0,0,0,0,0,0,0,0,0,0
2011.5,1,0,1,0,0,0,0,0,0,0,0,0,0,0,0,0,0,0,0,0,0
2011.5,1,0,1,0,0,5,0,0,0,0,0,0,0,0,0,0,0,0,0,0,0
2011.5,1,0,1,0,0,10,19,0,0,0,0,0,0,0,0,0,0,0,0,0,0
2011.5,1,0,1,0,0,15,87,0,0,0,0,0,9,9,0,0,4,0,0,0,0
2011.5,1,0,1,0,0,20,250,0,0,0,2,0,88,127,0,0,58,0,0,0,0
2011.5,1,0,1,0,0,25,303,0,0,0,0,0,111,172,0,0,75,0,0,0,0
2011.5,1,0,1,0,0,30,284,0,0,0,0,0,115,154,0,0,80,0,0,0,0
2011.5,1,0,1,0,0,35,179,0,0,0,0,0,58,84,0,0,39,0,0,0,0
2011.5,1,0,1,0,0,40,143,0,0,0,0,0,0,0,0,0,0,0,0,0,0
2011.5,1,0,1,0,0,45,101,0,0,0,1,0,0,0,0,0,0,0,0,0,0
2011.5,1,0,1,0,0,50,42,0,0,0,0,0,0,0,0,0,0,0,0,0,0
2011.5,1,0,1,0,0,55,34,0,0,0,0,0,0,0,0,0,0,0,0,0,0
2011.5,1,0,1,0,0,60,84,0,0,0,4,0,0,0,0,0,0,0,0,0,0
2011.5,1,0,1,0,0,100,0,0,0,0,0,0,0,0,0,0,0,0,0,0,0
2011.5,1,0,1,0,1,0,0,0,0,0,0,0,0,0,0,0,0,0,0,0,0
2011.5,1,0,1,0,1,5,0,0,0,0,0,0,0,0,0,0,0,0,0,0,0
2011.5,1,0,1,0,1,10,0,0,0,0,0,0,0,0,0,0,0,0,0,0,0
2011.5,1,0,1,0,1,15,0,0,0,0,0,0,0,0,0,0,0,0,0,0,0
2011.5,1,0,1,0,1,20,0,0,0,0,0,0,0,0,0,0,0,0,0,0,0
2011.5,1,0,1,0,1,25,0,0,0,0,0,0,0,0,0,0,0,0,0,0,0
2011.5,1,0,1,0,1,30,0,0,0,0,0,0,0,0,0,0,0,0,0,0,0
2011.5,1,0,1,0,1,35,0,0,0,0,0,0,0,0,0,0,0,0,0,0,0
2011.5,1,0,1,0,1,40,0,0,0,0,0,0,0,0,0,0,0,0,0,0,0
2011.5,1,0,1,0,1,45,0,0,0,0,0,0,0,0,0,0,0,0,0,0,0
2011.5,1,0,1,0,1,50,0,0,0,0,0,0,0,0,0,0,0,0,0,0,0
2011.5,1,0,1,0,1,55,0,0,0,0,0,0,0,0,0,0,0,0,0,0,0
2011.5,1,0,1,0,1,60,0,0,0,0,0,0,0,0,0,0,0,0,0,0,0
2011.5,1,0,1,0,1,100,0,0,0,0,0,0,0,0,0,0,0,0,0,0,0
2011.5,1,0,1,1,0,0,0,0,0,0,0,0,0,0,0,0,0,0,0,0,0
2011.5,1,0,1,1,0,5,0,0,0,0,0,0,0,0,0,0,0,0,0,0,0
2011.5,1,0,1,1,0,10,0,0,0,0,0,0,0,0,0,0,0,0,0,0,0
2011.5,1,0,1,1,0,15,3,3,1,0,0,0,1,1,1,0,0,1,0,0,0
2011.5,1,0,1,1,0,20,17,17,4,0,0,0,5,9,6,2,0,3,0,0,0
2011.5,1,0,1,1,0,25,42,42,2,0,0,0,6,19,18,3,0,5,0,0,0
2011.5,1,0,1,1,0,30,50,50,1,0,2,2,9,29,26,6,0,2,0,0,0
2011.5,1,0,1,1,0,35,33,33,1,0,2,2,2,12,12,0,0,0,0,0,0
2011.5,1,0,1,1,0,40,30,30,0,0,1,1,0,1,1,0,0,2,0,0,0
2011.5,1,0,1,1,0,45,26,26,2,0,1,0,0,1,1,0,0,2,0,0,0
2011.5,1,0,1,1,0,50,9,9,2,0,3,3,0,0,0,0,0,0,0,0,0
2011.5,1,0,1,1,0,55,0,0,0,0,0,0,0,0,0,0,0,0,0,0,0
2011.5,1,0,1,1,0,60,3,3,0,0,1,1,0,0,0,0,0,0,0,0,0
2011.5,1,0,1,1,0,100,0,0,0,0,0,0,0,0,0,0,0,0,0,0,0
2011.5,1,0,1,1,1,0,0,0,0,0,0,0,0,0,0,0,0,0,0,0,0
2011.5,1,0,1,1,1,5,0,0,0,0,0,0,0,0,0,0,0,0,0,0,0
2011.5,1,0,1,1,1,10,0,0,0,0,0,0,0,0,0,0,0,0,0,0,0
2011.5,1,0,1,1,1,15,0,0,0,0,0,0,0,0,0,0,0,0,0,0,0
2011.5,1,0,1,1,1,20,0,0,0,0,0,0,0,0,0,0,0,0,0,0,0
2011.5,1,0,1,1,1,25,16,16,0,16,0,0,16,6,5,0,0,0,0,0,0
2011.5,1,0,1,1,1,30,33,33,0,33,0,0,33,22,22,0,0,1,0,0,0
2011.5,1,0,1,1,1,35,33,33,0,33,0,0,33,13,13,0,0,0,0,0,0
2011.5,1,0,1,1,1,40,31,31,0,31,0,0,31,1,1,0,0,0,0,0,0
2011.5,1,0,1,1,1,45,27,27,0,27,1,1,27,2,2,0,0,0,0,0,0
2011.5,1,0,1,1,1,50,8,8,0,8,0,0,8,1,1,0,0,0,0,0,0
2011.5,1,0,1,1,1,55,2,2,0,2,0,0,2,1,1,0,0,0,0,0,0
2011.5,1,0,1,1,1,60,3,3,0,3,0,0,3,1,1,0,0,0,0,0,0
2011.5,1,0,1,1,1,100,0,0,0,0,0,0,0,0,0,0,0,0,0,0,0
2011.5,1,1,0,0,0,0,5250,0,0,0,14,0,391,1470,0,0,174,0,0,0,0
2011.5,1,1,0,0,0,5,4627,0,0,0,0,0,0,142,0,0,0,0,0,0,0
2011.5,1,1,0,0,0,10,4652,0,0,0,0,0,96,98,0,0,113,0,0,0,0
2011.5,1,1,0,0,0,15,4014,0,0,0,2,0,1040,1624,0,0,736,0,0,0,0
2011.5,1,1,0,0,0,20,3356,0,0,0,3,0,1451,2402,0,0,1131,0,0,0,0
2011.5,1,1,0,0,0,25,2234,0,0,0,2,0,1083,1882,0,0,750,0,0,0,0
2011.5,1,1,0,0,0,30,1395,0,0,0,1,0,651,1166,0,0,486,0,0,0,0
2011.5,1,1,0,0,0,35,859,0,0,0,1,0,215,569,0,0,143,0,0,0,0
2011.5,1,1,0,0,0,40,752,0,0,0,1,0,53,274,0,0,29,0,0,0,0
2011.5,1,1,0,0,0,45,658,0,0,0,2,0,3,93,0,0,1,0,0,0,0
2011.5,1,1,0,0,0,50,348,0,0,0,0,0,0,11,0,0,0,0,0,0,0
2011.5,1,1,0,0,0,55,342,0,0,0,3,0,0,0,0,0,0,0,0,0,0
2011.5,1,1,0,0,0,60,1678,0,0,0,36,0,0,0,0,0,0,0,0,0,0
2011.5,1,1,0,0,0,100,2,0,0,0,0,0,0,0,0,0,0,0,0,0,0
2011.5,1,1,0,0,1,0,0,0,0,0,0,0,0,0,0,0,0,0,0,0,0
2011.5,1,1,0,0,1,5,0,0,0,0,0,0,0,0,0,0,0,0,0,0,0
2011.5,1,1,0,0,1,10,0,0,0,0,0,0,0,0,0,0,0,0,0,0,0
2011.5,1,1,0,0,1,15,0,0,0,0,0,0,0,0,0,0,0,0,0,0,0
2011.5,1,1,0,0,1,20,0,0,0,0,0,0,0,0,0,0,0,0,0,0,0
2011.5,1,1,0,0,1,25,0,0,0,0,0,0,0,0,0,0,0,0,0,0,0
2011.5,1,1,0,0,1,30,0,0,0,0,0,0,0,0,0,0,0,0,0,0,0
2011.5,1,1,0,0,1,35,0,0,0,0,0,0,0,0,0,0,0,0,0,0,0
2011.5,1,1,0,0,1,40,0,0,0,0,0,0,0,0,0,0,0,0,0,0,0
2011.5,1,1,0,0,1,45,0,0,0,0,0,0,0,0,0,0,0,0,0,0,0
2011.5,1,1,0,0,1,50,0,0,0,0,0,0,0,0,0,0,0,0,0,0,0
2011.5,1,1,0,0,1,55,0,0,0,0,0,0,0,0,0,0,0,0,0,0,0
2011.5,1,1,0,0,1,60,0,0,0,0,0,0,0,0,0,0,0,0,0,0,0
2011.5,1,1,0,0,1,100,0,0,0,0,0,0,0,0,0,0,0,0,0,0,0
2011.5,1,1,0,1,0,0,132,132,18,0,8,8,11,33,33,7,0,0,0,0,0
2011.5,1,1,0,1,0,5,157,157,0,0,3,2,2,12,12,2,0,0,0,0,0
2011.5,1,1,0,1,0,10,134,134,10,0,6,6,10,12,12,10,0,6,0,0,0
2011.5,1,1,0,1,0,15,261,261,41,0,3,3,56,123,78,29,0,16,0,0,0
2011.5,1,1,0,1,0,20,650,650,70,0,3,3,211,482,361,116,0,47,0,0,0
2011.5,1,1,0,1,0,25,775,775,36,0,14,14,201,603,478,117,0,32,0,0,0
2011.5,1,1,0,1,0,30,700,700,26,0,22,22,174,555,472,114,0,32,0,0,0
2011.5,1,1,0,1,0,35,501,501,19,0,20,19,67,301,243,39,0,16,0,0,0
2011.5,1,1,0,1,0,40,332,332,7,0,14,14,22,111,79,11,0,11,0,0,0
2011.5,1,1,0,1,0,45,186,186,3,0,9,9,12,38,23,9,0,7,0,0,0
2011.5,1,1,0,1,0,50,69,69,3,0,5,5,4,8,7,2,0,3,0,0,0
2011.5,1,1,0,1,0,55,29,29,2,0,3,3,3,3,3,1,0,0,0,0,0
2011.5,1,1,0,1,0,60,70,70,4,0,6,5,5,9,9,3,0,0,0,0,0
2011.5,1,1,0,1,0,100,0,0,0,0,0,0,0,0,0,0,0,0,0,0,0
2011.5,1,1,0,1,1,0,12,12,0,12,1,1,12,12,12,0,0,0,0,0,0
2011.5,1,1,0,1,1,5,4,4,0,4,0,0,4,4,4,0,0,0,0,0,0
2011.5,1,1,0,1,1,10,16,16,0,16,1,1,16,16,16,0,0,0,0,0,0
2011.5,1,1,0,1,1,15,69,69,0,69,1,1,69,48,41,0,0,0,0,0,0
2011.5,1,1,0,1,1,20,271,271,0,271,2,2,271,218,193,0,0,2,0,0,0
2011.5,1,1,0,1,1,25,535,535,0,535,2,1,535,443,407,0,0,4,0,0,0
2011.5,1,1,0,1,1,30,590,590,0,590,5,5,590,459,423,0,0,4,0,0,0
2011.5,1,1,0,1,1,35,523,523,0,523,9,7,523,309,280,0,0,3,0,0,0
2011.5,1,1,0,1,1,40,357,357,0,357,9,8,357,145,133,0,0,2,0,0,0
2011.5,1,1,0,1,1,45,245,245,0,245,10,10,245,67,59,0,0,2,0,0,0
2011.5,1,1,0,1,1,50,100,100,0,100,2,1,100,15,15,0,0,0,0,0,0
2011.5,1,1,0,1,1,55,49,49,0,49,0,0,49,8,8,0,0,0,0,0,0
2011.5,1,1,0,1,1,60,73,73,0,73,1,1,73,11,11,0,0,0,0,0,0
2011.5,1,1,0,1,1,100,0,0,0,0,0,0,0,0,0,0,0,0,0,0,0
2012,1,0,0,0,0,0,5318,0,0,0,35,0,412,1608,0,0,182,0,0,0,0
2012,1,0,0,0,0,5,4652,0,0,0,1,0,0,239,0,0,0,0,0,0,1
2012,1,0,0,0,0,10,4483,0,0,0,2,0,2,2,0,0,1,0,0,0,5
2012,1,0,0,0,0,15,4145,0,0,0,4,0,338,381,0,0,306,0,0,0,13
2012,1,0,0,0,0,20,3618,0,0,0,2,0,1342,1817,0,0,1022,0,0,0,26
2012,1,0,0,0,0,25,2572,0,0,0,4,0,1087,1518,0,0,802,0,0,0,10
2012,1,0,0,0,0,30,1740,0,0,0,4,0,766,1064,0,0,556,0,0,0,0
2012,1,0,0,0,0,35,1221,0,0,0,2,0,427,633,0,0,289,0,0,0,0
2012,1,0,0,0,0,40,890,0,0,0,0,0,8,11,0,0,2,0,0,0,0
2012,1,0,0,0,0,45,604,0,0,0,3,0,0,0,0,0,0,0,0,0,0
2012,1,0,0,0,0,50,350,0,0,0,5,0,0,0,0,0,0,0,0,0,0
2012,1,0,0,0,0,55,249,0,0,0,5,0,0,0,0,0,0,0,0,0,0
2012,1,0,0,0,0,60,887,0,0,0,33,0,0,0,0,0,0,0,0,0,0
2012,1,0,0,0,0,100,0,0,0,0,0,0,0,0,0,0,0,0,0,0,0
2012,1,0,0,0,1,0,0,0,0,0,0,0,0,0,0,0,0,0,0,0,0
2012,1,0,0,0,1,5,0,0,0,0,0,0,0,0,0,0,0,0,0,0,0
2012,1,0,0,0,1,10,0,0,0,0,0,0,0,0,0,0,0,0,0,0,0
2012,1,0,0,0,1,15,0,0,0,0,0,0,0,0,0,0,0,0,0,0,0
2012,1,0,0,0,1,20,0,0,0,0,0,0,0,0,0,0,0,0,0,0,0
2012,1,0,0,0,1,25,0,0,0,0,0,0,0,0,0,0,0,0,0,0,0
2012,1,0,0,0,1,30,0,0,0,0,0,0,0,0,0,0,0,0,0,0,0
2012,1,0,0,0,1,35,0,0,0,0,0,0,0,0,0,0,0,0,0,0,0
2012,1,0,0,0,1,40,0,0,0,0,0,0,0,0,0,0,0,0,0,0,0
2012,1,0,0,0,1,45,0,0,0,0,0,0,0,0,0,0,0,0,0,0,0
2012,1,0,0,0,1,50,0,0,0,0,0,0,0,0,0,0,0,0,0,0,0
2012,1,0,0,0,1,55,0,0,0,0,0,0,0,0,0,0,0,0,0,0,0
2012,1,0,0,0,1,60,0,0,0,0,0,0,0,0,0,0,0,0,0,0,0
2012,1,0,0,0,1,100,0,0,0,0,0,0,0,0,0,0,0,0,0,0,0
2012,1,0,0,1,0,0,105,105,13,0,7,7,3,24,24,6,0,0,0,0,0
2012,1,0,0,1,0,5,141,141,0,0,0,0,2,11,11,1,0,0,0,0,0
2012,1,0,0,1,0,10,132,132,0,0,7,7,4,5,5,1,0,0,0,0,0
2012,1,0,0,1,0,15,113,113,13,0,2,2,8,13,12,5,0,6,0,0,0
2012,1,0,0,1,0,20,251,251,39,0,2,1,52,111,85,27,0,38,0,0,2
2012,1,0,0,1,0,25,458,458,34,0,10,8,107,266,219,50,0,53,0,0,3
2012,1,0,0,1,0,30,447,447,19,0,9,8,81,239,219,53,0,36,0,0,1
2012,1,0,0,1,0,35,351,351,12,0,7,6,51,153,143,28,0,19,0,0,0
2012,1,0,0,1,0,40,315,315,24,0,14,14,15,21,20,14,0,19,0,0,0
2012,1,0,0,1,0,45,182,182,6,0,10,8,9,13,13,10,0,7,0,0,0
2012,1,0,0,1,0,50,62,62,1,0,8,7,3,4,4,0,0,4,0,0,0
2012,1,0,0,1,0,55,22,22,1,0,5,5,1,4,4,0,0,0,0,0,0
2012,1,0,0,1,0,60,39,39,4,0,2,2,2,2,2,1,0,4,0,0,0
2012,1,0,0,1,0,100,0,0,0,0,0,0,0,0,0,0,0,0,0,0,0
2012,1,0,0,1,1,0,14,14,0,14,1,0,14,14,14,0,0,0,0,0,0
2012,1,0,0,1,1,5,7,7,0,7,0,0,7,7,7,0,0,0,0,0,0
2012,1,0,0,1,1,10,5,5,0,5,1,1,5,5,5,0,0,0,0,0,0
2012,1,0,0,1,1,15,9,9,0,9,0,0,9,8,8,0,0,1,0,0,0
2012,1,0,0,1,1,20,43,43,0,43,0,0,43,37,36,0,0,2,0,0,1
2012,1,0,0,1,1,25,176,176,0,176,2,2,176,120,109,0,0,4,0,0,0
2012,1,0,0,1,1,30,261,261,0,261,2,2,261,168,158,0,0,10,0,0,0
2012,1,0,0,1,1,35,341,341,0,341,3,3,341,150,143,0,0,6,0,0,0
2012,1,0,0,1,1,40,275,275,0,275,10,10,275,37,37,0,0,4,0,0,0
2012,1,0,0,1,1,45,244,244,0,244,9,7,244,32,32,0,0,2,0,0,0
2012,1,0,0,1,1,50,89,89,0,89,2,2,89,13,13,0,0,0,0,0,0
2012,1,0,0,1,1,55,53,53,0,53,4,4,53,8,8,0,0,1,0,0,0
2012,1,0,0,1,1,60,63,63,0,63,2,1,63,7,7,0,0,1,0,0,0
2012,1,0,0,1,1,100,0,0,0,0,0,0,0,0,0,0,0,0,0,0,0
2012,1,0,1,0,0,0,0,0,0,0,0,0,0,0,0,0,0,0,0,0,0
2012,1,0,1,0,0,5,1,0,0,0,0,0,0,0,0,0,0,0,0,0,0
2012,1,0,1,0,0,10,19,0,0,0,0,0,0,0,0,0,0,0,0,0,0
2012,1,0,1,0,0,15,89,0,0,0,0,0,3,4,0,0,3,0,0,0,0
2012,1,0,1,0,0,20,255,0,0,0,0,0,105,143,0,0,94,0,0,0,0
2012,1,0,1,0,0,25,316,0,0,0,0,0,134,187,0,0,113,0,0,0,0
2012,1,0,1,0,0,30,284,0,0,0,0,0,111,164,0,0,84,0,0,0,0
2012,1,0,1,0,0,35,186,0,0,0,0,0,66,103,0,0,50,0,0,0,0
2012,1,0,1,0,0,40,145,0,0,0,2,0,2,2,0,0,1,0,0,0,0
2012,1,0,1,0,0,45,99,0,0,0,2,0,0,0,0,0,0,0,0,0,0
2012,1,0,1,0,0,50,49,0,0,0,0,0,0,0,0,0,0,0,0,0,0
2012,1,0,1,0,0,55,34,0,0,0,1,0,0,0,0,0,0,0,0,0,0
2012,1,0,1,0,0,60,85,0,0,0,1,0,0,0,0,0,0,0,0,0,0
2012,1,0,1,0,0,100,0,0,0,0,0,0,0,0,0,0,0,0,0,0,0
2012,1,0,1,0,1,0,0,0,0,0,0,0,0,0,0,0,0,0,0,0,0
2012,1,0,1,0,1,5,0,0,0,0,0,0,0,0,0,0,0,0,0,0,0
2012,1,0,1,0,1,10,0,0,0,0,0,0,0,0,0,0,0,0,0,0,0
2012,1,0,1,0,1,15,0,0,0,0,0,0,0,0,0,0,0,0,0,0,0
2012,1,0,1,0,1,20,0,0,0,0,0,0,0,0,0,0,0,0,0,0,0
2012,1,0,1,0,1,25,0,0,0,0,0,0,0,0,0,0,0,0,0,0,0
2012,1,0,1,0,1,30,0,0,0,0,0,0,0,0,0,0,0,0,0,0,0
2012,1,0,1,0,1,35,0,0,0,0,0,0,0,0,0,0,0,0,0,0,0
2012,1,0,1,0,1,40,0,0,0,0,0,0,0,0,0,0,0,0,0,0,0
2012,1,0,1,0,1,45,0,0,0,0,0,0,0,0,0,0,0,0,0,0,0
2012,1,0,1,0,1,50,0,0,0,0,0,0,0,0,0,0,0,0,0,0,0
2012,1,0,1,0,1,55,0,0,0,0,0,0,0,0,0,0,0,0,0,0,0
2012,1,0,1,0,1,60,0,0,0,0,0,0,0,0,0,0,0,0,0,0,0
2012,1,0,1,0,1,100,0,0,0,0,0,0,0,0,0,0,0,0,0,0,0
2012,1,0,1,1,0,0,0,0,0,0,0,0,0,0,0,0,0,0,0,0,0
2012,1,0,1,1,0,5,0,0,0,0,0,0,0,0,0,0,0,0,0,0,0
2012,1,0,1,1,0,10,0,0,0,0,0,0,0,0,0,0,0,0,0,0,0
2012,1,0,1,1,0,15,4,4,1,0,0,0,1,1,1,1,0,1,0,0,0
2012,1,0,1,1,0,20,15,15,1,0,0,0,5,8,7,2,0,3,0,0,0
2012,1,0,1,1,0,25,46,46,3,0,1,1,13,28,25,7,0,3,0,0,0
2012,1,0,1,1,0,30,47,47,2,0,1,1,7,28,26,3,0,2,0,0,0
2012,1,0,1,1,0,35,40,40,6,0,0,0,7,19,16,3,0,2,0,0,0
2012,1,0,1,1,0,40,26,26,1,0,1,1,1,1,1,1,0,0,0,0,0
2012,1,0,1,1,0,45,21,21,0,0,2,2,0,1,1,0,0,1,0,0,0
2012,1,0,1,1,0,50,10,10,0,0,0,0,0,0,0,0,0,0,0,0,0
2012,1,0,1,1,0,55,1,1,1,0,0,0,0,0,0,0,0,1,0,0,0
2012,1,0,1,1,0,60,2,2,0,0,0,0,1,1,1,1,0,0,0,0,0
2012,1,0,1,1,0,100,0,0,0,0,0,0,0,0,0,0,0,0,0,0,0
2012,1,0,1,1,1,0,0,0,0,0,0,0,0,0,0,0,0,0,0,0,0
2012,1,0,1,1,1,5,0,0,0,0,0,0,0,0,0,0,0,0,0,0,0
2012,1,0,1,1,1,10,0,0,0,0,0,0,0,0,0,0,0,0,0,0,0
2012,1,0,1,1,1,15,0,0,0,0,0,0,0,0,0,0,0,0,0,0,0
2012,1,0,1,1,1,20,1,1,0,1,0,0,1,1,1,0,0,0,0,0,0
2012,1,0,1,1,1,25,16,16,0,16,0,0,16,5,4,0,0,1,0,0,0
2012,1,0,1,1,1,30,37,37,0,37,1,0,37,23,23,0,0,1,0,0,0
2012,1,0,1,1,1,35,29,29,0,29,0,0,29,13,13,0,0,1,0,0,0
2012,1,0,1,1,1,40,38,38,0,38,1,1,38,3,3,0,0,1,0,0,0
2012,1,0,1,1,1,45,28,28,0,28,2,1,28,1,1,0,0,0,0,0,0
2012,1,0,1,1,1,50,8,8,0,8,0,0,8,1,1,0,0,0,0,0,0
2012,1,0,1,1,1,55,3,3,0,3,0,0,3,1,1,0,0,0,0,0,0
2012,1,0,1,1,1,60,3,3,0,3,2,1,3,1,1,0,0,0,0,0,0
2012,1,0,1,1,1,100,0,0,0,0,0,0,0,0,0,0,0,0,0,0,0
2012,1,1,0,0,0,0,5262,0,0,0,21,0,397,1568,0,0,197,0,0,0,0
2012,1,1,0,0,0,5,4722,0,0,0,1,0,0,235,0,0,0,0,0,0,0
2012,1,1,0,0,0,10,4665,0,0,0,1,0,99,100,0,0,104,0,0,0,0
2012,1,1,0,0,0,15,4043,0,0,0,1,0,1060,1671,0,0,799,0,0,0,0
2012,1,1,0,0,0,20,3366,0,0,0,2,0,1513,2481,0,0,1151,0,0,0,0
2012,1,1,0,0,0,25,2266,0,0,0,1,0,1146,1966,0,0,859,0,0,0,0
2012,1,1,0,0,0,30,1422,0,0,0,0,0,715,1229,0,0,537,0,0,0,0
2012,1,1,0,0,0,35,893,0,0,0,0,0,251,642,0,0,167,0,0,0,0
2012,1,1,0,0,0,40,729,0,0,0,2,0,63,291,0,0,45,0,0,0,0
2012,1,1,0,0,0,45,679,0,0,0,0,0,6,114,0,0,5,0,0,0,0
2012,1,1,0,0,0,50,371,0,0,0,3,0,1,13,0,0,0,0,0,0,0
2012,1,1,0,0,0,55,333,0,0,0,2,0,0,0,0,0,0,0,0,0,0
2012,1,1,0,0,0,60,1654,0,0,0,56,0,0,0,0,0,0,0,0,0,0
2012,1,1,0,0,0,100,2,0,0,0,1,0,0,0,0,0,0,0,0,0,0
2012,1,1,0,0,1,0,0,0,0,0,0,0,0,0,0,0,0,0,0,0,0
2012,1,1,0,0,1,5,0,0,0,0,0,0,0,0,0,0,0,0,0,0,0
2012,1,1,0,0,1,10,0,0,0,0,0,0,0,0,0,0,0,0,0,0,0
2012,1,1,0,0,1,15,0,0,0,0,0,0,0,0,0,0,0,0,0,0,0
2012,1,1,0,0,1,20,0,0,0,0,0,0,0,0,0,0,0,0,0,0,0
2012,1,1,0,0,1,25,0,0,0,0,0,0,0,0,0,0,0,0,0,0,0
2012,1,1,0,0,1,30,0,0,0,0,0,0,0,0,0,0,0,0,0,0,0
2012,1,1,0,0,1,35,0,0,0,0,0,0,0,0,0,0,0,0,0,0,0
2012,1,1,0,0,1,40,0,0,0,0,0,0,0,0,0,0,0,0,0,0,0
2012,1,1,0,0,1,45,0,0,0,0,0,0,0,0,0,0,0,0,0,0,0
2012,1,1,0,0,1,50,0,0,0,0,0,0,0,0,0,0,0,0,0,0,0
2012,1,1,0,0,1,55,0,0,0,0,0,0,0,0,0,0,0,0,0,0,0
2012,1,1,0,0,1,60,0,0,0,0,0,0,0,0,0,0,0,0,0,0,0
2012,1,1,0,0,1,100,0,0,0,0,0,0,0,0,0,0,0,0,0,0,0
2012,1,1,0,1,0,0,122,122,16,0,12,12,7,28,28,6,0,0,0,0,0
2012,1,1,0,1,0,5,146,146,0,0,4,4,2,14,14,1,0,0,0,0,0
2012,1,1,0,1,0,10,150,150,13,0,5,5,12,16,15,11,0,3,0,0,0
2012,1,1,0,1,0,15,249,249,37,0,7,6,56,129,83,35,0,11,0,0,0
2012,1,1,0,1,0,20,601,601,69,0,10,10,206,463,335,123,0,44,0,0,0
2012,1,1,0,1,0,25,729,729,49,0,12,11,187,585,461,120,0,33,0,0,0
2012,1,1,0,1,0,30,641,641,29,0,14,13,139,504,425,89,0,22,0,0,0
2012,1,1,0,1,0,35,447,447,12,0,17,17,56,277,220,30,0,14,0,0,0
2012,1,1,0,1,0,40,287,287,9,0,9,8,16,104,68,9,0,10,0,0,0
2012,1,1,0,1,0,45,184,184,9,0,9,8,10,42,27,7,0,6,0,0,0
2012,1,1,0,1,0,50,64,64,2,0,6,6,2,7,6,3,0,4,0,0,0
2012,1,1,0,1,0,55,26,26,0,0,3,3,2,3,2,1,0,0,0,0,0
2012,1,1,0,1,0,60,70,70,5,0,2,2,3,7,7,0,0,1,0,0,0
2012,1,1,0,1,0,100,0,0,0,0,0,0,0,0,0,0,0,0,0,0,0
2012,1,1,0,1,1,0,13,13,0,13,0,0,13,13,13,0,0,0,0,0,0
2012,1,1,0,1,1,5,3,3,0,3,1,1,3,3,3,0,0,0,0,0,0
2012,1,1,0,1,1,10,19,19,0,19,1,1,19,19,19,0,0,0,0,0,0
2012,1,1,0,1,1,15,74,74,0,74,0,0,74,52,45,0,0,0,0,0,0
2012,1,1,0,1,1,20,299,299,0,299,0,0,299,246,221,0,0,6,0,0,0
2012,1,1,0,1,1,25,605,605,0,605,3,3,605,505,462,0,0,5,0,0,0
2012,1,1,0,1,1,30,671,671,0,671,14,14,671,546,502,0,0,1,0,0,0
2012,1,1,0,1,1,35,595,595,0,595,9,9,595,369,333,0,0,2,0,0,0
2012,1,1,0,1,1,40,432,432,0,432,6,6,432,185,166,0,0,4,0,0,0
2012,1,1,0,1,1,45,258,258,0,258,11,10,258,71,61,0,0,2,0,0,0
2012,1,1,0,1,1,50,116,116,0,116,1,1,116,18,18,0,0,0,0,0,0
2012,1,1,0,1,1,55,53,53,0,53,1,1,53,10,10,0,0,0,0,0,0
2012,1,1,0,1,1,60,79,79,0,79,2,2,79,12,12,0,0,0,0,0,0
2012,1,1,0,1,1,100,0,0,0,0,0,0,0,0,0,0,0,0,0,0,0
2012.5,1,0,0,0,0,0,5338,0,0,0,30,0,388,1684,0,0,179,0,0,0,0
2012.5,1,0,0,0,0,5,4755,0,0,0,1,0,0,333,0,0,0,0,0,0,0
2012.5,1,0,0,0,0,10,4461,0,0,0,5,0,2,2,0,0,1,0,0,0,2
2012.5,1,0,0,0,0,15,4154,0,0,0,2,0,311,371,0,0,311,0,0,0,15
2012.5,1,0,0,0,0,20,3617,0,0,0,2,0,1376,1870,0,0,1016,0,0,0,20
2012.5,1,0,0,0,0,25,2619,0,0,0,2,0,1163,1638,0,0,851,0,0,0,10
2012.5,1,0,0,0,0,30,1824,0,0,0,0,0,849,1173,0,0,615,0,0,0,0
2012.5,1,0,0,0,0,35,1230,0,0,0,1,0,500,729,0,0,378,0,0,0,0
2012.5,1,0,0,0,0,40,910,0,0,0,4,0,23,30,0,0,12,0,0,0,0
2012.5,1,0,0,0,0,45,612,0,0,0,4,0,0,0,0,0,0,0,0,0,0
2012.5,1,0,0,0,0,50,368,0,0,0,4,0,0,0,0,0,0,0,0,0,0
2012.5,1,0,0,0,0,55,254,0,0,0,5,0,0,0,0,0,0,0,0,0,0
2012.5,1,0,0,0,0,60,865,0,0,0,29,0,0,0,0,0,0,0,0,0,0
2012.5,1,0,0,0,0,100,0,0,0,0,0,0,0,0,0,0,0,0,0,0,0
2012.5,1,0,0,0,1,0,0,0,0,0,0,0,0,0,0,0,0,0,0,0,0
2012.5,1,0,0,0,1,5,0,0,0,0,0,0,0,0,0,0,0,0,0,0,0
2012.5,1,0,0,0,1,10,0,0,0,0,0,0,0,0,0,0,0,0,0,0,0
2012.5,1,0,0,0,1,15,0,0,0,0,0,0,0,0,0,0,0,0,0,0,0
2012.5,1,0,0,0,1,20,0,0,0,0,0,0,0,0,0,0,0,0,0,0,0
2012.5,1,0,0,0,1,25,0,0,0,0,0,0,0,0,0,0,0,0,0,0,0
2012.5,1,0,0,0,1,30,0,0,0,0,0,0,0,0,0,0,0,0,0,0,0
2012.5,1,0,0,0,1,35,0,0,0,0,0,0,0,0,0,0,0,0,0,0,0
2012.5,1,0,0,0,1,40,0,0,0,0,0,0,0,0,0,0,0,0,0,0,0
2012.5,1,0,0,0,1,45,0,0,0,0,0,0,0,0,0,0,0,0,0,0,0
2012.5,1,0,0,0,1,50,0,0,0,0,0,0,0,0,0,0,0,0,0,0,0
2012.5,1,0,0,0,1,55,0,0,0,0,0,0,0,0,0,0,0,0,0,0,0
2012.5,1,0,0,0,1,60,0,0,0,0,0,0,0,0,0,0,0,0,0,0,0
2012.5,1,0,0,0,1,100,0,0,0,0,0,0,0,0,0,0,0,0,0,0,0
2012.5,1,0,0,1,0,0,95,95,11,0,5,5,6,25,25,6,0,0,0,0,0
2012.5,1,0,0,1,0,5,142,142,0,0,2,2,1,12,12,0,0,0,0,0,0
2012.5,1,0,0,1,0,10,138,138,0,0,4,3,4,7,7,3,0,0,0,0,0
2012.5,1,0,0,1,0,15,111,111,12,0,2,2,12,18,18,13,0,13,0,0,0
2012.5,1,0,0,1,0,20,249,249,35,0,1,1,64,122,98,41,0,29,0,0,0
2012.5,1,0,0,1,0,25,427,427,21,0,8,8,103,267,224,46,0,54,0,0,1
2012.5,1,0,0,1,0,30,430,430,20,0,11,11,87,245,224,57,0,39,0,0,0
2012.5,1,0,0,1,0,35,319,319,14,0,13,12,57,162,146,31,0,16,0,0,0
2012.5,1,0,0,1,0,40,305,305,17,0,11,11,16,24,23,8,0,13,0,0,0
2012.5,1,0,0,1,0,45,164,164,7,0,15,14,4,8,8,2,0,8,0,0,0
2012.5,1,0,0,1,0,50,59,59,1,0,3,3,1,4,4,2,0,1,0,0,0
2012.5,1,0,0,1,0,55,18,18,1,0,3,2,0,1,1,0,0,1,0,0,0
2012.5,1,0,0,1,0,60,41,41,6,0,4,3,3,4,4,2,0,2,0,0,0
2012.5,1,0,0,1,0,100,0,0,0,0,0,0,0,0,0,0,0,0,0,0,0
2012.5,1,0,0,1,1,0,15,15,0,15,0,0,15,15,15,0,0,0,0,0,0
2012.5,1,0,0,1,1,5,6,6,0,6,0,0,6,6,6,0,0,0,0,0,0
2012.5,1,0,0,1,1,10,8,8,0,8,0,0,8,8,8,0,0,0,0,0,0
2012.5,1,0,0,1,1,15,11,11,0,11,1,1,11,9,9,0,0,0,0,0,0
2012.5,1,0,0,1,1,20,47,47,0,47,2,2,47,41,39,0,0,2,0,0,0
2012.5,1,0,0,1,1,25,181,181,0,181,3,3,181,121,112,0,0,3,0,0,0
2012.5,1,0,0,1,1,30,293,293,0,293,4,3,293,198,187,0,0,8,0,0,0
2012.5,1,0,0,1,1,35,370,370,0,370,3,3,370,180,168,0,0,5,0,0,0
2012.5,1,0,0,1,1,40,295,295,0,295,10,10,295,45,45,0,0,2,0,0,0
2012.5,1,0,0,1,1,45,276,276,0,276,6,3,276,32,32,0,0,5,0,0,0
2012.5,1,0,0,1,1,50,103,103,0,103,3,3,103,12,12,0,0,0,0,0,0
2012.5,1,0,0,1,1,55,51,51,0,51,0,0,51,10,10,0,0,0,0,0,0
2012.5,1,0,0,1,1,60,67,67,0,67,4,1,67,6,6,0,0,2,0,0,0
2012.5,1,0,0,1,1,100,0,0,0,0,0,0,0,0,0,0,0,0,0,0,0
2012.5,1,0,1,0,0,0,0,0,0,0,0,0,0,0,0,0,0,0,0,0,0
2012.5,1,0,1,0,0,5,1,0,0,0,0,0,0,0,0,0,0,0,0,0,0
2012.5,1,0,1,0,0,10,16,0,0,0,0,0,0,0,0,0,0,0,0,0,0
2012.5,1,0,1,0,0,15,96,0,0,0,0,0,4,5,0,0,5,0,0,0,0
2012.5,1,0,1,0,0,20,262,0,0,0,0,0,116,146,0,0,100,0,0,0,0
2012.5,1,0,1,0,0,25,319,0,0,0,0,0,136,202,0,0,83,0,0,0,0
2012.5,1,0,1,0,0,30,290,0,0,0,0,0,132,185,0,0,87,0,0,0,0
2012.5,1,0,1,0,0,35,189,0,0,0,1,0,82,115,0,0,61,0,0,0,0
2012.5,1,0,1,0,0,40,149,0,0,0,0,0,4,6,0,0,1,0,0,0,0
2012.5,1,0,1,0,0,45,96,0,0,0,2,0,0,0,0,0,0,0,0,0,0
2012.5,1,0,1,0,0,50,56,0,0,0,0,0,0,0,0,0,0,0,0,0,0
2012.5,1,0,1,0,0,55,33,0,0,0,2,0,0,0,0,0,0,0,0,0,0
2012.5,1,0,1,0,0,60,87,0,0,0,2,0,0,0,0,0,0,0,0,0,0
2012.5,1,0,1,0,0,100,0,0,0,0,0,0,0,0,0,0,0,0,0,0,0
2012.5,1,0,1,0,1,0,0,0,0,0,0,0,0,0,0,0,0,0,0,0,0
2012.5,1,0,1,0,1,5,0,0,0,0,0,0,0,0,0,0,0,0,0,0,0
2012.5,1,0,1,0,1,10,0,0,0,0,0,0,0,0,0,0,0,0,0,0,0
2012.5,1,0,1,0,1,15,0,0,0,0,0,0,0,0,0,0,0,0,0,0,0
2012.5,1,0,1,0,1,20,0,0,0,0,0,0,0,0,0,0,0,0,0,0,0
2012.5,1,0,1,0,1,25,0,0,0,0,0,0,0,0,0,0,0,0,0,0,0
2012.5,1,0,1,0,1,30,0,0,0,0,0,0,0,0,0,0,0,0,0,0,0
2012.5,1,0,1,0,1,35,0,0,0,0,0,0,0,0,0,0,0,0,0,0,0
2012.5,1,0,1,0,1,40,0,0,0,0,0,0,0,0,0,0,0,0,0,0,0
2012.5,1,0,1,0,1,45,0,0,0,0,0,0,0,0,0,0,0,0,0,0,0
2012.5,1,0,1,0,1,50,0,0,0,0,0,0,0,0,0,0,0,0,0,0,0
2012.5,1,0,1,0,1,55,0,0,0,0,0,0,0,0,0,0,0,0,0,0,0
2012.5,1,0,1,0,1,60,0,0,0,0,0,0,0,0,0,0,0,0,0,0,0
2012.5,1,0,1,0,1,100,0,0,0,0,0,0,0,0,0,0,0,0,0,0,0
2012.5,1,0,1,1,0,0,0,0,0,0,0,0,0,0,0,0,0,0,0,0,0
2012.5,1,0,1,1,0,5,0,0,0,0,0,0,0,0,0,0,0,0,0,0,0
2012.5,1,0,1,1,0,10,0,0,0,0,0,0,0,0,0,0,0,0,0,0,0
2012.5,1,0,1,1,0,15,2,2,0,0,1,1,1,1,1,1,0,0,0,0,0
2012.5,1,0,1,1,0,20,12,12,0,0,0,0,2,6,5,1,0,0,0,0,0
2012.5,1,0,1,1,0,25,39,39,4,0,0,0,11,28,22,6,0,5,0,0,0
2012.5,1,0,1,1,0,30,45,45,0,0,1,1,5,29,27,3,0,5,0,0,0
2012.5,1,0,1,1,0,35,43,43,2,0,0,0,11,28,28,9,0,5,0,0,0
2012.5,1,0,1,1,0,40,25,25,1,0,1,1,2,2,2,1,0,1,0,0,0
2012.5,1,0,1,1,0,45,20,20,0,0,0,0,0,1,1,0,0,2,0,0,0
2012.5,1,0,1,1,0,50,8,8,0,0,0,0,1,1,1,1,0,0,0,0,0
2012.5,1,0,1,1,0,55,1,1,0,0,0,0,0,0,0,0,0,0,0,0,0
2012.5,1,0,1,1,0,60,1,1,0,0,0,0,0,0,0,0,0,0,0,0,0
2012.5,1,0,1,1,0,100,0,0,0,0,0,0,0,0,0,0,0,0,0,0,0
2012.5,1,0,1,1,1,0,0,0,0,0,0,0,0,0,0,0,0,0,0,0,0
2012.5,1,0,1,1,1,5,0,0,0,0,0,0,0,0,0,0,0,0,0,0,0
2012.5,1,0,1,1,1,10,0,0,0,0,0,0,0,0,0,0,0,0,0,0,0
2012.5,1,0,1,1,1,15,1,1,0,1,0,0,1,1,1,0,0,0,0,0,0
2012.5,1,0,1,1,1,20,1,1,0,1,0,0,1,1,1,0,0,0,0,0,0
2012.5,1,0,1,1,1,25,23,23,0,23,0,0,23,11,10,0,0,1,0,0,0
2012.5,1,0,1,1,1,30,36,36,0,36,0,0,36,21,21,0,0,0,0,0,0
2012.5,1,0,1,1,1,35,29,29,0,29,0,0,29,15,15,0,0,1,0,0,0
2012.5,1,0,1,1,1,40,39,39,0,39,2,0,39,5,5,0,0,1,0,0,0
2012.5,1,0,1,1,1,45,32,32,0,32,1,1,32,0,0,0,0,1,0,0,0
2012.5,1,0,1,1,1,50,12,12,0,12,0,0,12,1,1,0,0,0,0,0,0
2012.5,1,0,1,1,1,55,4,4,0,4,0,0,4,1,1,0,0,0,0,0,0
2012.5,1,0,1,1,1,60,3,3,0,3,0,0,3,2,2,0,0,0,0,0,0
2012.5,1,0,1,1,1,100,0,0,0,0,0,0,0,0,0,0,0,0,0,0,0
2012.5,1,1,0,0,0,0,5300,0,0,0,19,0,412,1647,0,0,185,0,0,0,0
2012.5,1,1,0,0,0,5,4804,0,0,0,0,0,0,335,0,0,0,0,0,0,0
2012.5,1,1,0,0,0,10,4646,0,0,0,1,0,100,105,0,0,108,0,0,0,0
2012.5,1,1,0,0,0,15,4065,0,0,0,0,0,1070,1703,0,0,780,0,0,0,0
2012.5,1,1,0,0,0,20,3415,0,0,0,0,0,1557,2564,0,0,1158,0,0,0,0
2012.5,1,1,0,0,0,25,2310,0,0,0,1,0,1192,2028,0,0,930,0,0,0,0
2012.5,1,1,0,0,0,30,1474,0,0,0,1,0,799,1321,0,0,567,0,0,0,0
2012.5,1,1,0,0,0,35,898,0,0,0,2,0,290,678,0,0,185,0,0,0,0
2012.5,1,1,0,0,0,40,723,0,0,0,3,0,76,330,0,0,52,0,0,0,0
2012.5,1,1,0,0,0,45,676,0,0,0,1,0,11,130,0,0,6,0,0,0,0
2012.5,1,1,0,0,0,50,405,0,0,0,0,0,1,16,0,0,1,0,0,0,0
2012.5,1,1,0,0,0,55,324,0,0,0,5,0,0,0,0,0,0,0,0,0,0
2012.5,1,1,0,0,0,60,1654,0,0,0,37,0,0,0,0,0,0,0,0,0,0
2012.5,1,1,0,0,0,100,2,0,0,0,0,0,0,0,0,0,0,0,0,0,0
2012.5,1,1,0,0,1,0,0,0,0,0,0,0,0,0,0,0,0,0,0,0,0
2012.5,1,1,0,0,1,5,0,0,0,0,0,0,0,0,0,0,0,0,0,0,0
2012.5,1,1,0,0,1,10,0,0,0,0,0,0,0,0,0,0,0,0,0,0,0
2012.5,1,1,0,0,1,15,0,0,0,0,0,0,0,0,0,0,0,0,0,0,0
2012.5,1,1,0,0,1,20,0,0,0,0,0,0,0,0,0,0,0,0,0,0,0
2012.5,1,1,0,0,1,25,0,0,0,0,0,0,0,0,0,0,0,0,0,0,0
2012.5,1,1,0,0,1,30,0,0,0,0,0,0,0,0,0,0,0,0,0,0,0
2012.5,1,1,0,0,1,35,0,0,0,0,0,0,0,0,0,0,0,0,0,0,0
2012.5,1,1,0,0,1,40,0,0,0,0,0,0,0,0,0,0,0,0,0,0,0
2012.5,1,1,0,0,1,45,0,0,0,0,0,0,0,0,0,0,0,0,0,0,0
2012.5,1,1,0,0,1,50,0,0,0,0,0,0,0,0,0,0,0,0,0,0,0
2012.5,1,1,0,0,1,55,0,0,0,0,0,0,0,0,0,0,0,0,0,0,0
2012.5,1,1,0,0,1,60,0,0,0,0,0,0,0,0,0,0,0,0,0,0,0
2012.5,1,1,0,0,1,100,0,0,0,0,0,0,0,0,0,0,0,0,0,0,0
2012.5,1,1,0,1,0,0,109,109,9,0,10,9,2,23,23,2,0,0,0,0,0
2012.5,1,1,0,1,0,5,133,133,0,0,1,1,1,15,15,2,0,0,0,0,0
2012.5,1,1,0,1,0,10,139,139,4,0,8,8,5,9,8,7,0,4,0,0,0
2012.5,1,1,0,1,0,15,242,242,42,0,5,5,68,130,86,47,0,16,0,0,0
2012.5,1,1,0,1,0,20,551,551,62,0,8,8,172,418,313,94,0,30,0,0,0
2012.5,1,1,0,1,0,25,658,658,46,0,6,6,160,544,408,114,0,27,0,0,0
2012.5,1,1,0,1,0,30,600,600,31,0,13,13,123,482,397,86,0,15,0,0,0
2012.5,1,1,0,1,0,35,413,413,20,0,17,16,51,277,215,43,0,12,0,0,0
2012.5,1,1,0,1,0,40,268,268,5,0,12,11,15,108,71,12,0,2,0,0,0
2012.5,1,1,0,1,0,45,172,172,10,0,13,13,15,42,28,10,0,3,0,0,0
2012.5,1,1,0,1,0,50,58,58,2,0,6,5,4,8,7,3,0,1,0,0,0
2012.5,1,1,0,1,0,55,29,29,2,0,1,1,3,6,5,1,0,0,0,0,0
2012.5,1,1,0,1,0,60,56,56,1,0,3,2,0,3,3,0,0,1,0,0,0
2012.5,1,1,0,1,0,100,0,0,0,0,0,0,0,0,0,0,0,0,0,0,0
2012.5,1,1,0,1,1,0,11,11,0,11,0,0,11,11,11,0,0,0,0,0,0
2012.5,1,1,0,1,1,5,6,6,0,6,0,0,6,6,6,0,0,0,0,0,0
2012.5,1,1,0,1,1,10,20,20,0,20,0,0,20,20,20,0,0,0,0,0,0
2012.5,1,1,0,1,1,15,91,91,0,91,0,0,91,66,57,0,0,2,0,0,0
2012.5,1,1,0,1,1,20,333,333,0,333,2,2,333,277,243,0,0,3,0,0,0
2012.5,1,1,0,1,1,25,689,689,0,689,7,5,689,580,538,0,0,7,0,0,0
2012.5,1,1,0,1,1,30,749,749,0,749,5,5,749,618,563,0,0,8,0,0,0
2012.5,1,1,0,1,1,35,668,668,0,668,8,7,668,453,416,0,0,5,0,0,0
2012.5,1,1,0,1,1,40,461,461,0,461,3,2,461,199,176,0,0,3,0,0,0
2012.5,1,1,0,1,1,45,283,283,0,283,12,11,283,82,71,0,0,1,0,0,0
2012.5,1,1,0,1,1,50,128,128,0,128,1,1,128,20,20,0,0,1,0,0,0
2012.5,1,1,0,1,1,55,53,53,0,53,3,2,53,7,7,0,0,0,0,0,0
2012.5,1,1,0,1,1,60,96,96,0,96,3,2,96,15,15,0,0,0,0,0,0
2012.5,1,1,0,1,1,100,0,0,0,0,0,0,0,0,0,0,0,0,0,0,0
2013,1,0,0,0,0,0,5375,0,0,0,27,0,381,1757,0,0,179,0,0,0,0
2013,1,0,0,0,0,5,4855,0,0,0,3,0,0,434,0,0,0,0,0,0,0
2013,1,0,0,0,0,10,4424,0,0,0,1,0,0,1,0,0,0,0,0,0,5
2013,1,0,0,0,0,15,4173,0,0,0,1,0,324,373,0,0,295,0,0,0,15
2013,1,0,0,0,0,20,3646,0,0,0,5,0,1430,1937,0,0,1120,0,0,0,14
2013,1,0,0,0,0,25,2699,0,0,0,3,0,1246,1777,0,0,844,0,0,0,9
2013,1,0,0,0,0,30,1860,0,0,0,2,0,858,1228,0,0,615,0,0,0,1
2013,1,0,0,0,0,35,1255,0,0,0,1,0,555,815,0,0,380,0,0,0,0
2013,1,0,0,0,0,40,932,0,0,0,1,0,64,82,0,0,34,0,0,0,0
2013,1,0,0,0,0,45,610,0,0,0,7,0,0,0,0,0,0,0,0,0,0
2013,1,0,0,0,0,50,403,0,0,0,4,0,0,0,0,0,0,0,0,0,0
2013,1,0,0,0,0,55,240,0,0,0,4,0,0,0,0,0,0,0,0,0,0
2013,1,0,0,0,0,60,873,0,0,0,25,0,0,0,0,0,0,0,0,0,0
2013,1,0,0,0,0,100,0,0,0,0,0,0,0,0,0,0,0,0,0,0,0
2013,1,0,0,0,1,0,0,0,0,0,0,0,0,0,0,0,0,0,0,0,0
2013,1,0,0,0,1,5,0,0,0,0,0,0,0,0,0,0,0,0,0,0,0
2013,1,0,0,0,1,10,0,0,0,0,0,0,0,0,0,0,0,0,0,0,0
2013,1,0,0,0,1,15,0,0,0,0,0,0,0,0,0,0,0,0,0,0,0
2013,1,0,0,0,1,20,0,0,0,0,0,0,0,0,0,0,0,0,0,0,0
2013,1,0,0,0,1,25,0,0,0,0,0,0,0,0,0,0,0,0,0,0,0
2013,1,0,0,0,1,30,0,0,0,0,0,0,0,0,0,0,0,0,0,0,0
2013,1,0,0,0,1,35,0,0,0,0,0,0,0,0,0,0,0,0,0,0,0
2013,1,0,0,0,1,40,0,0,0,0,0,0,0,0,0,0,0,0,0,0,0
2013,1,0,0,0,1,45,0,0,0,0,0,0,0,0,0,0,0,0,0,0,0
2013,1,0,0,0,1,50,0,0,0,0,0,0,0,0,0,0,0,0,0,0,0
2013,1,0,0,0,1,55,0,0,0,0,0,0,0,0,0,0,0,0,0,0,0
2013,1,0,0,0,1,60,0,0,0,0,0,0,0,0,0,0,0,0,0,0,0
2013,1,0,0,0,1,100,0,0,0,0,0,0,0,0,0,0,0,0,0,0,0
2013,1,0,0,1,0,0,85,85,18,0,6,6,3,16,16,2,0,0,0,0,0
2013,1,0,0,1,0,5,135,135,0,0,3,3,3,17,17,3,0,0,0,0,0
2013,1,0,0,1,0,10,130,130,0,0,7,7,1,2,2,4,0,0,0,0,0
2013,1,0,0,1,0,15,102,102,9,0,4,4,8,10,9,6,0,8,0,0,0
2013,1,0,0,1,0,20,242,242,31,0,4,4,56,119,92,24,0,23,0,0,0
2013,1,0,0,1,0,25,380,380,24,0,4,3,79,228,190,42,0,54,0,0,1
2013,1,0,0,1,0,30,393,393,22,0,8,8,81,241,214,44,0,33,0,0,0
2013,1,0,0,1,0,35,275,275,15,0,8,7,43,150,128,27,0,18,0,0,0
2013,1,0,0,1,0,40,265,265,15,0,15,15,8,19,18,6,0,19,0,0,0
2013,1,0,0,1,0,45,157,157,4,0,8,7,3,7,7,3,0,6,0,0,0
2013,1,0,0,1,0,50,60,60,4,0,7,7,2,7,7,2,0,1,0,0,0
2013,1,0,0,1,0,55,15,15,1,0,1,1,0,1,1,0,0,0,0,0,0
2013,1,0,0,1,0,60,36,36,3,0,4,4,2,2,2,3,0,2,0,0,0
2013,1,0,0,1,0,100,0,0,0,0,0,0,0,0,0,0,0,0,0,0,0
2013,1,0,0,1,1,0,18,18,0,18,0,0,18,18,18,0,0,0,0,0,0
2013,1,0,0,1,1,5,8,8,0,8,0,0,8,8,8,0,0,0,0,0,0
2013,1,0,0,1,1,10,11,11,0,11,1,1,11,11,11,0,0,0,0,0,0
2013,1,0,0,1,1,15,16,16,0,16,1,1,16,13,13,0,0,0,0,0,0
2013,1,0,0,1,1,20,62,62,0,62,1,1,62,53,52,0,0,1,0,0,0
2013,1,0,0,1,1,25,214,214,0,214,0,0,214,156,145,0,0,11,0,0,1
2013,1,0,0,1,1,30,342,342,0,342,4,4,342,236,225,0,0,10,0,0,0
2013,1,0,0,1,1,35,413,413,0,413,4,3,413,225,211,0,0,10,0,0,0
2013,1,0,0,1,1,40,348,348,0,348,4,3,348,70,70,0,0,5,0,0,0
2013,1,0,0,1,1,45,299,299,0,299,10,10,299,34,34,0,0,3,0,0,0
2013,1,0,0,1,1,50,128,128,0,128,2,1,128,15,15,0,0,2,0,0,0
2013,1,0,0,1,1,55,53,53,0,53,2,2,53,10,10,0,0,0,0,0,0
2013,1,0,0,1,1,60,71,71,0,71,4,3,71,7,7,0,0,0,0,0,0
2013,1,0,0,1,1,100,0,0,0,0,0,0,0,0,0,0,0,0,0,0,0
2013,1,0,1,0,0,0,0,0,0,0,0,0,0,0,0,0,0,0,0,0,0
2013,1,0,1,0,0,5,0,0,0,0,0,0,0,0,0,0,0,0,0,0,0
2013,1,0,1,0,0,10,18,0,0,0,0,0,0,0,0,0,0,0,0,0,0
2013,1,0,1,0,0,15,95,0,0,0,0,0,8,9,0,0,10,0,0,0,0
2013,1,0,1,0,0,20,262,0,0,0,1,0,114,148,0,0,82,0,0,0,0
2013,1,0,1,0,0,25,326,0,0,0,0,0,149,216,0,0,101,0,0,0,0
2013,1,0,1,0,0,30,290,0,0,0,0,0,138,200,0,0,94,0,0,0,0
2013,1,0,1,0,0,35,198,0,0,0,0,0,98,133,0,0,67,0,0,0,0
2013,1,0,1,0,0,40,156,0,0,0,0,0,9,13,0,0,4,0,0,0,0
2013,1,0,1,0,0,45,99,0,0,0,0,0,0,0,0,0,0,0,0,0,0
2013,1,0,1,0,0,50,57,0,0,0,2,0,0,0,0,0,0,0,0,0,0
2013,1,0,1,0,0,55,30,0,0,0,1,0,0,0,0,0,0,0,0,0,0
2013,1,0,1,0,0,60,90,0,0,0,2,0,0,0,0,0,0,0,0,0,0
2013,1,0,1,0,0,100,0,0,0,0,0,0,0,0,0,0,0,0,0,0,0
2013,1,0,1,0,1,0,0,0,0,0,0,0,0,0,0,0,0,0,0,0,0
2013,1,0,1,0,1,5,0,0,0,0,0,0,0,0,0,0,0,0,0,0,0
2013,1,0,1,0,1,10,0,0,0,0,0,0,0,0,0,0,0,0,0,0,0
2013,1,0,1,0,1,15,0,0,0,0,0,0,0,0,0,0,0,0,0,0,0
2013,1,0,1,0,1,20,0,0,0,0,0,0,0,0,0,0,0,0,0,0,0
2013,1,0,1,0,1,25,0,0,0,0,0,0,0,0,0,0,0,0,0,0,0
2013,1,0,1,0,1,30,0,0,0,0,0,0,0,0,0,0,0,0,0,0,0
2013,1,0,1,0,1,35,0,0,0,0,0,0,0,0,0,0,0,0,0,0,0
2013,1,0,1,0,1,40,0,0,0,0,0,0,0,0,0,0,0,0,0,0,0
2013,1,0,1,0,1,45,0,0,0,0,0,0,0,0,0,0,0,0,0,0,0
2013,1,0,1,0,1,50,0,0,0,0,0,0,0,0,0,0,0,0,0,0,0
2013,1,0,1,0,1,55,0,0,0,0,0,0,0,0,0,0,0,0,0,0,0
2013,1,0,1,0,1,60,0,0,0,0,0,0,0,0,0,0,0,0,0,0,0
2013,1,0,1,0,1,100,0,0,0,0,0,0,0,0,0,0,0,0,0,0,0
2013,1,0,1,1,0,0,0,0,0,0,0,0,0,0,0,0,0,0,0,0,0
2013,1,0,1,1,0,5,0,0,0,0,0,0,0,0,0,0,0,0,0,0,0
2013,1,0,1,1,0,10,0,0,0,0,0,0,0,0,0,0,0,0,0,0,0
2013,1,0,1,1,0,15,1,1,0,0,0,0,1,1,1,0,0,0,0,0,0
2013,1,0,1,1,0,20,11,11,1,0,0,0,2,7,6,2,0,2,0,0,0
2013,1,0,1,1,0,25,38,38,4,0,0,0,9,29,21,4,0,6,0,0,0
2013,1,0,1,1,0,30,44,44,2,0,3,3,5,28,28,4,0,5,0,0,0
2013,1,0,1,1,0,35,36,36,2,0,1,1,8,25,24,3,0,4,0,0,0
2013,1,0,1,1,0,40,20,20,2,0,0,0,2,3,3,1,0,2,0,0,0
2013,1,0,1,1,0,45,23,23,0,0,4,4,0,0,0,0,0,2,0,0,0
2013,1,0,1,1,0,50,8,8,0,0,0,0,1,1,1,0,0,0,0,0,0
2013,1,0,1,1,0,55,1,1,0,0,0,0,0,0,0,0,0,0,0,0,0
2013,1,0,1,1,0,60,1,1,0,0,0,0,0,0,0,0,0,0,0,0,0
2013,1,0,1,1,0,100,0,0,0,0,0,0,0,0,0,0,0,0,0,0,0
2013,1,0,1,1,1,0,0,0,0,0,0,0,0,0,0,0,0,0,0,0,0
2013,1,0,1,1,1,5,0,0,0,0,0,0,0,0,0,0,0,0,0,0,0
2013,1,0,1,1,1,10,0,0,0,0,0,0,0,0,0,0,0,0,0,0,0
2013,1,0,1,1,1,15,0,0,0,0,0,0,0,0,0,0,0,0,0,0,0
2013,1,0,1,1,1,20,2,2,0,2,0,0,2,1,1,0,0,0,0,0,0
2013,1,0,1,1,1,25,25,25,0,25,1,1,25,14,13,0,0,2,0,0,0
2013,1,0,1,1,1,30,34,34,0,34,0,0,34,21,20,0,0,1,0,0,0
2013,1,0,1,1,1,35,39,39,0,39,0,0,39,23,23,0,0,1,0,0,0
2013,1,0,1,1,1,40,44,44,0,44,1,1,44,7,7,0,0,1,0,0,0
2013,1,0,1,1,1,45,29,29,0,29,1,1,29,0,0,0,0,1,0,0,0
2013,1,0,1,1,1,50,15,15,0,15,0,0,15,1,1,0,0,0,0,0,0
2013,1,0,1,1,1,55,5,5,0,5,0,0,5,1,1,0,0,0,0,0,0
2013,1,0,1,1,1,60,3,3,0,3,0,0,3,2,2,0,0,0,0,0,0
2013,1,0,1,1,1,100,0,0,0,0,0,0,0,0,0,0,0,0,0,0,0
2013,1,1,0,0,0,0,5378,0,0,0,18,0,392,1718,0,0,178,0,0,0,0
2013,1,1,0,0,0,5,4842,0,0,0,2,0,0,438,0,0,0,0,0,0,0
2013,1,1,0,0,0,10,4656,0,0,0,2,0,93,96,0,0,116,0,0,0,0
2013,1,1,0,0,0,15,4084,0,0,0,1,0,1098,1737,0,0,823,0,0,0,0
2013,1,1,0,0,0,20,3425,0,0,0,4,0,1631,2642,0,0,1227,0,0,0,0
2013,1,1,0,0,0,25,2364,0,0,0,1,0,1237,2093,0,0,929,0,0,0,0
2013,1,1,0,0,0,30,1519,0,0,0,1,0,819,1395,0,0,588,0,0,0,0
2013,1,1,0,0,0,35,913,0,0,0,2,0,312,721,0,0,214,0,0,0,0
2013,1,1,0,0,0,40,723,0,0,0,1,0,86,355,0,0,47,0,0,0,0
2013,1,1,0,0,0,45,685,0,0,0,1,0,15,150,0,0,5,0,0,0,0
2013,1,1,0,0,0,50,429,0,0,0,0,0,1,20,0,0,1,0,0,0,0
2013,1,1,0,0,0,55,305,0,0,0,2,0,0,0,0,0,0,0,0,0,0
2013,1,1,0,0,0,60,1655,0,0,0,32,0,0,0,0,0,0,0,0,0,0
2013,1,1,0,0,0,100,2,0,0,0,0,0,0,0,0,0,0,0,0,0,0
2013,1,1,0,0,1,0,0,0,0,0,0,0,0,0,0,0,0,0,0,0,0
2013,1,1,0,0,1,5,0,0,0,0,0,0,0,0,0,0,0,0,0,0,0
2013,1,1,0,0,1,10,0,0,0,0,0,0,0,0,0,0,0,0,0,0,0
2013,1,1,0,0,1,15,0,0,0,0,0,0,0,0,0,0,0,0,0,0,0
2013,1,1,0,0,1,20,0,0,0,0,0,0,0,0,0,0,0,0,0,0,0
2013,1,1,0,0,1,25,0,0,0,0,0,0,0,0,0,0,0,0,0,0,0
2013,1,1,0,0,1,30,0,0,0,0,0,0,0,0,0,0,0,0,0,0,0
2013,1,1,0,0,1,35,0,0,0,0,0,0,0,0,0,0,0,0,0,0,0
2013,1,1,0,0,1,40,0,0,0,0,0,0,0,0,0,0,0,0,0,0,0
2013,1,1,0,0,1,45,0,0,0,0,0,0,0,0,0,0,0,0,0,0,0
2013,1,1,0,0,1,50,0,0,0,0,0,0,0,0,0,0,0,0,0,0,0
2013,1,1,0,0,1,55,0,0,0,0,0,0,0,0,0,0,0,0,0,0,0
2013,1,1,0,0,1,60,0,0,0,0,0,0,0,0,0,0,0,0,0,0,0
2013,1,1,0,0,1,100,0,0,0,0,0,0,0,0,0,0,0,0,0,0,0
2013,1,1,0,1,0,0,96,96,13,0,7,7,5,24,24,7,0,0,0,0,0
2013,1,1,0,1,0,5,135,135,0,0,2,2,3,19,19,3,0,0,0,0,0
2013,1,1,0,1,0,10,137,137,8,0,5,5,6,9,6,2,0,0,0,0,0
2013,1,1,0,1,0,15,216,216,33,0,4,4,54,111,72,34,0,16,0,0,0
2013,1,1,0,1,0,20,509,509,77,0,3,3,148,397,269,104,0,35,0,0,0
2013,1,1,0,1,0,25,608,608,55,0,9,8,158,504,361,122,0,25,0,0,0
2013,1,1,0,1,0,30,535,535,31,0,10,10,94,443,349,78,0,14,0,0,0
2013,1,1,0,1,0,35,368,368,14,0,9,9,44,265,204,36,0,10,0,0,0
2013,1,1,0,1,0,40,243,243,7,0,7,7,17,101,70,11,0,2,0,0,0
2013,1,1,0,1,0,45,155,155,5,0,7,6,5,36,21,5,0,8,0,0,0
2013,1,1,0,1,0,50,56,56,1,0,3,2,3,8,6,1,0,1,0,0,0
2013,1,1,0,1,0,55,25,25,1,0,0,0,0,4,3,1,0,0,0,0,0
2013,1,1,0,1,0,60,50,50,1,0,4,4,0,3,3,1,0,1,0,0,0
2013,1,1,0,1,0,100,0,0,0,0,0,0,0,0,0,0,0,0,0,0,0
2013,1,1,0,1,1,0,12,12,0,12,0,0,12,12,12,0,0,0,0,0,0
2013,1,1,0,1,1,5,7,7,0,7,0,0,7,7,7,0,0,0,0,0,0
2013,1,1,0,1,1,10,17,17,0,17,0,0,17,17,17,0,0,1,0,0,0
2013,1,1,0,1,1,15,112,112,0,112,1,1,112,85,84,0,0,2,0,0,0
2013,1,1,0,1,1,20,395,395,0,395,2,2,395,335,294,0,0,4,0,0,0
2013,1,1,0,1,1,25,752,752,0,752,3,3,752,644,599,0,0,6,0,0,0
2013,1,1,0,1,1,30,832,832,0,832,14,13,832,700,642,0,0,7,0,0,0
2013,1,1,0,1,1,35,736,736,0,736,12,12,736,521,475,0,0,3,0,0,0
2013,1,1,0,1,1,40,512,512,0,512,2,1,512,232,197,0,0,3,0,0,0
2013,1,1,0,1,1,45,315,315,0,315,10,9,315,97,89,0,0,0,0,0,0
2013,1,1,0,1,1,50,149,149,0,149,1,1,149,28,25,0,0,0,0,0,0
2013,1,1,0,1,1,55,63,63,0,63,2,2,63,14,14,0,0,0,0,0,0
2013,1,1,0,1,1,60,103,103,0,103,2,0,103,15,15,0,0,1,0,0,0
2013,1,1,0,1,1,100,0,0,0,0,0,0,0,0,0,0,0,0,0,0,0
2013.5,1,0,0,0,0,0,5407,0,0,0,27,0,381,1790,0,0,177,0,0,0,0
2013.5,1,0,0,0,0,5,4945,0,0,0,0,0,0,570,0,0,0,0,0,0,1
2013.5,1,0,0,0,0,10,4467,0,0,0,1,0,0,0,0,0,2,0,0,0,2
2013.5,1,0,0,0,0,15,4180,0,0,0,3,0,307,356,0,0,269,0,0,0,21
2013.5,1,0,0,0,0,20,3611,0,0,0,2,0,1453,1974,0,0,1072,0,0,0,29
2013.5,1,0,0,0,0,25,2773,0,0,0,2,0,1287,1895,0,0,948,0,0,0,6
2013.5,1,0,0,0,0,30,1907,0,0,0,5,0,914,1343,0,0,673,0,0,0,0
2013.5,1,0,0,0,0,35,1300,0,0,0,1,0,610,906,0,0,429,0,0,0,0
2013.5,1,0,0,0,0,40,947,0,0,0,2,0,99,140,0,0,59,0,0,0,0
2013.5,1,0,0,0,0,45,626,0,0,0,2,0,0,0,0,0,0,0,0,0,0
2013.5,1,0,0,0,0,50,428,0,0,0,3,0,0,0,0,0,0,0,0,0,0
2013.5,1,0,0,0,0,55,234,0,0,0,3,0,0,0,0,0,0,0,0,0,0
2013.5,1,0,0,0,0,60,851,0,0,0,43,0,0,0,0,0,0,0,0,0,0
2013.5,1,0,0,0,0,100,0,0,0,0,0,0,0,0,0,0,0,0,0,0,0
2013.5,1,0,0,0,1,0,0,0,0,0,0,0,0,0,0,0,0,0,0,0,0
2013.5,1,0,0,0,1,5,0,0,0,0,0,0,0,0,0,0,0,0,0,0,0
2013.5,1,0,0,0,1,10,0,0,0,0,0,0,0,0,0,0,0,0,0,0,0
2013.5,1,0,0,0,1,15,0,0,0,0,0,0,0,0,0,0,0,0,0,0,0
2013.5,1,0,0,0,1,20,0,0,0,0,0,0,0,0,0,0,0,0,0,0,0
2013.5,1,0,0,0,1,25,0,0,0,0,0,0,0,0,0,0,0,0,0,0,0
2013.5,1,0,0,0,1,30,0,0,0,0,0,0,0,0,0,0,0,0,0,0,0
2013.5,1,0,0,0,1,35,0,0,0,0,0,0,0,0,0,0,0,0,0,0,0
2013.5,1,0,0,0,1,40,0,0,0,0,0,0,0,0,0,0,0,0,0,0,0
2013.5,1,0,0,0,1,45,0,0,0,0,0,0,0,0,0,0,0,0,0,0,0
2013.5,1,0,0,0,1,50,0,0,0,0,0,0,0,0,0,0,0,0,0,0,0
2013.5,1,0,0,0,1,55,0,0,0,0,0,0,0,0,0,0,0,0,0,0,0
2013.5,1,0,0,0,1,60,0,0,0,0,0,0,0,0,0,0,0,0,0,0,0
2013.5,1,0,0,0,1,100,0,0,0,0,0,0,0,0,0,0,0,0,0,0,0
2013.5,1,0,0,1,0,0,77,77,8,0,9,9,4,18,18,5,0,0,0,0,0
2013.5,1,0,0,1,0,5,128,128,0,0,3,3,3,19,19,1,0,0,0,0,0
2013.5,1,0,0,1,0,10,126,126,0,0,3,3,3,3,3,4,0,0,0,0,1
2013.5,1,0,0,1,0,15,99,99,6,0,3,3,8,9,8,5,0,3,0,0,0
2013.5,1,0,0,1,0,20,215,215,25,0,1,1,48,101,83,40,0,30,0,0,1
2013.5,1,0,0,1,0,25,355,355,25,0,8,7,67,212,176,46,0,43,0,0,0
2013.5,1,0,0,1,0,30,350,350,14,0,8,7,60,219,195,33,0,36,0,0,0
2013.5,1,0,0,1,0,35,274,274,12,0,5,5,39,154,136,29,0,16,0,0,0
2013.5,1,0,0,1,0,40,250,250,9,0,6,6,13,32,29,8,0,20,0,0,0
2013.5,1,0,0,1,0,45,159,159,5,0,5,5,4,7,7,5,0,4,0,0,0
2013.5,1,0,0,1,0,50,46,46,5,0,3,3,1,5,5,1,0,3,0,0,0
2013.5,1,0,0,1,0,55,10,10,1,0,2,0,1,2,2,1,0,0,0,0,0
2013.5,1,0,0,1,0,60,35,35,4,0,1,0,3,3,3,3,0,2,0,0,0
2013.5,1,0,0,1,0,100,0,0,0,0,0,0,0,0,0,0,0,0,0,0,0
2013.5,1,0,0,1,1,0,15,15,0,15,0,0,15,15,15,0,0,0,0,0,0
2013.5,1,0,0,1,1,5,10,10,0,10,1,1,10,10,10,0,0,0,0,0,0
2013.5,1,0,0,1,1,10,12,12,0,12,0,0,12,12,12,0,0,0,0,0,0
2013.5,1,0,0,1,1,15,17,17,0,17,0,0,17,14,14,0,0,0,0,0,0
2013.5,1,0,0,1,1,20,81,81,0,81,0,0,81,72,71,0,0,3,0,0,0
2013.5,1,0,0,1,1,25,233,233,0,233,1,1,233,185,176,0,0,6,0,0,1
2013.5,1,0,0,1,1,30,377,377,0,377,4,4,377,264,248,0,0,8,0,0,0
2013.5,1,0,0,1,1,35,410,410,0,410,9,8,410,239,224,0,0,3,0,0,0
2013.5,1,0,0,1,1,40,369,369,0,369,6,5,369,90,89,0,0,7,0,0,0
2013.5,1,0,0,1,1,45,321,321,0,321,8,8,321,32,32,0,0,5,0,0,0
2013.5,1,0,0,1,1,50,163,163,0,163,4,4,163,21,21,0,0,0,0,0,0
2013.5,1,0,0,1,1,55,56,56,0,56,4,3,56,9,9,0,0,1,0,0,0
2013.5,1,0,0,1,1,60,79,79,0,79,2,0,79,8,8,0,0,2,0,0,0
2013.5,1,0,0,1,1,100,0,0,0,0,0,0,0,0,0,0,0,0,0,0,0
2013.5,1,0,1,0,0,0,0,0,0,0,0,0,0,0,0,0,0,0,0,0,0
2013.5,1,0,1,0,0,5,1,0,0,0,0,0,0,0,0,0,0,0,0,0,0
2013.5,1,0,1,0,0,10,17,0,0,0,0,0,0,0,0,0,0,0,0,0,0
2013.5,1,0,1,0,0,15,105,0,0,0,0,0,13,15,0,0,15,0,0,0,0
2013.5,1,0,1,0,0,20,266,0,0,0,0,0,112,149,0,0,75,0,0,0,0
2013.5,1,0,1,0,0,25,341,0,0,0,0,0,160,236,0,0,105,0,0,0,0
2013.5,1,0,1,0,0,30,292,0,0,0,0,0,133,207,0,0,104,0,0,0,0
2013.5,1,0,1,0,0,35,199,0,0,0,0,0,88,139,0,0,50,0,0,0,0
2013.5,1,0,1,0,0,40,159,0,0,0,0,0,15,23,0,0,11,0,0,0,0
2013.5,1,0,1,0,0,45,98,0,0,0,0,0,0,0,0,0,0,0,0,0,0
2013.5,1,0,1,0,0,50,66,0,0,0,0,0,0,0,0,0,0,0,0,0,0
2013.5,1,0,1,0,0,55,32,0,0,0,0,0,0,0,0,0,0,0,0,0,0
2013.5,1,0,1,0,0,60,87,0,0,0,4,0,0,0,0,0,0,0,0,0,0
2013.5,1,0,1,0,0,100,0,0,0,0,0,0,0,0,0,0,0,0,0,0,0
2013.5,1,0,1,0,1,0,0,0,0,0,0,0,0,0,0,0,0,0,0,0,0
2013.5,1,0,1,0,1,5,0,0,0,0,0,0,0,0,0,0,0,0,0,0,0
2013.5,1,0,1,0,1,10,0,0,0,0,0,0,0,0,0,0,0,0,0,0,0
2013.5,1,0,1,0,1,15,0,0,0,0,0,0,0,0,0,0,0,0,0,0,0
2013.5,1,0,1,0,1,20,0,0,0,0,0,0,0,0,0,0,0,0,0,0,0
2013.5,1,0,1,0,1,25,0,0,0,0,0,0,0,0,0,0,0,0,0,0,0
2013.5,1,0,1,0,1,30,0,0,0,0,0,0,0,0,0,0,0,0,0,0,0
2013.5,1,0,1,0,1,35,0,0,0,0,0,0,0,0,0,0,0,0,0,0,0
2013.5,1,0,1,0,1,40,0,0,0,0,0,0,0,0,0,0,0,0,0,0,0
2013.5,1,0,1,0,1,45,0,0,0,0,0,0,0,0,0,0,0,0,0,0,0
2013.5,1,0,1,0,1,50,0,0,0,0,0,0,0,0,0,0,0,0,0,0,0
2013.5,1,0,1,0,1,55,0,0,0,0,0,0,0,0,0,0,0,0,0,0,0
2013.5,1,0,1,0,1,60,0,0,0,0,0,0,0,0,0,0,0,0,0,0,0
2013.5,1,0,1,0,1,100,0,0,0,0,0,0,0,0,0,0,0,0,0,0,0
2013.5,1,0,1,1,0,0,0,0,0,0,0,0,0,0,0,0,0,0,0,0,0
2013.5,1,0,1,1,0,5,0,0,0,0,0,0,0,0,0,0,0,0,0,0,0
2013.5,1,0,1,1,0,10,1,1,0,0,0,0,0,0,0,0,0,0,0,0,0
2013.5,1,0,1,1,0,15,2,2,1,0,0,0,2,2,2,1,0,0,0,0,0
2013.5,1,0,1,1,0,20,11,11,1,0,1,1,2,7,5,1,0,1,0,0,0
2013.5,1,0,1,1,0,25,31,31,1,0,0,0,5,23,19,4,0,6,0,0,0
2013.5,1,0,1,1,0,30,46,46,3,0,2,2,6,32,29,5,0,2,0,0,0
2013.5,1,0,1,1,0,35,32,32,2,0,2,1,10,25,24,7,0,1,0,0,0
2013.5,1,0,1,1,0,40,20,20,0,0,0,0,3,5,5,1,0,2,0,0,0
2013.5,1,0,1,1,0,45,24,24,4,0,2,2,2,2,2,2,0,0,0,0,0
2013.5,1,0,1,1,0,50,6,6,0,0,1,0,0,1,1,0,0,0,0,0,0
2013.5,1,0,1,1,0,55,1,1,0,0,0,0,0,0,0,0,0,0,0,0,0
2013.5,1,0,1,1,0,60,2,2,1,0,0,0,0,0,0,0,0,0,0,0,0
2013.5,1,0,1,1,0,100,0,0,0,0,0,0,0,0,0,0,0,0,0,0,0
2013.5,1,0,1,1,1,0,0,0,0,0,0,0,0,0,0,0,0,0,0,0,0
2013.5,1,0,1,1,1,5,0,0,0,0,0,0,0,0,0,0,0,0,0,0,0
2013.5,1,0,1,1,1,10,0,0,0,0,0,0,0,0,0,0,0,0,0,0,0
2013.5,1,0,1,1,1,15,0,0,0,0,0,0,0,0,0,0,0,0,0,0,0
2013.5,1,0,1,1,1,20,3,3,0,3,0,0,3,2,2,0,0,0,0,0,0
2013.5,1,0,1,1,1,25,25,25,0,25,0,0,25,17,16,0,0,0,0,0,0
2013.5,1,0,1,1,1,30,35,35,0,35,1,1,35,21,20,0,0,0,0,0,0
2013.5,1,0,1,1,1,35,44,44,0,44,0,0,44,29,29,0,0,1,0,0,0
2013.5,1,0,1,1,1,40,41,41,0,41,0,0,41,6,6,0,0,0,0,0,0
2013.5,1,0,1,1,1,45,36,36,0,36,0,0,36,2,2,0,0,2,0,0,0
2013.5,1,0,1,1,1,50,19,19,0,19,0,0,19,0,0,0,0,0,0,0,0
2013.5,1,0,1,1,1,55,5,5,0,5,0,0,5,1,1,0,0,0,0,0,0
2013.5,1,0,1,1,1,60,3,3,0,3,0,0,3,2,2,0,0,0,0,0,0
2013.5,1,0,1,1,1,100,0,0,0,0,0,0,0,0,0,0,0,0,0,0,0
2013.5,1,1,0,0,0,0,5410,0,0,0,18,0,389,1759,0,0,182,0,0,0,0
2013.5,1,1,0,0,0,5,4850,0,0,0,0,0,0,576,0,0,0,0,0,0,0
2013.5,1,1,0,0,0,10,4701,0,0,0,2,0,111,115,0,0,119,0,0,0,0
2013.5,1,1,0,0,0,15,4134,0,0,0,3,0,1119,1770,0,0,891,0,0,0,0
2013.5,1,1,0,0,0,20,3423,0,0,0,1,0,1662,2692,0,0,1268,0,0,0,0
2013.5,1,1,0,0,0,25,2434,0,0,0,0,0,1312,2190,0,0,948,0,0,0,0
2013.5,1,1,0,0,0,30,1553,0,0,0,1,0,815,1440,0,0,609,0,0,0,0
2013.5,1,1,0,0,0,35,960,0,0,0,1,0,368,785,0,0,272,0,0,0,0
2013.5,1,1,0,0,0,40,711,0,0,0,1,0,85,377,0,0,54,0,0,0,0
2013.5,1,1,0,0,0,45,675,0,0,0,1,0,14,160,0,0,12,0,0,0,0
2013.5,1,1,0,0,0,50,455,0,0,0,2,0,1,25,0,0,1,0,0,0,0
2013.5,1,1,0,0,0,55,308,0,0,0,2,0,0,0,0,0,0,0,0,0,0
2013.5,1,1,0,0,0,60,1631,0,0,0,48,0,0,0,0,0,0,0,0,0,0
2013.5,1,1,0,0,0,100,2,0,0,0,0,0,0,0,0,0,0,0,0,0,0
2013.5,1,1,0,0,1,0,0,0,0,0,0,0,0,0,0,0,0,0,0,0,0
2013.5,1,1,0,0,1,5,0,0,0,0,0,0,0,0,0,0,0,0,0,0,0
2013.5,1,1,0,0,1,10,0,0,0,0,0,0,0,0,0,0,0,0,0,0,0
2013.5,1,1,0,0,1,15,0,0,0,0,0,0,0,0,0,0,0,0,0,0,0
2013.5,1,1,0,0,1,20,0,0,0,0,0,0,0,0,0,0,0,0,0,0,0
2013.5,1,1,0,0,1,25,0,0,0,0,0,0,0,0,0,0,0,0,0,0,0
2013.5,1,1,0,0,1,30,0,0,0,0,0,0,0,0,0,0,0,0,0,0,0
2013.5,1,1,0,0,1,35,0,0,0,0,0,0,0,0,0,0,0,0,0,0,0
2013.5,1,1,0,0,1,40,0,0,0,0,0,0,0,0,0,0,0,0,0,0,0
2013.5,1,1,0,0,1,45,0,0,0,0,0,0,0,0,0,0,0,0,0,0,0
2013.5,1,1,0,0,1,50,0,0,0,0,0,0,0,0,0,0,0,0,0,0,0
2013.5,1,1,0,0,1,55,0,0,0,0,0,0,0,0,0,0,0,0,0,0,0
2013.5,1,1,0,0,1,60,0,0,0,0,0,0,0,0,0,0,0,0,0,0,0
2013.5,1,1,0,0,1,100,0,0,0,0,0,0,0,0,0,0,0,0,0,0,0
2013.5,1,1,0,1,0,0,92,92,11,0,5,4,5,23,23,7,0,0,0,0,0
2013.5,1,1,0,1,0,5,131,131,0,0,2,2,2,19,19,1,0,0,0,0,0
2013.5,1,1,0,1,0,10,134,134,14,0,8,8,7,7,6,10,0,7,0,0,0
2013.5,1,1,0,1,0,15,210,210,34,0,7,7,54,108,69,26,0,12,0,0,0
2013.5,1,1,0,1,0,20,461,461,56,0,2,1,114,349,217,74,0,25,0,0,0
2013.5,1,1,0,1,0,25,540,540,43,0,5,5,131,449,322,92,0,14,0,0,0
2013.5,1,1,0,1,0,30,497,497,20,0,12,12,109,417,329,88,0,16,0,0,0
2013.5,1,1,0,1,0,35,338,338,19,0,13,12,53,260,193,33,0,4,0,0,0
2013.5,1,1,0,1,0,40,221,221,9,0,10,9,13,102,64,12,0,5,0,0,0
2013.5,1,1,0,1,0,45,132,132,7,0,12,10,7,33,19,7,0,6,0,0,0
2013.5,1,1,0,1,0,50,49,49,1,0,2,0,2,8,6,2,0,0,0,0,0
2013.5,1,1,0,1,0,55,24,24,3,0,2,2,4,7,6,5,0,0,0,0,0
2013.5,1,1,0,1,0,60,40,40,1,0,4,4,0,2,2,0,0,0,0,0,0
2013.5,1,1,0,1,0,100,1,1,0,0,0,0,0,0,0,0,0,0,0,0,0
2013.5,1,1,0,1,1,0,14,14,0,14,0,0,14,14,14,0,0,0,0,0,0
2013.5,1,1,0,1,1,5,8,8,0,8,0,0,8,8,8,0,0,0,0,0,0
2013.5,1,1,0,1,1,10,19,19,0,19,0,0,19,19,19,0,0,0,0,0,0
2013.5,1,1,0,1,1,15,113,113,0,113,0,0,113,90,89,0,0,0,0,0,0
2013.5,1,1,0,1,1,20,437,437,0,437,3,2,437,373,329,0,0,8,0,0,0
2013.5,1,1,0,1,1,25,808,808,0,808,5,5,808,712,661,0,0,5,0,0,0
2013.5,1,1,0,1,1,30,908,908,0,908,6,6,908,771,706,0,0,2,0,0,0
2013.5,1,1,0,1,1,35,790,790,0,790,7,5,790,585,530,0,0,5,0,0,0
2013.5,1,1,0,1,1,40,559,559,0,559,11,10,559,266,227,0,0,5,0,0,0
2013.5,1,1,0,1,1,45,355,355,0,355,5,5,355,118,104,0,0,2,0,0,0
2013.5,1,1,0,1,1,50,172,172,0,172,2,2,172,35,31,0,0,2,0,0,0
2013.5,1,1,0,1,1,55,65,65,0,65,1,1,65,12,12,0,0,1,0,0,0
2013.5,1,1,0,1,1,60,114,114,0,114,3,2,114,18,18,0,0,0,0,0,0
2013.5,1,1,0,1,1,100,0,0,0,0,0,0,0,0,0,0,0,0,0,0,0
2014,1,0,0,0,0,0,5442,0,0,0,30,0,402,1811,0,0,208,0,0,0,0
2014,1,0,0,0,0,5,5005,0,0,0,1,0,0,746,0,0,0,0,0,0,1
2014,1,0,0,0,0,10,4489,0,0,0,1,0,0,1,0,0,0,0,0,0,3
2014,1,0,0,0,0,15,4169,0,0,0,7,0,334,385,0,0,306,0,0,0,14
2014,1,0,0,0,0,20,3657,0,0,0,5,0,1415,1983,0,0,1081,0,0,0,24
2014,1,0,0,0,0,25,2830,0,0,0,4,0,1383,2025,0,0,1025,0,0,0,11
2014,1,0,0,0,0,30,1937,0,0,0,3,0,955,1409,0,0,745,0,0,0,0
2014,1,0,0,0,0,35,1338,0,0,0,0,0,657,987,0,0,438,0,0,0,0
2014,1,0,0,0,0,40,978,0,0,0,1,0,146,208,0,0,104,0,0,0,0
2014,1,0,0,0,0,45,643,0,0,0,2,0,0,0,0,0,0,0,0,0,0
2014,1,0,0,0,0,50,446,0,0,0,3,0,0,0,0,0,0,0,0,0,0
2014,1,0,0,0,0,55,226,0,0,0,1,0,0,0,0,0,0,0,0,0,0
2014,1,0,0,0,0,60,846,0,0,0,30,0,0,0,0,0,0,0,0,0,0
2014,1,0,0,0,0,100,0,0,0,0,0,0,0,0,0,0,0,0,0,0,0
2014,1,0,0,0,1,0,0,0,0,0,0,0,0,0,0,0,0,0,0,0,0
2014,1,0,0,0,1,5,0,0,0,0,0,0,0,0,0,0,0,0,0,0,0
2014,1,0,0,0,1,10,0,0,0,0,0,0,0,0,0,0,0,0,0,0,0
2014,1,0,0,0,1,15,0,0,0,0,0,0,0,0,0,0,0,0,0,0,0
2014,1,0,0,0,1,20,0,0,0,0,0,0,0,0,0,0,0,0,0,0,0
2014,1,0,0,0,1,25,0,0,0,0,0,0,0,0,0,0,0,0,0,0,0
2014,1,0,0,0,1,30,0,0,0,0,0,0,0,0,0,0,0,0,0,0,0
2014,1,0,0,0,1,35,0,0,0,0,0,0,0,0,0,0,0,0,0,0,0
2014,1,0,0,0,1,40,0,0,0,0,0,0,0,0,0,0,0,0,0,0,0
2014,1,0,0,0,1,45,0,0,0,0,0,0,0,0,0,0,0,0,0,0,0
2014,1,0,0,0,1,50,0,0,0,0,0,0,0,0,0,0,0,0,0,0,0
2014,1,0,0,0,1,55,0,0,0,0,0,0,0,0,0,0,0,0,0,0,0
2014,1,0,0,0,1,60,0,0,0,0,0,0,0,0,0,0,0,0,0,0,0
2014,1,0,0,0,1,100,0,0,0,0,0,0,0,0,0,0,0,0,0,0,0
2014,1,0,0,1,0,0,69,69,11,0,5,4,5,14,14,5,0,0,0,0,0
2014,1,0,0,1,0,5,120,120,0,0,0,0,1,21,21,1,0,0,0,0,0
2014,1,0,0,1,0,10,130,130,0,0,4,4,4,4,4,5,0,0,0,0,0
2014,1,0,0,1,0,15,97,97,8,0,6,6,6,9,9,6,0,2,0,0,0
2014,1,0,0,1,0,20,197,197,19,0,4,3,40,91,71,20,0,24,0,0,0
2014,1,0,0,1,0,25,320,320,29,0,3,3,60,192,160,44,0,50,0,0,1
2014,1,0,0,1,0,30,349,349,20,0,3,3,62,226,202,44,0,31,0,0,0
2014,1,0,0,1,0,35,253,253,14,0,7,7,38,149,128,27,0,12,0,0,0
2014,1,0,0,1,0,40,228,228,12,0,8,8,11,32,29,11,0,12,0,0,0
2014,1,0,0,1,0,45,133,133,2,0,6,4,1,5,5,4,0,4,0,0,0
2014,1,0,0,1,0,50,44,44,4,0,2,2,3,6,6,1,0,2,0,0,0
2014,1,0,0,1,0,55,13,13,3,0,1,0,1,2,2,1,0,1,0,0,0
2014,1,0,0,1,0,60,21,21,1,0,7,3,1,1,1,2,0,1,0,0,0
2014,1,0,0,1,0,100,0,0,0,0,0,0,0,0,0,0,0,0,0,0,0
2014,1,0,0,1,1,0,17,17,0,17,0,0,17,17,17,0,0,0,0,0,0
2014,1,0,0,1,1,5,10,10,0,10,1,1,10,10,10,0,0,0,0,0,0
2014,1,0,0,1,1,10,15,15,0,15,1,1,15,15,15,0,0,0,0,0,0
2014,1,0,0,1,1,15,12,12,0,12,0,0,12,12,12,0,0,0,0,0,0
2014,1,0,0,1,1,20,86,86,0,86,1,1,86,78,78,0,0,5,0,0,0
2014,1,0,0,1,1,25,254,254,0,254,3,3,254,213,201,0,0,6,0,0,2
2014,1,0,0,1,1,30,397,397,0,397,5,4,397,277,262,0,0,8,0,0,0
2014,1,0,0,1,1,35,421,421,0,421,13,10,421,260,243,0,0,5,0,0,0
2014,1,0,0,1,1,40,421,421,0,421,6,4,421,127,124,0,0,5,0,0,0
2014,1,0,0,1,1,45,339,339,0,339,8,7,339,29,29,0,0,3,0,0,0
2014,1,0,0,1,1,50,190,190,0,190,3,2,190,26,26,0,0,1,0,0,0
2014,1,0,0,1,1,55,51,51,0,51,3,1,51,10,10,0,0,1,0,0,0
2014,1,0,0,1,1,60,93,93,0,93,5,3,93,9,9,0,0,0,0,0,0
2014,1,0,0,1,1,100,0,0,0,0,0,0,0,0,0,0,0,0,0,0,0
2014,1,0,1,0,0,0,0,0,0,0,0,0,0,0,0,0,0,0,0,0,0
2014,1,0,1,0,0,5,2,0,0,0,0,0,0,0,0,0,0,0,0,0,0
2014,1,0,1,0,0,10,14,0,0,0,0,0,0,0,0,0,0,0,0,0,0
2014,1,0,1,0,0,15,112,0,0,0,0,0,17,18,0,0,16,0,0,0,0
2014,1,0,1,0,0,20,268,0,0,0,0,0,123,160,0,0,97,0,0,0,0
2014,1,0,1,0,0,25,343,0,0,0,0,0,169,250,0,0,128,0,0,0,0
2014,1,0,1,0,0,30,305,0,0,0,0,0,139,220,0,0,107,0,0,0,0
2014,1,0,1,0,0,35,211,0,0,0,0,0,98,154,0,0,64,0,0,0,0
2014,1,0,1,0,0,40,156,0,0,0,1,0,21,37,0,0,12,0,0,0,0
2014,1,0,1,0,0,45,107,0,0,0,1,0,0,0,0,0,0,0,0,0,0
2014,1,0,1,0,0,50,70,0,0,0,0,0,0,0,0,0,0,0,0,0,0
2014,1,0,1,0,0,55,30,0,0,0,2,0,0,0,0,0,0,0,0,0,0
2014,1,0,1,0,0,60,87,0,0,0,5,0,0,0,0,0,0,0,0,0,0
2014,1,0,1,0,0,100,0,0,0,0,0,0,0,0,0,0,0,0,0,0,0
2014,1,0,1,0,1,0,0,0,0,0,0,0,0,0,0,0,0,0,0,0,0
2014,1,0,1,0,1,5,0,0,0,0,0,0,0,0,0,0,0,0,0,0,0
2014,1,0,1,0,1,10,0,0,0,0,0,0,0,0,0,0,0,0,0,0,0
2014,1,0,1,0,1,15,0,0,0,0,0,0,0,0,0,0,0,0,0,0,0
2014,1,0,1,0,1,20,0,0,0,0,0,0,0,0,0,0,0,0,0,0,0
2014,1,0,1,0,1,25,0,0,0,0,0,0,0,0,0,0,0,0,0,0,0
2014,1,0,1,0,1,30,0,0,0,0,0,0,0,0,0,0,0,0,0,0,0
2014,1,0,1,0,1,35,0,0,0,0,0,0,0,0,0,0,0,0,0,0,0
2014,1,0,1,0,1,40,0,0,0,0,0,0,0,0,0,0,0,0,0,0,0
2014,1,0,1,0,1,45,0,0,0,0,0,0,0,0,0,0,0,0,0,0,0
2014,1,0,1,0,1,50,0,0,0,0,0,0,0,0,0,0,0,0,0,0,0
2014,1,0,1,0,1,55,0,0,0,0,0,0,0,0,0,0,0,0,0,0,0
2014,1,0,1,0,1,60,0,0,0,0,0,0,0,0,0,0,0,0,0,0,0
2014,1,0,1,0,1,100,0,0,0,0,0,0,0,0,0,0,0,0,0,0,0
2014,1,0,1,1,0,0,0,0,0,0,0,0,0,0,0,0,0,0,0,0,0
2014,1,0,1,1,0,5,0,0,0,0,0,0,0,0,0,0,0,0,0,0,0
2014,1,0,1,1,0,10,0,0,0,0,0,0,0,0,0,0,0,0,0,0,0
2014,1,0,1,1,0,15,3,3,0,0,0,0,1,2,2,0,0,1,0,0,0
2014,1,0,1,1,0,20,7,7,1,0,0,0,0,3,1,0,0,0,0,0,0
2014,1,0,1,1,0,25,29,29,1,0,1,1,5,23,20,4,0,7,0,0,0
2014,1,0,1,1,0,30,41,41,1,0,0,0,5,31,29,6,0,7,0,0,0
2014,1,0,1,1,0,35,23,23,0,0,0,0,4,18,18,4,0,3,0,0,0
2014,1,0,1,1,0,40,16,16,1,0,1,1,0,3,3,1,0,3,0,0,0
2014,1,0,1,1,0,45,14,14,0,0,1,1,1,1,1,0,0,1,0,0,0
2014,1,0,1,1,0,50,7,7,0,0,0,0,0,1,1,0,0,1,0,0,0
2014,1,0,1,1,0,55,1,1,0,0,0,0,0,0,0,0,0,0,0,0,0
2014,1,0,1,1,0,60,2,2,0,0,0,0,0,1,1,0,0,0,0,0,0
2014,1,0,1,1,0,100,0,0,0,0,0,0,0,0,0,0,0,0,0,0,0
2014,1,0,1,1,1,0,0,0,0,0,0,0,0,0,0,0,0,0,0,0,0
2014,1,0,1,1,1,5,0,0,0,0,0,0,0,0,0,0,0,0,0,0,0
2014,1,0,1,1,1,10,0,0,0,0,0,0,0,0,0,0,0,0,0,0,0
2014,1,0,1,1,1,15,0,0,0,0,0,0,0,0,0,0,0,0,0,0,0
2014,1,0,1,1,1,20,3,3,0,3,0,0,3,2,2,0,0,0,0,0,0
2014,1,0,1,1,1,25,26,26,0,26,0,0,26,20,19,0,0,0,0,0,0
2014,1,0,1,1,1,30,41,41,0,41,1,1,41,27,25,0,0,3,0,0,0
2014,1,0,1,1,1,35,53,53,0,53,0,0,53,34,34,0,0,1,0,0,0
2014,1,0,1,1,1,40,45,45,0,45,0,0,45,13,13,0,0,0,0,0,0
2014,1,0,1,1,1,45,45,45,0,45,2,0,45,3,3,0,0,0,0,0,0
2014,1,0,1,1,1,50,21,21,0,21,1,0,21,0,0,0,0,0,0,0,0
2014,1,0,1,1,1,55,5,5,0,5,0,0,5,1,1,0,0,0,0,0,0
2014,1,0,1,1,1,60,2,2,0,2,1,1,2,1,1,0,0,0,0,0,0
2014,1,0,1,1,1,100,0,0,0,0,0,0,0,0,0,0,0,0,0,0,0
2014,1,1,0,0,0,0,5432,0,0,0,18,0,420,1778,0,0,198,0,0,0,0
2014,1,1,0,0,0,5,4861,0,0,0,1,0,0,754,0,0,0,0,0,0,0
2014,1,1,0,0,0,10,4747,0,0,0,0,0,119,121,0,0,135,0,0,0,0
2014,1,1,0,0,0,15,4165,0,0,0,0,0,1133,1781,0,0,843,0,0,0,0
2014,1,1,0,0,0,20,3430,0,0,0,1,0,1708,2747,0,0,1265,0,0,0,0
2014,1,1,0,0,0,25,2508,0,0,0,3,0,1374,2282,0,0,1062,0,0,0,0
2014,1,1,0,0,0,30,1610,0,0,0,3,0,867,1506,0,0,642,0,0,0,0
2014,1,1,0,0,0,35,993,0,0,0,0,0,438,848,0,0,305,0,0,0,0
2014,1,1,0,0,0,40,700,0,0,0,1,0,99,399,0,0,68,0,0,0,0
2014,1,1,0,0,0,45,683,0,0,0,4,0,19,180,0,0,8,0,0,0,0
2014,1,1,0,0,0,50,468,0,0,0,4,0,2,33,0,0,1,0,0,0,0
2014,1,1,0,0,0,55,311,0,0,0,1,0,0,0,0,0,0,0,0,0,0
2014,1,1,0,0,0,60,1613,0,0,0,39,0,0,0,0,0,0,0,0,0,0
2014,1,1,0,0,0,100,2,0,0,0,1,0,0,0,0,0,0,0,0,0,0
2014,1,1,0,0,1,0,0,0,0,0,0,0,0,0,0,0,0,0,0,0,0
2014,1,1,0,0,1,5,0,0,0,0,0,0,0,0,0,0,0,0,0,0,0
2014,1,1,0,0,1,10,0,0,0,0,0,0,0,0,0,0,0,0,0,0,0
2014,1,1,0,0,1,15,0,0,0,0,0,0,0,0,0,0,0,0,0,0,0
2014,1,1,0,0,1,20,0,0,0,0,0,0,0,0,0,0,0,0,0,0,0
2014,1,1,0,0,1,25,0,0,0,0,0,0,0,0,0,0,0,0,0,0,0
2014,1,1,0,0,1,30,0,0,0,0,0,0,0,0,0,0,0,0,0,0,0
2014,1,1,0,0,1,35,0,0,0,0,0,0,0,0,0,0,0,0,0,0,0
2014,1,1,0,0,1,40,0,0,0,0,0,0,0,0,0,0,0,0,0,0,0
2014,1,1,0,0,1,45,0,0,0,0,0,0,0,0,0,0,0,0,0,0,0
2014,1,1,0,0,1,50,0,0,0,0,0,0,0,0,0,0,0,0,0,0,0
2014,1,1,0,0,1,55,0,0,0,0,0,0,0,0,0,0,0,0,0,0,0
2014,1,1,0,0,1,60,0,0,0,0,0,0,0,0,0,0,0,0,0,0,0
2014,1,1,0,0,1,100,0,0,0,0,0,0,0,0,0,0,0,0,0,0,0
2014,1,1,0,1,0,0,72,72,9,0,3,3,2,17,17,3,0,0,0,0,0
2014,1,1,0,1,0,5,134,134,0,0,2,2,1,20,20,3,0,0,0,0,0
2014,1,1,0,1,0,10,132,132,7,0,3,3,6,9,9,7,0,4,0,0,0
2014,1,1,0,1,0,15,204,204,36,0,4,3,52,101,65,25,0,16,0,0,0
2014,1,1,0,1,0,20,445,445,55,0,5,4,113,332,214,85,0,25,0,0,0
2014,1,1,0,1,0,25,515,515,42,0,9,8,133,436,323,91,0,14,0,0,0
2014,1,1,0,1,0,30,434,434,20,0,7,7,82,371,289,59,0,13,0,0,0
2014,1,1,0,1,0,35,311,311,19,0,3,3,43,249,182,36,0,6,0,0,0
2014,1,1,0,1,0,40,198,198,9,0,8,8,9,93,55,8,0,6,0,0,0
2014,1,1,0,1,0,45,113,113,6,0,2,2,7,36,23,9,0,2,0,0,0
2014,1,1,0,1,0,50,47,47,1,0,6,4,1,5,2,2,0,1,0,0,0
2014,1,1,0,1,0,55,22,22,2,0,0,0,2,3,3,1,0,0,0,0,0
2014,1,1,0,1,0,60,33,33,3,0,4,3,2,3,3,3,0,0,0,0,0
2014,1,1,0,1,0,100,1,1,0,0,0,0,0,0,0,0,0,0,0,0,0
2014,1,1,0,1,1,0,17,17,0,17,0,0,17,17,17,0,0,0,0,0,0
2014,1,1,0,1,1,5,10,10,0,10,0,0,10,10,10,0,0,0,0,0,0
2014,1,1,0,1,1,10,18,18,0,18,0,0,18,18,18,0,0,0,0,0,0
2014,1,1,0,1,1,15,119,119,0,119,1,1,119,94,92,0,0,1,0,0,0
2014,1,1,0,1,1,20,434,434,0,434,2,2,434,373,329,0,0,3,0,0,0
2014,1,1,0,1,1,25,834,834,0,834,3,3,834,743,680,0,0,5,0,0,0
2014,1,1,0,1,1,30,991,991,0,991,2,2,991,858,782,0,0,9,0,0,0
2014,1,1,0,1,1,35,849,849,0,849,9,9,849,637,580,0,0,5,0,0,0
2014,1,1,0,1,1,40,619,619,0,619,12,10,619,319,268,0,0,1,0,0,0
2014,1,1,0,1,1,45,387,387,0,387,11,8,387,129,110,0,0,3,0,0,0
2014,1,1,0,1,1,50,191,191,0,191,4,3,191,43,39,0,0,2,0,0,0
2014,1,1,0,1,1,55,77,77,0,77,0,0,77,16,15,0,0,0,0,0,0
2014,1,1,0,1,1,60,124,124,0,124,3,1,124,19,19,0,0,0,0,0,0
2014,1,1,0,1,1,100,0,0,0,0,0,0,0,0,0,0,0,0,0,0,0
2014.5,1,0,0,0,0,0,5473,0,0,0,22,0,408,1793,0,0,186,0,0,0,0
2014.5,1,0,0,0,0,5,5037,0,0,0,0,0,0,934,0,0,0,0,0,0,0
2014.5,1,0,0,0,0,10,4534,0,0,0,2,0,0,9,0,0,1,0,0,0,3
2014.5,1,0,0,0,0,15,4166,0,0,0,1,0,355,402,0,0,327,0,0,0,8
2014.5,1,0,0,0,0,20,3697,0,0,0,4,0,1451,1985,0,0,1119,0,0,0,16
2014.5,1,0,0,0,0,25,2879,0,0,0,2,0,1467,2114,0,0,1077,0,0,0,6
2014.5,1,0,0,0,0,30,1997,0,0,0,1,0,1068,1497,0,0,781,0,0,0,0
2014.5,1,0,0,0,0,35,1383,0,0,0,5,0,732,1067,0,0,555,0,0,0,0
2014.5,1,0,0,0,0,40,987,0,0,0,1,0,194,289,0,0,122,0,0,0,0
2014.5,1,0,0,0,0,45,660,0,0,0,2,0,0,0,0,0,0,0,0,0,0
2014.5,1,0,0,0,0,50,467,0,0,0,1,0,0,0,0,0,0,0,0,0,0
2014.5,1,0,0,0,0,55,226,0,0,0,1,0,0,0,0,0,0,0,0,0,0
2014.5,1,0,0,0,0,60,834,0,0,0,28,0,0,0,0,0,0,0,0,0,0
2014.5,1,0,0,0,0,100,1,0,0,0,0,0,0,0,0,0,0,0,0,0,0
2014.5,1,0,0,0,1,0,0,0,0,0,0,0,0,0,0,0,0,0,0,0,0
2014.5,1,0,0,0,1,5,0,0,0,0,0,0,0,0,0,0,0,0,0,0,0
2014.5,1,0,0,0,1,10,0,0,0,0,0,0,0,0,0,0,0,0,0,0,0
2014.5,1,0,0,0,1,15,0,0,0,0,0,0,0,0,0,0,0,0,0,0,0
2014.5,1,0,0,0,1,20,0,0,0,0,0,0,0,0,0,0,0,0,0,0,0
2014.5,1,0,0,0,1,25,0,0,0,0,0,0,0,0,0,0,0,0,0,0,0
2014.5,1,0,0,0,1,30,0,0,0,0,0,0,0,0,0,0,0,0,0,0,0
2014.5,1,0,0,0,1,35,0,0,0,0,0,0,0,0,0,0,0,0,0,0,0
2014.5,1,0,0,0,1,40,0,0,0,0,0,0,0,0,0,0,0,0,0,0,0
2014.5,1,0,0,0,1,45,0,0,0,0,0,0,0,0,0,0,0,0,0,0,0
2014.5,1,0,0,0,1,50,0,0,0,0,0,0,0,0,0,0,0,0,0,0,0
2014.5,1,0,0,0,1,55,0,0,0,0,0,0,0,0,0,0,0,0,0,0,0
2014.5,1,0,0,0,1,60,0,0,0,0,0,0,0,0,0,0,0,0,0,0,0
2014.5,1,0,0,0,1,100,0,0,0,0,0,0,0,0,0,0,0,0,0,0,0
2014.5,1,0,0,1,0,0,58,58,6,0,4,4,3,11,11,3,0,0,0,0,0
2014.5,1,0,0,1,0,5,118,118,0,0,2,2,3,24,24,2,0,0,0,0,0
2014.5,1,0,0,1,0,10,128,128,0,0,1,1,4,5,5,5,0,0,0,0,0
2014.5,1,0,0,1,0,15,93,93,12,0,3,3,6,7,7,5,0,8,0,0,0
2014.5,1,0,0,1,0,20,196,196,27,0,3,3,28,93,64,21,0,30,0,0,0
2014.5,1,0,0,1,0,25,321,321,28,0,3,3,62,208,164,36,0,49,0,0,1
2014.5,1,0,0,1,0,30,327,327,17,0,4,4,50,208,182,35,0,29,0,0,0
2014.5,1,0,0,1,0,35,242,242,16,0,6,6,44,157,132,33,0,15,0,0,0
2014.5,1,0,0,1,0,40,209,209,14,0,5,4,12,36,33,10,0,13,0,0,0
2014.5,1,0,0,1,0,45,128,128,6,0,5,3,3,7,7,3,0,4,0,0,0
2014.5,1,0,0,1,0,50,37,37,3,0,2,1,1,2,2,2,0,0,0,0,0
2014.5,1,0,0,1,0,55,14,14,2,0,1,1,0,1,1,0,0,1,0,0,0
2014.5,1,0,0,1,0,60,17,17,5,0,1,1,0,0,0,0,0,2,0,0,0
2014.5,1,0,0,1,0,100,0,0,0,0,0,0,0,0,0,0,0,0,0,0,0
2014.5,1,0,0,1,1,0,17,17,0,17,1,0,17,17,17,0,0,0,0,0,0
2014.5,1,0,0,1,1,5,10,10,0,10,0,0,10,10,10,0,0,0,0,0,0
2014.5,1,0,0,1,1,10,17,17,0,17,0,0,17,17,17,0,0,0,0,0,0
2014.5,1,0,0,1,1,15,15,15,0,15,1,1,15,15,15,0,0,1,0,0,0
2014.5,1,0,0,1,1,20,81,81,0,81,0,0,81,75,75,0,0,0,0,0,0
2014.5,1,0,0,1,1,25,262,262,0,262,3,2,262,228,218,0,0,3,0,0,1
2014.5,1,0,0,1,1,30,421,421,0,421,2,2,421,297,281,0,0,9,0,0,0
2014.5,1,0,0,1,1,35,453,453,0,453,2,1,453,303,287,0,0,11,0,0,0
2014.5,1,0,0,1,1,40,450,450,0,450,11,9,450,139,135,0,0,7,0,0,0
2014.5,1,0,0,1,1,45,351,351,0,351,9,9,351,33,33,0,0,4,0,0,0
2014.5,1,0,0,1,1,50,213,213,0,213,9,4,213,28,28,0,0,2,0,0,0
2014.5,1,0,0,1,1,55,56,56,0,56,2,1,56,10,10,0,0,1,0,0,0
2014.5,1,0,0,1,1,60,104,104,0,104,0,0,104,10,10,0,0,0,0,0,0
2014.5,1,0,0,1,1,100,0,0,0,0,0,0,0,0,0,0,0,0,0,0,0
2014.5,1,0,1,0,0,0,0,0,0,0,0,0,0,0,0,0,0,0,0,0,0
2014.5,1,0,1,0,0,5,1,0,0,0,0,0,0,0,0,0,0,0,0,0,0
2014.5,1,0,1,0,0,10,12,0,0,0,0,0,0,0,0,0,0,0,0,0,0
2014.5,1,0,1,0,0,15,110,0,0,0,0,0,16,19,0,0,13,0,0,0,0
2014.5,1,0,1,0,0,20,264,0,0,0,0,0,112,159,0,0,87,0,0,0,0
2014.5,1,0,1,0,0,25,360,0,0,0,0,0,188,268,0,0,130,0,0,0,0
2014.5,1,0,1,0,0,30,297,0,0,0,1,0,144,225,0,0,119,0,0,0,0
2014.5,1,0,1,0,0,35,224,0,0,0,2,0,118,167,0,0,92,0,0,0,0
2014.5,1,0,1,0,0,40,152,0,0,0,0,0,35,49,0,0,27,0,0,0,0
2014.5,1,0,1,0,0,45,114,0,0,0,1,0,0,0,0,0,0,0,0,0,0
2014.5,1,0,1,0,0,50,75,0,0,0,0,0,0,0,0,0,0,0,0,0,0
2014.5,1,0,1,0,0,55,30,0,0,0,0,0,0,0,0,0,0,0,0,0,0
2014.5,1,0,1,0,0,60,84,0,0,0,4,0,0,0,0,0,0,0,0,0,0
2014.5,1,0,1,0,0,100,0,0,0,0,0,0,0,0,0,0,0,0,0,0,0
2014.5,1,0,1,0,1,0,0,0,0,0,0,0,0,0,0,0,0,0,0,0,0
2014.5,1,0,1,0,1,5,0,0,0,0,0,0,0,0,0,0,0,0,0,0,0
2014.5,1,0,1,0,1,10,0,0,0,0,0,0,0,0,0,0,0,0,0,0,0
2014.5,1,0,1,0,1,15,0,0,0,0,0,0,0,0,0,0,0,0,0,0,0
2014.5,1,0,1,0,1,20,0,0,0,0,0,0,0,0,0,0,0,0,0,0,0
2014.5,1,0,1,0,1,25,0,0,0,0,0,0,0,0,0,0,0,0,0,0,0
2014.5,1,0,1,0,1,30,0,0,0,0,0,0,0,0,0,0,0,0,0,0,0
2014.5,1,0,1,0,1,35,0,0,0,0,0,0,0,0,0,0,0,0,0,0,0
2014.5,1,0,1,0,1,40,0,0,0,0,0,0,0,0,0,0,0,0,0,0,0
2014.5,1,0,1,0,1,45,0,0,0,0,0,0,0,0,0,0,0,0,0,0,0
2014.5,1,0,1,0,1,50,0,0,0,0,0,0,0,0,0,0,0,0,0,0,0
2014.5,1,0,1,0,1,55,0,0,0,0,0,0,0,0,0,0,0,0,0,0,0
2014.5,1,0,1,0,1,60,0,0,0,0,0,0,0,0,0,0,0,0,0,0,0
2014.5,1,0,1,0,1,100,0,0,0,0,0,0,0,0,0,0,0,0,0,0,0
2014.5,1,0,1,1,0,0,0,0,0,0,0,0,0,0,0,0,0,0,0,0,0
2014.5,1,0,1,1,0,5,0,0,0,0,0,0,0,0,0,0,0,0,0,0,0
2014.5,1,0,1,1,0,10,0,0,0,0,0,0,0,0,0,0,0,0,0,0,0
2014.5,1,0,1,1,0,15,2,2,0,0,0,0,0,1,1,0,0,0,0,0,0
2014.5,1,0,1,1,0,20,6,6,0,0,0,0,2,3,3,2,0,0,0,0,0
2014.5,1,0,1,1,0,25,22,22,0,0,0,0,2,17,15,0,0,1,0,0,0
2014.5,1,0,1,1,0,30,35,35,2,0,1,1,3,27,22,1,0,4,0,0,0
2014.5,1,0,1,1,0,35,22,22,1,0,0,0,2,18,18,1,0,1,0,0,0
2014.5,1,0,1,1,0,40,15,15,0,0,2,2,0,3,3,0,0,1,0,0,0
2014.5,1,0,1,1,0,45,12,12,2,0,1,1,0,0,0,0,0,3,0,0,0
2014.5,1,0,1,1,0,50,5,5,0,0,0,0,0,0,0,0,0,0,0,0,0
2014.5,1,0,1,1,0,55,1,1,0,0,0,0,0,0,0,0,0,0,0,0,0
2014.5,1,0,1,1,0,60,1,1,0,0,0,0,0,1,1,0,0,0,0,0,0
2014.5,1,0,1,1,0,100,0,0,0,0,0,0,0,0,0,0,0,0,0,0,0
2014.5,1,0,1,1,1,0,0,0,0,0,0,0,0,0,0,0,0,0,0,0,0
2014.5,1,0,1,1,1,5,0,0,0,0,0,0,0,0,0,0,0,0,0,0,0
2014.5,1,0,1,1,1,10,0,0,0,0,0,0,0,0,0,0,0,0,0,0,0
2014.5,1,0,1,1,1,15,0,0,0,0,0,0,0,0,0,0,0,0,0,0,0
2014.5,1,0,1,1,1,20,3,3,0,3,0,0,3,2,2,0,0,0,0,0,0
2014.5,1,0,1,1,1,25,30,30,0,30,0,0,30,24,23,0,0,2,0,0,0
2014.5,1,0,1,1,1,30,45,45,0,45,1,1,45,29,27,0,0,3,0,0,0
2014.5,1,0,1,1,1,35,55,55,0,55,2,2,55,40,39,0,0,1,0,0,0
2014.5,1,0,1,1,1,40,50,50,0,50,0,0,50,14,14,0,0,1,0,0,0
2014.5,1,0,1,1,1,45,44,44,0,44,0,0,44,3,3,0,0,1,0,0,0
2014.5,1,0,1,1,1,50,26,26,0,26,0,0,26,1,1,0,0,0,0,0,0
2014.5,1,0,1,1,1,55,5,5,0,5,1,0,5,1,1,0,0,0,0,0,0
2014.5,1,0,1,1,1,60,3,3,0,3,0,0,3,1,1,0,0,0,0,0,0
2014.5,1,0,1,1,1,100,0,0,0,0,0,0,0,0,0,0,0,0,0,0,0
2014.5,1,1,0,0,0,0,5495,0,0,0,15,0,440,1812,0,0,215,0,0,0,0
2014.5,1,1,0,0,0,5,4894,0,0,0,0,0,0,921,0,0,0,0,0,0,0
2014.5,1,1,0,0,0,10,4775,0,0,0,0,0,109,124,0,0,126,0,0,0,0
2014.5,1,1,0,0,0,15,4208,0,0,0,0,0,1186,1832,0,0,892,0,0,0,0
2014.5,1,1,0,0,0,20,3428,0,0,0,5,0,1694,2749,0,0,1298,0,0,0,0
2014.5,1,1,0,0,0,25,2559,0,0,0,1,0,1446,2352,0,0,1117,0,0,0,0
2014.5,1,1,0,0,0,30,1709,0,0,0,1,0,1005,1623,0,0,769,0,0,0,0
2014.5,1,1,0,0,0,35,990,0,0,0,1,0,466,868,0,0,342,0,0,0,0
2014.5,1,1,0,0,0,40,700,0,0,0,0,0,117,432,0,0,75,0,0,0,0
2014.5,1,1,0,0,0,45,685,0,0,0,4,0,29,199,0,0,24,0,0,0,0
2014.5,1,1,0,0,0,50,505,0,0,0,2,0,1,43,0,0,1,0,0,0,0
2014.5,1,1,0,0,0,55,299,0,0,0,2,0,1,1,0,0,0,0,0,0,0
2014.5,1,1,0,0,0,60,1608,0,0,0,37,0,0,0,0,0,0,0,0,0,0
2014.5,1,1,0,0,0,100,1,0,0,0,0,0,0,0,0,0,0,0,0,0,0
2014.5,1,1,0,0,1,0,0,0,0,0,0,0,0,0,0,0,0,0,0,0,0
2014.5,1,1,0,0,1,5,0,0,0,0,0,0,0,0,0,0,0,0,0,0,0
2014.5,1,1,0,0,1,10,0,0,0,0,0,0,0,0,0,0,0,0,0,0,0
2014.5,1,1,0,0,1,15,0,0,0,0,0,0,0,0,0,0,0,0,0,0,0
2014.5,1,1,0,0,1,20,0,0,0,0,0,0,0,0,0,0,0,0,0,0,0
2014.5,1,1,0,0,1,25,0,0,0,0,0,0,0,0,0,0,0,0,0,0,0
2014.5,1,1,0,0,1,30,0,0,0,0,0,0,0,0,0,0,0,0,0,0,0
2014.5,1,1,0,0,1,35,0,0,0,0,0,0,0,0,0,0,0,0,0,0,0
2014.5,1,1,0,0,1,40,0,0,0,0,0,0,0,0,0,0,0,0,0,0,0
2014.5,1,1,0,0,1,45,0,0,0,0,0,0,0,0,0,0,0,0,0,0,0
2014.5,1,1,0,0,1,50,0,0,0,0,0,0,0,0,0,0,0,0,0,0,0
2014.5,1,1,0,0,1,55,0,0,0,0,0,0,0,0,0,0,0,0,0,0,0
2014.5,1,1,0,0,1,60,0,0,0,0,0,0,0,0,0,0,0,0,0,0,0
2014.5,1,1,0,0,1,100,0,0,0,0,0,0,0,0,0,0,0,0,0,0,0
2014.5,1,1,0,1,0,0,63,63,10,0,3,3,5,17,17,4,0,0,0,0,0
2014.5,1,1,0,1,0,5,139,139,0,0,0,0,2,22,22,2,0,0,0,0,0
2014.5,1,1,0,1,0,10,126,126,8,0,6,6,2,4,4,7,0,7,0,0,0
2014.5,1,1,0,1,0,15,191,191,42,0,5,5,44,91,57,23,0,26,0,0,0
2014.5,1,1,0,1,0,20,407,407,52,0,3,3,118,312,201,81,0,20,0,0,0
2014.5,1,1,0,1,0,25,447,447,42,0,8,8,127,389,278,94,0,18,0,0,0
2014.5,1,1,0,1,0,30,392,392,28,0,7,7,76,342,259,59,0,12,0,0,0
2014.5,1,1,0,1,0,35,257,257,17,0,5,5,35,212,155,29,0,6,0,0,0
2014.5,1,1,0,1,0,40,169,169,6,0,7,6,15,93,63,18,0,1,0,0,0
2014.5,1,1,0,1,0,45,99,99,5,0,7,7,5,31,20,7,0,7,0,0,0
2014.5,1,1,0,1,0,50,42,42,4,0,3,3,1,3,1,0,0,1,0,0,0
2014.5,1,1,0,1,0,55,22,22,1,0,2,1,0,4,4,0,0,0,0,0,0
2014.5,1,1,0,1,0,60,32,32,1,0,1,0,3,5,5,4,0,1,0,0,0
2014.5,1,1,0,1,0,100,2,2,1,0,0,0,0,0,0,0,0,0,0,0,0
2014.5,1,1,0,1,1,0,17,17,0,17,1,1,17,17,17,0,0,0,0,0,0
2014.5,1,1,0,1,1,5,9,9,0,9,1,1,9,9,9,0,0,0,0,0,0
2014.5,1,1,0,1,1,10,22,22,0,22,0,0,22,22,22,0,0,0,0,0,0
2014.5,1,1,0,1,1,15,125,125,0,125,0,0,125,100,93,0,0,2,0,0,0
2014.5,1,1,0,1,1,20,454,454,0,454,4,4,454,381,335,0,0,2,0,0,0
2014.5,1,1,0,1,1,25,904,904,0,904,6,5,904,810,743,0,0,9,0,0,0
2014.5,1,1,0,1,1,30,1073,1073,0,1073,7,6,1073,932,842,0,0,8,0,0,0
2014.5,1,1,0,1,1,35,925,925,0,925,7,6,925,723,649,0,0,7,0,0,0
2014.5,1,1,0,1,1,40,679,679,0,679,9,9,679,371,308,0,0,2,0,0,0
2014.5,1,1,0,1,1,45,417,417,0,417,15,14,417,147,126,0,0,5,0,0,0
2014.5,1,1,0,1,1,50,222,222,0,222,1,1,222,54,47,0,0,0,0,0,0
2014.5,1,1,0,1,1,55,78,78,0,78,1,1,78,15,14,0,0,0,0,0,0
2014.5,1,1,0,1,1,60,130,130,0,130,4,1,130,22,22,0,0,1,0,0,0
2014.5,1,1,0,1,1,100,0,0,0,0,0,0,0,0,0,0,0,0,0,0,0
2015,1,0,0,0,0,0,5555,0,0,0,25,0,393,1784,0,0,181,0,0,0,0
2015,1,0,0,0,0,5,5041,0,0,0,0,0,0,1091,0,0,0,0,0,0,0
2015,1,0,0,0,0,10,4601,0,0,0,0,0,1,34,0,0,1,0,0,0,7
2015,1,0,0,0,0,15,4166,0,0,0,3,0,352,400,0,0,299,0,0,0,12
2015,1,0,0,0,0,20,3730,0,0,0,8,0,1450,2012,0,0,1106,0,0,0,24
2015,1,0,0,0,0,25,2910,0,0,0,7,0,1525,2200,0,0,1158,0,0,0,10
2015,1,0,0,0,0,30,2080,0,0,0,5,0,1114,1605,0,0,765,0,0,0,0
2015,1,0,0,0,0,35,1415,0,0,0,2,0,783,1128,0,0,569,0,0,0,0
2015,1,0,0,0,0,40,1010,0,0,0,3,0,246,369,0,0,173,0,0,0,0
2015,1,0,0,0,0,45,657,0,0,0,6,0,0,0,0,0,0,0,0,0,0
2015,1,0,0,0,0,50,497,0,0,0,6,0,0,0,0,0,0,0,0,0,0
2015,1,0,0,0,0,55,237,0,0,0,1,0,0,0,0,0,0,0,0,0,0
2015,1,0,0,0,0,60,815,0,0,0,28,0,0,0,0,0,0,0,0,0,0
2015,1,0,0,0,0,100,1,0,0,0,0,0,0,0,0,0,0,0,0,0,0
2015,1,0,0,0,1,0,0,0,0,0,0,0,0,0,0,0,0,0,0,0,0
2015,1,0,0,0,1,5,0,0,0,0,0,0,0,0,0,0,0,0,0,0,0
2015,1,0,0,0,1,10,0,0,0,0,0,0,0,0,0,0,0,0,0,0,0
2015,1,0,0,0,1,15,0,0,0,0,0,0,0,0,0,0,0,0,0,0,0
2015,1,0,0,0,1,20,0,0,0,0,0,0,0,0,0,0,0,0,0,0,0
2015,1,0,0,0,1,25,0,0,0,0,0,0,0,0,0,0,0,0,0,0,0
2015,1,0,0,0,1,30,0,0,0,0,0,0,0,0,0,0,0,0,0,0,0
2015,1,0,0,0,1,35,0,0,0,0,0,0,0,0,0,0,0,0,0,0,0
2015,1,0,0,0,1,40,0,0,0,0,0,0,0,0,0,0,0,0,0,0,0
2015,1,0,0,0,1,45,0,0,0,0,0,0,0,0,0,0,0,0,0,0,0
2015,1,0,0,0,1,50,0,0,0,0,0,0,0,0,0,0,0,0,0,0,0
2015,1,0,0,0,1,55,0,0,0,0,0,0,0,0,0,0,0,0,0,0,0
2015,1,0,0,0,1,60,0,0,0,0,0,0,0,0,0,0,0,0,0,0,0
2015,1,0,0,0,1,100,0,0,0,0,0,0,0,0,0,0,0,0,0,0,0
2015,1,0,0,1,0,0,50,50,9,0,7,7,6,12,12,6,0,0,0,0,0
2015,1,0,0,1,0,5,112,112,0,0,2,2,1,26,26,0,0,0,0,0,0
2015,1,0,0,1,0,10,125,125,0,0,7,7,6,9,9,6,0,0,0,0,0
2015,1,0,0,1,0,15,98,98,14,0,3,3,8,10,8,5,0,4,0,0,0
2015,1,0,0,1,0,20,186,186,23,0,2,2,28,84,58,23,0,31,0,0,0
2015,1,0,0,1,0,25,301,301,37,0,4,4,67,199,153,38,0,44,0,0,0
2015,1,0,0,1,0,30,289,289,17,0,3,3,46,188,161,36,0,21,0,0,0
2015,1,0,0,1,0,35,229,229,12,0,2,2,35,148,127,21,0,13,0,0,0
2015,1,0,0,1,0,40,185,185,11,0,4,4,11,46,40,8,0,8,0,0,0
2015,1,0,0,1,0,45,95,95,4,0,7,6,5,7,7,4,0,2,0,0,0
2015,1,0,0,1,0,50,41,41,0,0,2,1,4,6,6,2,0,2,0,0,0
2015,1,0,0,1,0,55,11,11,2,0,1,1,2,2,2,2,0,0,0,0,0
2015,1,0,0,1,0,60,18,18,4,0,0,0,1,2,2,1,0,1,0,0,0
2015,1,0,0,1,0,100,0,0,0,0,0,0,0,0,0,0,0,0,0,0,0
2015,1,0,0,1,1,0,17,17,0,17,0,0,17,17,17,0,0,0,0,0,0
2015,1,0,0,1,1,5,10,10,0,10,0,0,10,10,10,0,0,0,0,0,0
2015,1,0,0,1,1,10,13,13,0,13,1,1,13,13,13,0,0,0,0,0,0
2015,1,0,0,1,1,15,22,22,0,22,0,0,22,19,19,0,0,0,0,0,0
2015,1,0,0,1,1,20,86,86,0,86,0,0,86,74,74,0,0,5,0,0,0
2015,1,0,0,1,1,25,282,282,0,282,1,1,282,247,235,0,0,10,0,0,1
2015,1,0,0,1,1,30,447,447,0,447,0,0,447,327,307,0,0,3,0,0,0
2015,1,0,0,1,1,35,498,498,0,498,7,5,498,347,325,0,0,3,0,0,0
2015,1,0,0,1,1,40,488,488,0,488,9,8,488,167,160,0,0,11,0,0,0
2015,1,0,0,1,1,45,389,389,0,389,9,8,389,40,40,0,0,4,0,0,0
2015,1,0,0,1,1,50,228,228,0,228,7,5,228,25,25,0,0,3,0,0,0
2015,1,0,0,1,1,55,60,60,0,60,2,2,60,9,9,0,0,0,0,0,0
2015,1,0,0,1,1,60,108,108,0,108,4,1,108,10,10,0,0,2,0,0,0
2015,1,0,0,1,1,100,0,0,0,0,0,0,0,0,0,0,0,0,0,0,0
2015,1,0,1,0,0,0,0,0,0,0,0,0,0,0,0,0,0,0,0,0,0
2015,1,0,1,0,0,5,1,0,0,0,0,0,0,0,0,0,0,0,0,0,0
2015,1,0,1,0,0,10,18,0,0,0,0,0,0,0,0,0,0,0,0,0,0
2015,1,0,1,0,0,15,100,0,0,0,0,0,11,15,0,0,15,0,0,0,0
2015,1,0,1,0,0,20,277,0,0,0,0,0,122,168,0,0,84,0,0,0,0
2015,1,0,1,0,0,25,362,0,0,0,0,0,185,276,0,0,136,0,0,0,0
2015,1,0,1,0,0,30,299,0,0,0,0,0,148,228,0,0,107,0,0,0,0
2015,1,0,1,0,0,35,235,0,0,0,1,0,133,180,0,0,88,0,0,0,0
2015,1,0,1,0,0,40,151,0,0,0,0,0,40,60,0,0,21,0,0,0,0
2015,1,0,1,0,0,45,121,0,0,0,1,0,0,0,0,0,0,0,0,0,0
2015,1,0,1,0,0,50,78,0,0,0,0,0,0,0,0,0,0,0,0,0,0
2015,1,0,1,0,0,55,30,0,0,0,0,0,0,0,0,0,0,0,0,0,0
2015,1,0,1,0,0,60,84,0,0,0,3,0,0,0,0,0,0,0,0,0,0
2015,1,0,1,0,0,100,0,0,0,0,0,0,0,0,0,0,0,0,0,0,0
2015,1,0,1,0,1,0,0,0,0,0,0,0,0,0,0,0,0,0,0,0,0
2015,1,0,1,0,1,5,0,0,0,0,0,0,0,0,0,0,0,0,0,0,0
2015,1,0,1,0,1,10,0,0,0,0,0,0,0,0,0,0,0,0,0,0,0
2015,1,0,1,0,1,15,0,0,0,0,0,0,0,0,0,0,0,0,0,0,0
2015,1,0,1,0,1,20,0,0,0,0,0,0,0,0,0,0,0,0,0,0,0
2015,1,0,1,0,1,25,0,0,0,0,0,0,0,0,0,0,0,0,0,0,0
2015,1,0,1,0,1,30,0,0,0,0,0,0,0,0,0,0,0,0,0,0,0
2015,1,0,1,0,1,35,0,0,0,0,0,0,0,0,0,0,0,0,0,0,0
2015,1,0,1,0,1,40,0,0,0,0,0,0,0,0,0,0,0,0,0,0,0
2015,1,0,1,0,1,45,0,0,0,0,0,0,0,0,0,0,0,0,0,0,0
2015,1,0,1,0,1,50,0,0,0,0,0,0,0,0,0,0,0,0,0,0,0
2015,1,0,1,0,1,55,0,0,0,0,0,0,0,0,0,0,0,0,0,0,0
2015,1,0,1,0,1,60,0,0,0,0,0,0,0,0,0,0,0,0,0,0,0
2015,1,0,1,0,1,100,0,0,0,0,0,0,0,0,0,0,0,0,0,0,0
2015,1,0,1,1,0,0,0,0,0,0,0,0,0,0,0,0,0,0,0,0,0
2015,1,0,1,1,0,5,0,0,0,0,0,0,0,0,0,0,0,0,0,0,0
2015,1,0,1,1,0,10,0,0,0,0,0,0,0,0,0,0,0,0,0,0,0
2015,1,0,1,1,0,15,2,2,1,0,0,0,0,0,0,0,0,1,0,0,0
2015,1,0,1,1,0,20,4,4,1,0,0,0,1,2,2,2,0,1,0,0,0
2015,1,0,1,1,0,25,24,24,5,0,0,0,9,19,15,5,0,4,0,0,0
2015,1,0,1,1,0,30,39,39,3,0,0,0,9,31,27,6,0,5,0,0,0
2015,1,0,1,1,0,35,22,22,3,0,1,1,3,18,15,3,0,2,0,0,0
2015,1,0,1,1,0,40,15,15,0,0,0,0,1,4,4,1,0,1,0,0,0
2015,1,0,1,1,0,45,8,8,1,0,0,0,0,0,0,0,0,1,0,0,0
2015,1,0,1,1,0,50,6,6,0,0,0,0,0,0,0,0,0,0,0,0,0
2015,1,0,1,1,0,55,2,2,0,0,0,0,0,0,0,0,0,0,0,0,0
2015,1,0,1,1,0,60,1,1,0,0,0,0,0,1,1,0,0,0,0,0,0
2015,1,0,1,1,0,100,0,0,0,0,0,0,0,0,0,0,0,0,0,0,0
2015,1,0,1,1,1,0,0,0,0,0,0,0,0,0,0,0,0,0,0,0,0
2015,1,0,1,1,1,5,0,0,0,0,0,0,0,0,0,0,0,0,0,0,0
2015,1,0,1,1,1,10,0,0,0,0,0,0,0,0,0,0,0,0,0,0,0
2015,1,0,1,1,1,15,1,1,0,1,0,0,1,1,1,0,0,0,0,0,0
2015,1,0,1,1,1,20,4,4,0,4,0,0,4,3,3,0,0,1,0,0,0
2015,1,0,1,1,1,25,32,32,0,32,0,0,32,26,25,0,0,0,0,0,0
2015,1,0,1,1,1,30,43,43,0,43,1,1,43,26,24,0,0,1,0,0,0
2015,1,0,1,1,1,35,59,59,0,59,2,1,59,44,43,0,0,0,0,0,0
2015,1,0,1,1,1,40,49,49,0,49,0,0,49,14,14,0,0,2,0,0,0
2015,1,0,1,1,1,45,42,42,0,42,2,1,42,3,3,0,0,1,0,0,0
2015,1,0,1,1,1,50,30,30,0,30,2,1,30,2,2,0,0,1,0,0,0
2015,1,0,1,1,1,55,5,5,0,5,0,0,5,1,1,0,0,0,0,0,0
2015,1,0,1,1,1,60,3,3,0,3,0,0,3,1,1,0,0,0,0,0,0
2015,1,0,1,1,1,100,0,0,0,0,0,0,0,0,0,0,0,0,0,0,0
2015,1,1,0,0,0,0,5584,0,0,0,20,0,458,1836,0,0,213,0,0,0,0
2015,1,1,0,0,0,5,4965,0,0,0,0,0,0,1090,0,0,0,0,0,0,0
2015,1,1,0,0,0,10,4728,0,0,0,1,0,105,138,0,0,122,0,0,0,0
2015,1,1,0,0,0,15,4223,0,0,0,3,0,1168,1829,0,0,846,0,0,0,0
2015,1,1,0,0,0,20,3500,0,0,0,0,0,1747,2808,0,0,1384,0,0,0,0
2015,1,1,0,0,0,25,2615,0,0,0,2,0,1523,2441,0,0,1160,0,0,0,0
2015,1,1,0,0,0,30,1777,0,0,0,2,0,1040,1692,0,0,754,0,0,0,0
2015,1,1,0,0,0,35,1006,0,0,0,1,0,533,912,0,0,392,0,0,0,0
2015,1,1,0,0,0,40,711,0,0,0,0,0,125,465,0,0,86,0,0,0,0
2015,1,1,0,0,0,45,696,0,0,0,1,0,31,219,0,0,14,0,0,0,0
2015,1,1,0,0,0,50,544,0,0,0,1,0,2,57,0,0,2,0,0,0,0
2015,1,1,0,0,0,55,285,0,0,0,1,0,0,3,0,0,0,0,0,0,0
2015,1,1,0,0,0,60,1591,0,0,0,50,0,0,0,0,0,0,0,0,0,0
2015,1,1,0,0,0,100,1,0,0,0,0,0,0,0,0,0,0,0,0,0,0
2015,1,1,0,0,1,0,0,0,0,0,0,0,0,0,0,0,0,0,0,0,0
2015,1,1,0,0,1,5,0,0,0,0,0,0,0,0,0,0,0,0,0,0,0
2015,1,1,0,0,1,10,0,0,0,0,0,0,0,0,0,0,0,0,0,0,0
2015,1,1,0,0,1,15,0,0,0,0,0,0,0,0,0,0,0,0,0,0,0
2015,1,1,0,0,1,20,0,0,0,0,0,0,0,0,0,0,0,0,0,0,0
2015,1,1,0,0,1,25,0,0,0,0,0,0,0,0,0,0,0,0,0,0,0
2015,1,1,0,0,1,30,0,0,0,0,0,0,0,0,0,0,0,0,0,0,0
2015,1,1,0,0,1,35,0,0,0,0,0,0,0,0,0,0,0,0,0,0,0
2015,1,1,0,0,1,40,0,0,0,0,0,0,0,0,0,0,0,0,0,0,0
2015,1,1,0,0,1,45,0,0,0,0,0,0,0,0,0,0,0,0,0,0,0
2015,1,1,0,0,1,50,0,0,0,0,0,0,0,0,0,0,0,0,0,0,0
2015,1,1,0,0,1,55,0,0,0,0,0,0,0,0,0,0,0,0,0,0,0
2015,1,1,0,0,1,60,0,0,0,0,0,0,0,0,0,0,0,0,0,0,0
2015,1,1,0,0,1,100,0,0,0,0,0,0,0,0,0,0,0,0,0,0,0
2015,1,1,0,1,0,0,54,54,10,0,2,2,2,9,9,3,0,0,0,0,0
2015,1,1,0,1,0,5,134,134,0,0,3,3,1,25,25,1,0,0,0,0,0
2015,1,1,0,1,0,10,128,128,6,0,6,6,5,7,7,5,0,1,0,0,0
2015,1,1,0,1,0,15,171,171,46,0,5,5,42,85,48,24,0,28,0,0,0
2015,1,1,0,1,0,20,340,340,44,0,3,3,93,254,152,58,0,32,0,0,0
2015,1,1,0,1,0,25,347,347,33,0,5,5,94,303,211,57,0,18,0,0,0
2015,1,1,0,1,0,30,325,325,23,0,3,3,66,294,214,38,0,8,0,0,0
2015,1,1,0,1,0,35,180,180,13,0,8,8,20,152,115,12,0,4,0,0,0
2015,1,1,0,1,0,40,120,120,7,0,4,4,10,71,50,6,0,4,0,0,0
2015,1,1,0,1,0,45,78,78,8,0,6,5,2,19,13,4,0,1,0,0,0
2015,1,1,0,1,0,50,34,34,2,0,3,2,0,6,1,0,0,1,0,0,0
2015,1,1,0,1,0,55,17,17,2,0,1,1,0,4,4,1,0,0,0,0,0
2015,1,1,0,1,0,60,30,30,4,0,2,1,1,4,4,2,0,1,0,0,0
2015,1,1,0,1,0,100,2,2,0,0,0,0,0,0,0,0,0,0,0,0,0
2015,1,1,0,1,1,0,19,19,0,19,0,0,19,19,19,0,0,0,0,0,0
2015,1,1,0,1,1,5,11,11,0,11,0,0,11,11,11,0,0,0,0,0,0
2015,1,1,0,1,1,10,19,19,0,19,0,0,19,19,19,0,0,0,0,0,0
2015,1,1,0,1,1,15,145,145,0,145,1,1,145,112,102,0,0,3,0,0,0
2015,1,1,0,1,1,20,510,510,0,510,0,0,510,424,371,0,0,3,0,0,0
2015,1,1,0,1,1,25,986,986,0,986,2,2,986,883,805,0,0,7,0,0,0
2015,1,1,0,1,1,30,1165,1165,0,1165,10,9,1165,1013,910,0,0,7,0,0,0
2015,1,1,0,1,1,35,1030,1030,0,1030,9,8,1030,839,733,0,0,10,0,0,0
2015,1,1,0,1,1,40,768,768,0,768,4,3,768,427,352,0,0,2,0,0,0
2015,1,1,0,1,1,45,451,451,0,451,6,6,451,180,147,0,0,5,0,0,0
2015,1,1,0,1,1,50,255,255,0,255,5,5,255,56,48,0,0,1,0,0,0
2015,1,1,0,1,1,55,86,86,0,86,1,1,86,16,15,0,0,1,0,0,0
2015,1,1,0,1,1,60,139,139,0,139,5,1,139,24,24,0,0,1,0,0,0
2015,1,1,0,1,1,100,0,0,0,0,0,0,0,0,0,0,0,0,0,0,0
2015.5,1,0,0,0,0,0,5631,0,0,0,29,0,429,1791,0,0,218,0,0,0,0
2015.5,1,0,0,0,0,5,5042,0,0,0,8,0,0,1256,0,0,0,0,0,0,1
2015.5,1,0,0,0,0,10,4673,0,0,0,1,0,0,72,0,0,0,0,0,0,5
2015.5,1,0,0,0,0,15,4211,0,0,0,5,0,356,414,0,0,325,0,0,0,8
2015.5,1,0,0,0,0,20,3689,0,0,0,1,0,1473,1992,0,0,1156,0,0,0,29
2015.5,1,0,0,0,0,25,2986,0,0,0,6,0,1564,2310,0,0,1118,0,0,0,10
2015.5,1,0,0,0,0,30,2147,0,0,0,5,0,1179,1690,0,0,849,0,0,0,1
2015.5,1,0,0,0,0,35,1455,0,0,0,4,0,800,1186,0,0,582,0,0,0,0
2015.5,1,0,0,0,0,40,1019,0,0,0,7,0,319,461,0,0,231,0,0,0,0
2015.5,1,0,0,0,0,45,676,0,0,0,4,0,0,0,0,0,0,0,0,0,0
2015.5,1,0,0,0,0,50,523,0,0,0,2,0,0,0,0,0,0,0,0,0,0
2015.5,1,0,0,0,0,55,243,0,0,0,0,0,0,0,0,0,0,0,0,0,0
2015.5,1,0,0,0,0,60,805,0,0,0,25,0,0,0,0,0,0,0,0,0,0
2015.5,1,0,0,0,0,100,1,0,0,0,0,0,0,0,0,0,0,0,0,0,0
2015.5,1,0,0,0,1,0,0,0,0,0,0,0,0,0,0,0,0,0,0,0,0
2015.5,1,0,0,0,1,5,0,0,0,0,0,0,0,0,0,0,0,0,0,0,0
2015.5,1,0,0,0,1,10,0,0,0,0,0,0,0,0,0,0,0,0,0,0,0
2015.5,1,0,0,0,1,15,0,0,0,0,0,0,0,0,0,0,0,0,0,0,0
2015.5,1,0,0,0,1,20,0,0,0,0,0,0,0,0,0,0,0,0,0,0,0
2015.5,1,0,0,0,1,25,0,0,0,0,0,0,0,0,0,0,0,0,0,0,0
2015.5,1,0,0,0,1,30,0,0,0,0,0,0,0,0,0,0,0,0,0,0,0
2015.5,1,0,0,0,1,35,0,0,0,0,0,0,0,0,0,0,0,0,0,0,0
2015.5,1,0,0,0,1,40,0,0,0,0,0,0,0,0,0,0,0,0,0,0,0
2015.5,1,0,0,0,1,45,0,0,0,0,0,0,0,0,0,0,0,0,0,0,0
2015.5,1,0,0,0,1,50,0,0,0,0,0,0,0,0,0,0,0,0,0,0,0
2015.5,1,0,0,0,1,55,0,0,0,0,0,0,0,0,0,0,0,0,0,0,0
2015.5,1,0,0,0,1,60,0,0,0,0,0,0,0,0,0,0,0,0,0,0,0
2015.5,1,0,0,0,1,100,0,0,0,0,0,0,0,0,0,0,0,0,0,0,0
2015.5,1,0,0,1,0,0,38,38,7,0,7,6,2,7,7,1,0,0,0,0,0
2015.5,1,0,0,1,0,5,103,103,0,0,3,3,1,23,23,1,0,0,0,0,0
2015.5,1,0,0,1,0,10,115,115,0,0,4,4,2,7,7,3,0,0,0,0,0
2015.5,1,0,0,1,0,15,97,97,8,0,2,2,5,10,9,6,0,3,0,0,0
2015.5,1,0,0,1,0,20,175,175,15,0,2,2,30,80,57,26,0,27,0,0,0
2015.5,1,0,0,1,0,25,281,281,29,0,1,0,66,192,150,43,0,41,0,0,0
2015.5,1,0,0,1,0,30,269,269,19,0,4,4,57,178,152,46,0,32,0,0,0
2015.5,1,0,0,1,0,35,198,198,16,0,6,6,42,134,118,38,0,14,0,0,0
2015.5,1,0,0,1,0,40,181,181,17,0,5,4,16,63,53,17,0,9,0,0,0
2015.5,1,0,0,1,0,45,78,78,7,0,5,4,6,9,9,5,0,5,0,0,0
2015.5,1,0,0,1,0,50,23,23,5,0,2,1,1,3,3,2,0,2,0,0,0
2015.5,1,0,0,1,0,55,9,9,1,0,0,0,0,0,0,0,0,0,0,0,0
2015.5,1,0,0,1,0,60,11,11,1,0,1,0,1,2,2,0,0,0,0,0,0
2015.5,1,0,0,1,0,100,0,0,0,0,0,0,0,0,0,0,0,0,0,0,0
2015.5,1,0,0,1,1,0,17,17,0,17,0,0,17,17,17,0,0,0,0,0,0
2015.5,1,0,0,1,1,5,13,13,0,13,0,0,13,13,13,0,0,0,0,0,0
2015.5,1,0,0,1,1,10,16,16,0,16,0,0,16,16,16,0,0,0,0,0,0
2015.5,1,0,0,1,1,15,28,28,0,28,1,1,28,23,23,0,0,1,0,0,0
2015.5,1,0,0,1,1,20,86,86,0,86,0,0,86,76,76,0,0,3,0,0,0
2015.5,1,0,0,1,1,25,285,285,0,285,6,6,285,246,236,0,0,7,0,0,0
2015.5,1,0,0,1,1,30,488,488,0,488,4,3,488,367,342,0,0,8,0,0,0
2015.5,1,0,0,1,1,35,548,548,0,548,7,7,548,393,366,0,0,6,0,0,0
2015.5,1,0,0,1,1,40,487,487,0,487,6,5,487,191,183,0,0,8,0,0,0
2015.5,1,0,0,1,1,45,428,428,0,428,4,2,428,40,40,0,0,6,0,0,0
2015.5,1,0,0,1,1,50,277,277,0,277,4,4,277,35,35,0,0,2,0,0,0
2015.5,1,0,0,1,1,55,60,60,0,60,4,2,60,10,10,0,0,0,0,0,0
2015.5,1,0,0,1,1,60,116,116,0,116,4,1,116,11,11,0,0,0,0,0,0
2015.5,1,0,0,1,1,100,0,0,0,0,0,0,0,0,0,0,0,0,0,0,0
2015.5,1,0,1,0,0,0,0,0,0,0,0,0,0,0,0,0,0,0,0,0,0
2015.5,1,0,1,0,0,5,1,0,0,0,0,0,0,0,0,0,0,0,0,0,0
2015.5,1,0,1,0,0,10,19,0,0,0,0,0,0,0,0,0,0,0,0,0,0
2015.5,1,0,1,0,0,15,86,0,0,0,0,0,7,10,0,0,3,0,0,0,0
2015.5,1,0,1,0,0,20,289,0,0,0,0,0,121,169,0,0,83,0,0,0,0
2015.5,1,0,1,0,0,25,374,0,0,0,0,0,193,288,0,0,151,0,0,0,0
2015.5,1,0,1,0,0,30,304,0,0,0,1,0,151,236,0,0,116,0,0,0,0
2015.5,1,0,1,0,0,35,246,0,0,0,0,0,132,197,0,0,97,0,0,0,0
2015.5,1,0,1,0,0,40,154,0,0,0,1,0,42,74,0,0,25,0,0,0,0
2015.5,1,0,1,0,0,45,120,0,0,0,1,0,0,0,0,0,0,0,0,0,0
2015.5,1,0,1,0,0,50,89,0,0,0,1,0,0,0,0,0,0,0,0,0,0
2015.5,1,0,1,0,0,55,30,0,0,0,0,0,0,0,0,0,0,0,0,0,0
2015.5,1,0,1,0,0,60,84,0,0,0,0,0,0,0,0,0,0,0,0,0,0
2015.5,1,0,1,0,0,100,0,0,0,0,0,0,0,0,0,0,0,0,0,0,0
2015.5,1,0,1,0,1,0,0,0,0,0,0,0,0,0,0,0,0,0,0,0,0
2015.5,1,0,1,0,1,5,0,0,0,0,0,0,0,0,0,0,0,0,0,0,0
2015.5,1,0,1,0,1,10,0,0,0,0,0,0,0,0,0,0,0,0,0,0,0
2015.5,1,0,1,0,1,15,0,0,0,0,0,0,0,0,0,0,0,0,0,0,0
2015.5,1,0,1,0,1,20,0,0,0,0,0,0,0,0,0,0,0,0,0,0,0
2015.5,1,0,1,0,1,25,0,0,0,0,0,0,0,0,0,0,0,0,0,0,0
2015.5,1,0,1,0,1,30,0,0,0,0,0,0,0,0,0,0,0,0,0,0,0
2015.5,1,0,1,0,1,35,0,0,0,0,0,0,0,0,0,0,0,0,0,0,0
2015.5,1,0,1,0,1,40,0,0,0,0,0,0,0,0,0,0,0,0,0,0,0
2015.5,1,0,1,0,1,45,0,0,0,0,0,0,0,0,0,0,0,0,0,0,0
2015.5,1,0,1,0,1,50,0,0,0,0,0,0,0,0,0,0,0,0,0,0,0
2015.5,1,0,1,0,1,55,0,0,0,0,0,0,0,0,0,0,0,0,0,0,0
2015.5,1,0,1,0,1,60,0,0,0,0,0,0,0,0,0,0,0,0,0,0,0
2015.5,1,0,1,0,1,100,0,0,0,0,0,0,0,0,0,0,0,0,0,0,0
2015.5,1,0,1,1,0,0,0,0,0,0,0,0,0,0,0,0,0,0,0,0,0
2015.5,1,0,1,1,0,5,0,0,0,0,0,0,0,0,0,0,0,0,0,0,0
2015.5,1,0,1,1,0,10,0,0,0,0,0,0,0,0,0,0,0,0,0,0,0
2015.5,1,0,1,1,0,15,2,2,0,0,0,0,0,0,0,0,0,0,0,0,0
2015.5,1,0,1,1,0,20,5,5,2,0,0,0,3,4,3,1,0,4,0,0,0
2015.5,1,0,1,1,0,25,19,19,2,0,0,0,5,14,9,4,0,0,0,0,0
2015.5,1,0,1,1,0,30,36,36,2,0,0,0,6,29,25,4,0,7,0,0,0
2015.5,1,0,1,1,0,35,17,17,3,0,1,1,9,15,12,6,0,2,0,0,0
2015.5,1,0,1,1,0,40,12,12,0,0,0,0,0,3,3,0,0,1,0,0,0
2015.5,1,0,1,1,0,45,5,5,1,0,0,0,0,0,0,0,0,0,0,0,0
2015.5,1,0,1,1,0,50,3,3,0,0,0,0,0,0,0,0,0,0,0,0,0
2015.5,1,0,1,1,0,55,1,1,0,0,0,0,0,0,0,0,0,0,0,0,0
2015.5,1,0,1,1,0,60,1,1,0,0,0,0,0,1,1,0,0,0,0,0,0
2015.5,1,0,1,1,0,100,0,0,0,0,0,0,0,0,0,0,0,0,0,0,0
2015.5,1,0,1,1,1,0,0,0,0,0,0,0,0,0,0,0,0,0,0,0,0
2015.5,1,0,1,1,1,5,0,0,0,0,0,0,0,0,0,0,0,0,0,0,0
2015.5,1,0,1,1,1,10,0,0,0,0,0,0,0,0,0,0,0,0,0,0,0
2015.5,1,0,1,1,1,15,0,0,0,0,0,0,0,0,0,0,0,0,0,0,0
2015.5,1,0,1,1,1,20,3,3,0,3,1,1,3,2,2,0,0,0,0,0,0
2015.5,1,0,1,1,1,25,30,30,0,30,2,2,30,26,25,0,0,1,0,0,0
2015.5,1,0,1,1,1,30,50,50,0,50,0,0,50,32,31,0,0,3,0,0,0
2015.5,1,0,1,1,1,35,63,63,0,63,0,0,63,47,45,0,0,0,0,0,0
2015.5,1,0,1,1,1,40,57,57,0,57,0,0,57,21,21,0,0,2,0,0,0
2015.5,1,0,1,1,1,45,45,45,0,45,2,1,45,3,3,0,0,1,0,0,0
2015.5,1,0,1,1,1,50,35,35,0,35,0,0,35,2,2,0,0,0,0,0,0
2015.5,1,0,1,1,1,55,7,7,0,7,0,0,7,1,1,0,0,0,0,0,0
2015.5,1,0,1,1,1,60,3,3,0,3,0,0,3,1,1,0,0,0,0,0,0
2015.5,1,0,1,1,1,100,0,0,0,0,0,0,0,0,0,0,0,0,0,0,0
2015.5,1,1,0,0,0,0,5646,0,0,0,20,0,458,1843,0,0,212,0,0,0,0
2015.5,1,1,0,0,0,5,4999,0,0,0,0,0,0,1251,0,0,0,0,0,0,0
2015.5,1,1,0,0,0,10,4750,0,0,0,2,0,92,155,0,0,97,0,0,0,0
2015.5,1,1,0,0,0,15,4267,0,0,0,1,0,1149,1848,0,0,901,0,0,0,0
2015.5,1,1,0,0,0,20,3496,0,0,0,0,0,1770,2818,0,0,1281,0,0,0,0
2015.5,1,1,0,0,0,25,2674,0,0,0,1,0,1579,2513,0,0,1174,0,0,0,0
2015.5,1,1,0,0,0,30,1836,0,0,0,2,0,1064,1764,0,0,825,0,0,0,0
2015.5,1,1,0,0,0,35,1049,0,0,0,2,0,591,976,0,0,386,0,0,0,0
2015.5,1,1,0,0,0,40,747,0,0,0,2,0,154,518,0,0,99,0,0,0,0
2015.5,1,1,0,0,0,45,678,0,0,0,0,0,31,237,0,0,16,0,0,0,0
2015.5,1,1,0,0,0,50,579,0,0,0,2,0,4,65,0,0,5,0,0,0,0
2015.5,1,1,0,0,0,55,278,0,0,0,3,0,0,4,0,0,0,0,0,0,0
2015.5,1,1,0,0,0,60,1572,0,0,0,43,0,0,0,0,0,0,0,0,0,0
2015.5,1,1,0,0,0,100,2,0,0,0,1,0,0,0,0,0,0,0,0,0,0
2015.5,1,1,0,0,1,0,0,0,0,0,0,0,0,0,0,0,0,0,0,0,0
2015.5,1,1,0,0,1,5,0,0,0,0,0,0,0,0,0,0,0,0,0,0,0
2015.5,1,1,0,0,1,10,0,0,0,0,0,0,0,0,0,0,0,0,0,0,0
2015.5,1,1,0,0,1,15,0,0,0,0,0,0,0,0,0,0,0,0,0,0,0
2015.5,1,1,0,0,1,20,0,0,0,0,0,0,0,0,0,0,0,0,0,0,0
2015.5,1,1,0,0,1,25,0,0,0,0,0,0,0,0,0,0,0,0,0,0,0
2015.5,1,1,0,0,1,30,0,0,0,0,0,0,0,0,0,0,0,0,0,0,0
2015.5,1,1,0,0,1,35,0,0,0,0,0,0,0,0,0,0,0,0,0,0,0
2015.5,1,1,0,0,1,40,0,0,0,0,0,0,0,0,0,0,0,0,0,0,0
2015.5,1,1,0,0,1,45,0,0,0,0,0,0,0,0,0,0,0,0,0,0,0
2015.5,1,1,0,0,1,50,0,0,0,0,0,0,0,0,0,0,0,0,0,0,0
2015.5,1,1,0,0,1,55,0,0,0,0,0,0,0,0,0,0,0,0,0,0,0
2015.5,1,1,0,0,1,60,0,0,0,0,0,0,0,0,0,0,0,0,0,0,0
2015.5,1,1,0,0,1,100,0,0,0,0,0,0,0,0,0,0,0,0,0,0,0
2015.5,1,1,0,1,0,0,46,46,5,0,6,5,3,4,4,3,0,0,0,0,0
2015.5,1,1,0,1,0,5,124,124,0,0,3,3,0,25,25,0,0,0,0,0,0
2015.5,1,1,0,1,0,10,126,126,6,0,4,4,5,12,12,6,0,1,0,0,0
2015.5,1,1,0,1,0,15,158,158,41,0,3,3,36,72,41,24,0,10,0,0,0
2015.5,1,1,0,1,0,20,310,310,61,0,3,3,83,230,133,57,0,27,0,0,0
2015.5,1,1,0,1,0,25,278,278,38,0,1,1,80,242,166,48,0,18,0,0,0
2015.5,1,1,0,1,0,30,250,250,19,0,3,3,43,231,175,34,0,13,0,0,0
2015.5,1,1,0,1,0,35,138,138,12,0,4,4,22,121,86,12,0,3,0,0,0
2015.5,1,1,0,1,0,40,81,81,7,0,5,5,4,59,39,4,0,5,0,0,0
2015.5,1,1,0,1,0,45,60,60,5,0,4,3,4,17,9,3,0,2,0,0,0
2015.5,1,1,0,1,0,50,35,35,5,0,0,0,3,6,4,3,0,1,0,0,0
2015.5,1,1,0,1,0,55,10,10,0,0,1,1,0,2,2,0,0,1,0,0,0
2015.5,1,1,0,1,0,60,20,20,1,0,1,1,0,3,3,0,0,0,0,0,0
2015.5,1,1,0,1,0,100,2,2,0,0,0,0,0,0,0,0,0,0,0,0,0
2015.5,1,1,0,1,1,0,19,19,0,19,0,0,19,19,19,0,0,0,0,0,0
2015.5,1,1,0,1,1,5,11,11,0,11,0,0,11,11,11,0,0,0,0,0,0
2015.5,1,1,0,1,1,10,19,19,0,19,1,1,19,19,19,0,0,0,0,0,0
2015.5,1,1,0,1,1,15,156,156,0,156,0,0,156,117,110,0,0,0,0,0,0
2015.5,1,1,0,1,1,20,529,529,0,529,3,3,529,434,365,0,0,8,0,0,0
2015.5,1,1,0,1,1,25,1051,1051,0,1051,7,7,1051,942,825,0,0,11,0,0,0
2015.5,1,1,0,1,1,30,1266,1266,0,1266,8,6,1266,1113,986,0,0,4,0,0,0
2015.5,1,1,0,1,1,35,1114,1114,0,1114,11,9,1114,917,800,0,0,12,0,0,0
2015.5,1,1,0,1,1,40,826,826,0,826,9,8,826,481,398,0,0,7,0,0,0
2015.5,1,1,0,1,1,45,498,498,0,498,8,7,498,200,169,0,0,2,0,0,0
2015.5,1,1,0,1,1,50,276,276,0,276,9,5,276,68,51,0,0,2,0,0,0
2015.5,1,1,0,1,1,55,99,99,0,99,4,4,99,17,16,0,0,1,0,0,0
2015.5,1,1,0,1,1,60,147,147,0,147,4,3,147,25,25,0,0,0,0,0,0
2015.5,1,1,0,1,1,100,0,0,0,0,0,0,0,0,0,0,0,0,0,0,0
2016,1,0,0,0,0,0,5622,0,0,0,29,0,441,1795,0,0,214,0,0,0,0
2016,1,0,0,0,0,5,5098,0,0,0,1,0,0,1408,0,0,0,0,0,0,0
2016,1,0,0,0,0,10,4698,0,0,0,1,0,0,120,0,0,0,0,0,0,5
2016,1,0,0,0,0,15,4226,0,0,0,5,0,313,378,0,0,266,0,0,0,14
2016,1,0,0,0,0,20,3741,0,0,0,4,0,1487,2017,0,0,1096,0,0,0,18
2016,1,0,0,0,0,25,2987,0,0,0,2,0,1588,2368,0,0,1156,0,0,0,7
2016,1,0,0,0,0,30,2222,0,0,0,4,0,1217,1793,0,0,858,0,0,0,2
2016,1,0,0,0,0,35,1496,0,0,0,0,0,834,1241,0,0,595,0,0,0,0
2016,1,0,0,0,0,40,1036,0,0,0,2,0,386,571,0,0,242,0,0,0,0
2016,1,0,0,0,0,45,701,0,0,0,2,0,0,0,0,0,0,0,0,0,0
2016,1,0,0,0,0,50,535,0,0,0,7,0,0,0,0,0,0,0,0,0,0
2016,1,0,0,0,0,55,263,0,0,0,2,0,0,0,0,0,0,0,0,0,0
2016,1,0,0,0,0,60,803,0,0,0,24,0,0,0,0,0,0,0,0,0,0
2016,1,0,0,0,0,100,1,0,0,0,0,0,0,0,0,0,0,0,0,0,0
2016,1,0,0,0,1,0,0,0,0,0,0,0,0,0,0,0,0,0,0,0,0
2016,1,0,0,0,1,5,0,0,0,0,0,0,0,0,0,0,0,0,0,0,0
2016,1,0,0,0,1,10,0,0,0,0,0,0,0,0,0,0,0,0,0,0,0
2016,1,0,0,0,1,15,0,0,0,0,0,0,0,0,0,0,0,0,0,0,0
2016,1,0,0,0,1,20,0,0,0,0,0,0,0,0,0,0,0,0,0,0,0
2016,1,0,0,0,1,25,0,0,0,0,0,0,0,0,0,0,0,0,0,0,0
2016,1,0,0,0,1,30,0,0,0,0,0,0,0,0,0,0,0,0,0,0,0
2016,1,0,0,0,1,35,0,0,0,0,0,0,0,0,0,0,0,0,0,0,0
2016,1,0,0,0,1,40,0,0,0,0,0,0,0,0,0,0,0,0,0,0,0
2016,1,0,0,0,1,45,0,0,0,0,0,0,0,0,0,0,0,0,0,0,0
2016,1,0,0,0,1,50,0,0,0,0,0,0,0,0,0,0,0,0,0,0,0
2016,1,0,0,0,1,55,0,0,0,0,0,0,0,0,0,0,0,0,0,0,0
2016,1,0,0,0,1,60,0,0,0,0,0,0,0,0,0,0,0,0,0,0,0
2016,1,0,0,0,1,100,0,0,0,0,0,0,0,0,0,0,0,0,0,0,0
2016,1,0,0,1,0,0,36,36,5,0,3,3,5,12,12,5,0,0,0,0,0
2016,1,0,0,1,0,5,99,99,0,0,2,2,1,23,23,2,0,0,0,0,0
2016,1,0,0,1,0,10,114,114,0,0,4,4,2,8,8,0,0,0,0,0,0
2016,1,0,0,1,0,15,88,88,5,0,2,2,3,9,8,4,0,4,0,0,1
2016,1,0,0,1,0,20,167,167,25,0,1,1,34,75,50,23,0,23,0,0,2
2016,1,0,0,1,0,25,277,277,38,0,1,1,56,196,148,39,0,50,0,0,0
2016,1,0,0,1,0,30,261,261,18,0,5,5,40,171,139,29,0,30,0,0,0
2016,1,0,0,1,0,35,185,185,7,0,4,3,21,117,106,13,0,10,0,0,0
2016,1,0,0,1,0,40,175,175,11,0,1,1,21,72,61,15,0,12,0,0,0
2016,1,0,0,1,0,45,76,76,2,0,4,4,4,8,8,4,0,2,0,0,0
2016,1,0,0,1,0,50,23,23,2,0,0,0,2,4,4,1,0,1,0,0,0
2016,1,0,0,1,0,55,9,9,1,0,0,0,1,1,1,1,0,1,0,0,0
2016,1,0,0,1,0,60,11,11,1,0,1,0,1,3,3,1,0,0,0,0,0
2016,1,0,0,1,0,100,0,0,0,0,0,0,0,0,0,0,0,0,0,0,0
2016,1,0,0,1,1,0,13,13,0,13,0,0,13,13,13,0,0,0,0,0,0
2016,1,0,0,1,1,5,13,13,0,13,0,0,13,13,13,0,0,0,0,0,0
2016,1,0,0,1,1,10,16,16,0,16,0,0,16,16,16,0,0,0,0,0,0
2016,1,0,0,1,1,15,27,27,0,27,1,1,27,21,21,0,0,0,0,0,0
2016,1,0,0,1,1,20,102,102,0,102,0,0,102,86,85,0,0,1,0,0,1
2016,1,0,0,1,1,25,281,281,0,281,5,5,281,249,241,0,0,7,0,0,0
2016,1,0,0,1,1,30,507,507,0,507,4,3,507,394,367,0,0,6,0,0,0
2016,1,0,0,1,1,35,558,558,0,558,6,5,558,411,386,0,0,6,0,0,0
2016,1,0,0,1,1,40,506,506,0,506,9,5,506,225,214,0,0,8,0,0,0
2016,1,0,0,1,1,45,436,436,0,436,9,7,436,41,41,0,0,9,0,0,0
2016,1,0,0,1,1,50,296,296,0,296,8,6,296,32,32,0,0,3,0,0,0
2016,1,0,0,1,1,55,70,70,0,70,0,0,70,12,12,0,0,0,0,0,0
2016,1,0,0,1,1,60,121,121,0,121,2,1,121,12,12,0,0,2,0,0,0
2016,1,0,0,1,1,100,0,0,0,0,0,0,0,0,0,0,0,0,0,0,0
2016,1,0,1,0,0,0,0,0,0,0,0,0,0,0,0,0,0,0,0,0,0
2016,1,0,1,0,0,5,1,0,0,0,0,0,0,0,0,0,0,0,0,0,0
2016,1,0,1,0,0,10,20,0,0,0,0,0,0,0,0,0,0,0,0,0,0
2016,1,0,1,0,0,15,88,0,0,0,0,0,7,10,0,0,4,0,0,0,0
2016,1,0,1,0,0,20,290,0,0,0,0,0,115,167,0,0,89,0,0,0,0
2016,1,0,1,0,0,25,375,0,0,0,0,0,205,291,0,0,155,0,0,0,0
2016,1,0,1,0,0,30,309,0,0,0,0,0,167,251,0,0,128,0,0,0,0
2016,1,0,1,0,0,35,251,0,0,0,0,0,152,206,0,0,133,0,0,0,0
2016,1,0,1,0,0,40,161,0,0,0,1,0,62,92,0,0,43,0,0,0,0
2016,1,0,1,0,0,45,124,0,0,0,1,0,0,0,0,0,0,0,0,0,0
2016,1,0,1,0,0,50,88,0,0,0,2,0,0,0,0,0,0,0,0,0,0
2016,1,0,1,0,0,55,35,0,0,0,0,0,0,0,0,0,0,0,0,0,0
2016,1,0,1,0,0,60,84,0,0,0,2,0,0,0,0,0,0,0,0,0,0
2016,1,0,1,0,0,100,0,0,0,0,0,0,0,0,0,0,0,0,0,0,0
2016,1,0,1,0,1,0,0,0,0,0,0,0,0,0,0,0,0,0,0,0,0
2016,1,0,1,0,1,5,0,0,0,0,0,0,0,0,0,0,0,0,0,0,0
2016,1,0,1,0,1,10,0,0,0,0,0,0,0,0,0,0,0,0,0,0,0
2016,1,0,1,0,1,15,0,0,0,0,0,0,0,0,0,0,0,0,0,0,0
2016,1,0,1,0,1,20,0,0,0,0,0,0,0,0,0,0,0,0,0,0,0
2016,1,0,1,0,1,25,0,0,0,0,0,0,0,0,0,0,0,0,0,0,0
2016,1,0,1,0,1,30,0,0,0,0,0,0,0,0,0,0,0,0,0,0,0
2016,1,0,1,0,1,35,0,0,0,0,0,0,0,0,0,0,0,0,0,0,0
2016,1,0,1,0,1,40,0,0,0,0,0,0,0,0,0,0,0,0,0,0,0
2016,1,0,1,0,1,45,0,0,0,0,0,0,0,0,0,0,0,0,0,0,0
2016,1,0,1,0,1,50,0,0,0,0,0,0,0,0,0,0,0,0,0,0,0
2016,1,0,1,0,1,55,0,0,0,0,0,0,0,0,0,0,0,0,0,0,0
2016,1,0,1,0,1,60,0,0,0,0,0,0,0,0,0,0,0,0,0,0,0
2016,1,0,1,0,1,100,0,0,0,0,0,0,0,0,0,0,0,0,0,0,0
2016,1,0,1,1,0,0,0,0,0,0,0,0,0,0,0,0,0,0,0,0,0
2016,1,0,1,1,0,5,0,0,0,0,0,0,0,0,0,0,0,0,0,0,0
2016,1,0,1,1,0,10,0,0,0,0,0,0,0,0,0,0,0,0,0,0,0
2016,1,0,1,1,0,15,3,3,0,0,0,0,0,0,0,0,0,0,0,0,0
2016,1,0,1,1,0,20,9,9,2,0,0,0,4,5,3,0,0,0,0,0,0
2016,1,0,1,1,0,25,18,18,5,0,0,0,5,15,7,2,0,5,0,0,0
2016,1,0,1,1,0,30,33,33,2,0,1,1,4,26,20,3,0,5,0,0,0
2016,1,0,1,1,0,35,15,15,1,0,2,2,5,12,11,3,0,3,0,0,0
2016,1,0,1,1,0,40,12,12,1,0,0,0,0,5,5,0,0,1,0,0,0
2016,1,0,1,1,0,45,6,6,0,0,0,0,0,0,0,0,0,0,0,0,0
2016,1,0,1,1,0,50,2,2,0,0,0,0,1,1,1,1,0,0,0,0,0
2016,1,0,1,1,0,55,1,1,0,0,0,0,0,0,0,0,0,0,0,0,0
2016,1,0,1,1,0,60,1,1,0,0,0,0,0,1,1,0,0,0,0,0,0
2016,1,0,1,1,0,100,0,0,0,0,0,0,0,0,0,0,0,0,0,0,0
2016,1,0,1,1,1,0,0,0,0,0,0,0,0,0,0,0,0,0,0,0,0
2016,1,0,1,1,1,5,0,0,0,0,0,0,0,0,0,0,0,0,0,0,0
2016,1,0,1,1,1,10,0,0,0,0,0,0,0,0,0,0,0,0,0,0,0
2016,1,0,1,1,1,15,0,0,0,0,0,0,0,0,0,0,0,0,0,0,0
2016,1,0,1,1,1,20,4,4,0,4,0,0,4,4,4,0,0,0,0,0,0
2016,1,0,1,1,1,25,30,30,0,30,0,0,30,27,25,0,0,0,0,0,0
2016,1,0,1,1,1,30,49,49,0,49,1,1,49,34,34,0,0,0,0,0,0
2016,1,0,1,1,1,35,65,65,0,65,1,1,65,49,47,0,0,0,0,0,0
2016,1,0,1,1,1,40,56,56,0,56,2,1,56,23,23,0,0,1,0,0,0
2016,1,0,1,1,1,45,44,44,0,44,1,1,44,4,4,0,0,2,0,0,0
2016,1,0,1,1,1,50,37,37,0,37,2,1,37,2,2,0,0,1,0,0,0
2016,1,0,1,1,1,55,10,10,0,10,0,0,10,1,1,0,0,0,0,0,0
2016,1,0,1,1,1,60,5,5,0,5,0,0,5,1,1,0,0,0,0,0,0
2016,1,0,1,1,1,100,0,0,0,0,0,0,0,0,0,0,0,0,0,0,0
2016,1,1,0,0,0,0,5669,0,0,0,15,0,453,1866,0,0,205,0,0,0,0
2016,1,1,0,0,0,5,5053,0,0,0,2,0,0,1388,0,0,0,0,0,0,0
2016,1,1,0,0,0,10,4774,0,0,0,1,0,92,195,0,0,103,0,0,0,0
2016,1,1,0,0,0,15,4297,0,0,0,5,0,1183,1858,0,0,848,0,0,0,0
2016,1,1,0,0,0,20,3475,0,0,0,0,0,1710,2828,0,0,1381,0,0,0,0
2016,1,1,0,0,0,25,2750,0,0,0,3,0,1618,2598,0,0,1236,0,0,0,0
2016,1,1,0,0,0,30,1871,0,0,0,1,0,1106,1812,0,0,775,0,0,0,0
2016,1,1,0,0,0,35,1110,0,0,0,0,0,612,1049,0,0,452,0,0,0,0
2016,1,1,0,0,0,40,749,0,0,0,1,0,184,547,0,0,138,0,0,0,0
2016,1,1,0,0,0,45,680,0,0,0,2,0,34,259,0,0,25,0,0,0,0
2016,1,1,0,0,0,50,587,0,0,0,2,0,6,81,0,0,4,0,0,0,0
2016,1,1,0,0,0,55,298,0,0,0,2,0,1,7,0,0,1,0,0,0,0
2016,1,1,0,0,0,60,1557,0,0,0,40,0,0,0,0,0,0,0,0,0,0
2016,1,1,0,0,0,100,1,0,0,0,0,0,0,0,0,0,0,0,0,0,0
2016,1,1,0,0,1,0,0,0,0,0,0,0,0,0,0,0,0,0,0,0,0
2016,1,1,0,0,1,5,0,0,0,0,0,0,0,0,0,0,0,0,0,0,0
2016,1,1,0,0,1,10,0,0,0,0,0,0,0,0,0,0,0,0,0,0,0
2016,1,1,0,0,1,15,0,0,0,0,0,0,0,0,0,0,0,0,0,0,0
2016,1,1,0,0,1,20,0,0,0,0,0,0,0,0,0,0,0,0,0,0,0
2016,1,1,0,0,1,25,0,0,0,0,0,0,0,0,0,0,0,0,0,0,0
2016,1,1,0,0,1,30,0,0,0,0,0,0,0,0,0,0,0,0,0,0,0
2016,1,1,0,0,1,35,0,0,0,0,0,0,0,0,0,0,0,0,0,0,0
2016,1,1,0,0,1,40,0,0,0,0,0,0,0,0,0,0,0,0,0,0,0
2016,1,1,0,0,1,45,0,0,0,0,0,0,0,0,0,0,0,0,0,0,0
2016,1,1,0,0,1,50,0,0,0,0,0,0,0,0,0,0,0,0,0,0,0
2016,1,1,0,0,1,55,0,0,0,0,0,0,0,0,0,0,0,0,0,0,0
2016,1,1,0,0,1,60,0,0,0,0,0,0,0,0,0,0,0,0,0,0,0
2016,1,1,0,0,1,100,0,0,0,0,0,0,0,0,0,0,0,0,0,0,0
2016,1,1,0,1,0,0,46,46,6,0,6,5,1,4,4,3,0,0,0,0,0
2016,1,1,0,1,0,5,109,109,0,0,0,0,2,27,27,2,0,0,0,0,0
2016,1,1,0,1,0,10,131,131,7,0,2,2,4,12,11,4,0,3,0,0,0
2016,1,1,0,1,0,15,151,151,37,0,4,4,26,65,33,19,0,19,0,0,0
2016,1,1,0,1,0,20,291,291,58,0,1,1,86,218,131,63,0,30,0,0,0
2016,1,1,0,1,0,25,275,275,37,0,1,1,87,248,168,65,0,20,0,0,0
2016,1,1,0,1,0,30,218,218,22,0,0,0,42,200,149,39,0,8,0,0,0
2016,1,1,0,1,0,35,125,125,11,0,0,0,31,115,87,16,0,6,0,0,0
2016,1,1,0,1,0,40,63,63,7,0,0,0,5,48,25,1,0,1,0,0,0
2016,1,1,0,1,0,45,56,56,5,0,1,1,3,22,8,6,0,1,0,0,0
2016,1,1,0,1,0,50,40,40,3,0,1,0,0,6,3,0,0,2,0,0,0
2016,1,1,0,1,0,55,11,11,2,0,1,1,1,3,3,2,0,0,0,0,0
2016,1,1,0,1,0,60,23,23,4,0,0,0,1,4,4,2,0,0,0,0,0
2016,1,1,0,1,0,100,2,2,0,0,0,0,0,0,0,0,0,0,0,0,0
2016,1,1,0,1,1,0,17,17,0,17,0,0,17,17,17,0,0,0,0,0,0
2016,1,1,0,1,1,5,11,11,0,11,0,0,11,11,11,0,0,0,0,0,0
2016,1,1,0,1,1,10,22,22,0,22,0,0,22,22,22,0,0,0,0,0,0
2016,1,1,0,1,1,15,163,163,0,163,2,1,163,119,113,0,0,0,0,0,0
2016,1,1,0,1,1,20,536,536,0,536,1,1,536,439,366,0,0,6,0,0,0
2016,1,1,0,1,1,25,1069,1069,0,1069,4,4,1069,957,828,0,0,9,0,0,0
2016,1,1,0,1,1,30,1285,1285,0,1285,6,5,1285,1134,1002,0,0,3,0,0,0
2016,1,1,0,1,1,35,1166,1166,0,1166,14,13,1166,978,853,0,0,5,0,0,0
2016,1,1,0,1,1,40,888,888,0,888,8,8,888,537,442,0,0,5,0,0,0
2016,1,1,0,1,1,45,512,512,0,512,11,9,512,221,187,0,0,3,0,0,0
2016,1,1,0,1,1,50,301,301,0,301,3,2,301,78,60,0,0,0,0,0,0
2016,1,1,0,1,1,55,109,109,0,109,4,2,109,17,16,0,0,0,0,0,0
2016,1,1,0,1,1,60,148,148,0,148,9,5,148,26,26,0,0,0,0,0,0
2016,1,1,0,1,1,100,0,0,0,0,0,0,0,0,0,0,0,0,0,0,0
2016.5,1,0,0,0,0,0,5677,0,0,0,30,0,435,1793,0,0,195,0,0,0,0
2016.5,1,0,0,0,0,5,5119,0,0,0,3,0,0,1527,0,0,0,0,0,0,1
2016.5,1,0,0,0,0,10,4760,0,0,0,4,0,0,183,0,0,0,0,0,0,0
2016.5,1,0,0,0,0,15,4229,0,0,0,5,0,308,373,0,0,296,0,0,0,15
2016.5,1,0,0,0,0,20,3750,0,0,0,3,0,1465,2029,0,0,1112,0,0,0,14
2016.5,1,0,0,0,0,25,3068,0,0,0,4,0,1643,2445,0,0,1197,0,0,0,7
2016.5,1,0,0,0,0,30,2288,0,0,0,3,0,1286,1912,0,0,983,0,0,0,0
2016.5,1,0,0,0,0,35,1501,0,0,0,1,0,873,1264,0,0,635,0,0,0,0
2016.5,1,0,0,0,0,40,1071,0,0,0,3,0,469,701,0,0,325,0,0,0,0
2016.5,1,0,0,0,0,45,738,0,0,0,2,0,0,1,0,0,0,0,0,0,0
2016.5,1,0,0,0,0,50,510,0,0,0,1,0,0,0,0,0,0,0,0,0,0
2016.5,1,0,0,0,0,55,303,0,0,0,2,0,0,0,0,0,0,0,0,0,0
2016.5,1,0,0,0,0,60,797,0,0,0,27,0,0,0,0,0,0,0,0,0,0
2016.5,1,0,0,0,0,100,1,0,0,0,0,0,0,0,0,0,0,0,0,0,0
2016.5,1,0,0,0,1,0,0,0,0,0,0,0,0,0,0,0,0,0,0,0,0
2016.5,1,0,0,0,1,5,0,0,0,0,0,0,0,0,0,0,0,0,0,0,0
2016.5,1,0,0,0,1,10,0,0,0,0,0,0,0,0,0,0,0,0,0,0,0
2016.5,1,0,0,0,1,15,0,0,0,0,0,0,0,0,0,0,0,0,0,0,0
2016.5,1,0,0,0,1,20,0,0,0,0,0,0,0,0,0,0,0,0,0,0,0
2016.5,1,0,0,0,1,25,0,0,0,0,0,0,0,0,0,0,0,0,0,0,0
2016.5,1,0,0,0,1,30,0,0,0,0,0,0,0,0,0,0,0,0,0,0,0
2016.5,1,0,0,0,1,35,0,0,0,0,0,0,0,0,0,0,0,0,0,0,0
2016.5,1,0,0,0,1,40,0,0,0,0,0,0,0,0,0,0,0,0,0,0,0
2016.5,1,0,0,0,1,45,0,0,0,0,0,0,0,0,0,0,0,0,0,0,0
2016.5,1,0,0,0,1,50,0,0,0,0,0,0,0,0,0,0,0,0,0,0,0
2016.5,1,0,0,0,1,55,0,0,0,0,0,0,0,0,0,0,0,0,0,0,0
2016.5,1,0,0,0,1,60,0,0,0,0,0,0,0,0,0,0,0,0,0,0,0
2016.5,1,0,0,0,1,100,0,0,0,0,0,0,0,0,0,0,0,0,0,0,0
2016.5,1,0,0,1,0,0,32,32,4,0,4,4,3,9,9,2,0,0,0,0,0
2016.5,1,0,0,1,0,5,86,86,0,0,2,2,1,20,20,2,0,0,0,0,0
2016.5,1,0,0,1,0,10,112,112,0,0,3,3,2,10,10,2,0,0,0,0,0
2016.5,1,0,0,1,0,15,84,84,9,0,3,3,6,8,6,4,0,5,0,0,0
2016.5,1,0,0,1,0,20,161,161,23,0,0,0,25,68,42,11,0,21,0,0,1
2016.5,1,0,0,1,0,25,255,255,19,0,3,1,52,180,140,44,0,43,0,0,0
2016.5,1,0,0,1,0,30,275,275,20,0,7,7,43,192,153,32,0,27,0,0,0
2016.5,1,0,0,1,0,35,196,196,8,0,2,2,25,126,110,19,0,13,0,0,0
2016.5,1,0,0,1,0,40,166,166,12,0,2,2,21,82,68,16,0,10,0,0,0
2016.5,1,0,0,1,0,45,90,90,5,0,0,0,4,7,7,3,0,2,0,0,0
2016.5,1,0,0,1,0,50,29,29,4,0,1,1,3,4,4,3,0,1,0,0,0
2016.5,1,0,0,1,0,55,11,11,2,0,0,0,0,0,0,0,0,0,0,0,0
2016.5,1,0,0,1,0,60,8,8,4,0,3,0,0,0,0,0,0,2,0,0,0
2016.5,1,0,0,1,0,100,0,0,0,0,0,0,0,0,0,0,0,0,0,0,0
2016.5,1,0,0,1,1,0,14,14,0,14,0,0,14,14,14,0,0,0,0,0,0
2016.5,1,0,0,1,1,5,15,15,0,15,0,0,15,15,15,0,0,0,0,0,0
2016.5,1,0,0,1,1,10,14,14,0,14,0,0,14,14,14,0,0,0,0,0,0
2016.5,1,0,0,1,1,15,33,33,0,33,1,1,33,25,25,0,0,0,0,0,0
2016.5,1,0,0,1,1,20,98,98,0,98,1,1,98,85,82,0,0,3,0,0,1
2016.5,1,0,0,1,1,25,285,285,0,285,2,1,285,253,246,0,0,9,0,0,0
2016.5,1,0,0,1,1,30,506,506,0,506,3,2,506,402,376,0,0,10,0,0,1
2016.5,1,0,0,1,1,35,573,573,0,573,7,7,573,431,404,0,0,8,0,0,0
2016.5,1,0,0,1,1,40,494,494,0,494,6,5,494,246,234,0,0,7,0,0,0
2016.5,1,0,0,1,1,45,439,439,0,439,6,4,439,41,41,0,0,6,0,0,0
2016.5,1,0,0,1,1,50,320,320,0,320,5,2,320,37,37,0,0,4,0,0,0
2016.5,1,0,0,1,1,55,83,83,0,83,1,0,83,14,14,0,0,0,0,0,0
2016.5,1,0,0,1,1,60,128,128,0,128,4,1,128,16,16,0,0,2,0,0,0
2016.5,1,0,0,1,1,100,0,0,0,0,0,0,0,0,0,0,0,0,0,0,0
2016.5,1,0,1,0,0,0,0,0,0,0,0,0,0,0,0,0,0,0,0,0,0
2016.5,1,0,1,0,0,5,1,0,0,0,0,0,0,0,0,0,0,0,0,0,0
2016.5,1,0,1,0,0,10,16,0,0,0,0,0,0,0,0,0,0,0,0,0,0
2016.5,1,0,1,0,0,15,97,0,0,0,0,0,9,11,0,0,12,0,0,0,0
2016.5,1,0,1,0,0,20,279,0,0,0,0,0,111,155,0,0,89,0,0,0,0
2016.5,1,0,1,0,0,25,373,0,0,0,1,0,200,301,0,0,150,0,0,0,0
2016.5,1,0,1,0,0,30,321,0,0,0,1,0,181,265,0,0,137,0,0,0,0
2016.5,1,0,1,0,0,35,261,0,0,0,1,0,154,217,0,0,95,0,0,0,0
2016.5,1,0,1,0,0,40,158,0,0,0,0,0,70,103,0,0,51,0,0,0,0
2016.5,1,0,1,0,0,45,129,0,0,0,0,0,0,0,0,0,0,0,0,0,0
2016.5,1,0,1,0,0,50,90,0,0,0,0,0,0,0,0,0,0,0,0,0,0
2016.5,1,0,1,0,0,55,39,0,0,0,0,0,0,0,0,0,0,0,0,0,0
2016.5,1,0,1,0,0,60,83,0,0,0,5,0,0,0,0,0,0,0,0,0,0
2016.5,1,0,1,0,0,100,0,0,0,0,0,0,0,0,0,0,0,0,0,0,0
2016.5,1,0,1,0,1,0,0,0,0,0,0,0,0,0,0,0,0,0,0,0,0
2016.5,1,0,1,0,1,5,0,0,0,0,0,0,0,0,0,0,0,0,0,0,0
2016.5,1,0,1,0,1,10,0,0,0,0,0,0,0,0,0,0,0,0,0,0,0
2016.5,1,0,1,0,1,15,0,0,0,0,0,0,0,0,0,0,0,0,0,0,0
2016.5,1,0,1,0,1,20,0,0,0,0,0,0,0,0,0,0,0,0,0,0,0
2016.5,1,0,1,0,1,25,0,0,0,0,0,0,0,0,0,0,0,0,0,0,0
2016.5,1,0,1,0,1,30,0,0,0,0,0,0,0,0,0,0,0,0,0,0,0
2016.5,1,0,1,0,1,35,0,0,0,0,0,0,0,0,0,0,0,0,0,0,0
2016.5,1,0,1,0,1,40,0,0,0,0,0,0,0,0,0,0,0,0,0,0,0
2016.5,1,0,1,0,1,45,0,0,0,0,0,0,0,0,0,0,0,0,0,0,0
2016.5,1,0,1,0,1,50,0,0,0,0,0,0,0,0,0,0,0,0,0,0,0
2016.5,1,0,1,0,1,55,0,0,0,0,0,0,0,0,0,0,0,0,0,0,0
2016.5,1,0,1,0,1,60,0,0,0,0,0,0,0,0,0,0,0,0,0,0,0
2016.5,1,0,1,0,1,100,0,0,0,0,0,0,0,0,0,0,0,0,0,0,0
2016.5,1,0,1,1,0,0,0,0,0,0,0,0,0,0,0,0,0,0,0,0,0
2016.5,1,0,1,1,0,5,0,0,0,0,0,0,0,0,0,0,0,0,0,0,0
2016.5,1,0,1,1,0,10,0,0,0,0,0,0,0,0,0,0,0,0,0,0,0
2016.5,1,0,1,1,0,15,3,3,0,0,0,0,0,0,0,0,0,0,0,0,0
2016.5,1,0,1,1,0,20,8,8,0,0,0,0,1,6,5,2,0,0,0,0,0
2016.5,1,0,1,1,0,25,17,17,1,0,0,0,5,13,6,1,0,1,0,0,0
2016.5,1,0,1,1,0,30,27,27,1,0,0,0,5,20,16,8,0,3,0,0,0
2016.5,1,0,1,1,0,35,20,20,2,0,0,0,4,16,14,0,0,1,0,0,0
2016.5,1,0,1,1,0,40,14,14,2,0,0,0,3,8,6,0,0,2,0,0,0
2016.5,1,0,1,1,0,45,8,8,0,0,0,0,0,0,0,0,0,0,0,0,0
2016.5,1,0,1,1,0,50,1,1,1,0,0,0,0,0,0,0,0,0,0,0,0
2016.5,1,0,1,1,0,55,2,2,0,0,0,0,0,0,0,0,0,0,0,0,0
2016.5,1,0,1,1,0,60,2,2,0,0,0,0,0,1,1,0,0,0,0,0,0
2016.5,1,0,1,1,0,100,0,0,0,0,0,0,0,0,0,0,0,0,0,0,0
2016.5,1,0,1,1,1,0,0,0,0,0,0,0,0,0,0,0,0,0,0,0,0
2016.5,1,0,1,1,1,5,0,0,0,0,0,0,0,0,0,0,0,0,0,0,0
2016.5,1,0,1,1,1,10,0,0,0,0,0,0,0,0,0,0,0,0,0,0,0
2016.5,1,0,1,1,1,15,0,0,0,0,0,0,0,0,0,0,0,0,0,0,0
2016.5,1,0,1,1,1,20,5,5,0,5,0,0,5,5,5,0,0,0,0,0,0
2016.5,1,0,1,1,1,25,22,22,0,22,2,1,22,20,18,0,0,0,0,0,0
2016.5,1,0,1,1,1,30,55,55,0,55,0,0,55,40,40,0,0,3,0,0,0
2016.5,1,0,1,1,1,35,65,65,0,65,0,0,65,49,47,0,0,0,0,0,0
2016.5,1,0,1,1,1,40,59,59,0,59,0,0,59,29,29,0,0,0,0,0,0
2016.5,1,0,1,1,1,45,40,40,0,40,1,0,40,4,4,0,0,2,0,0,0
2016.5,1,0,1,1,1,50,40,40,0,40,1,1,40,2,2,0,0,1,0,0,0
2016.5,1,0,1,1,1,55,11,11,0,11,0,0,11,1,1,0,0,0,0,0,0
2016.5,1,0,1,1,1,60,5,5,0,5,0,0,5,2,2,0,0,0,0,0,0
2016.5,1,0,1,1,1,100,0,0,0,0,0,0,0,0,0,0,0,0,0,0,0
2016.5,1,1,0,0,0,0,5696,0,0,0,17,0,434,1883,0,0,193,0,0,0,0
2016.5,1,1,0,0,0,5,5113,0,0,0,1,0,0,1500,0,0,0,0,0,0,0
2016.5,1,1,0,0,0,10,4797,0,0,0,0,0,101,266,0,0,125,0,0,0,0
2016.5,1,1,0,0,0,15,4319,0,0,0,1,0,1159,1859,0,0,859,0,0,0,0
2016.5,1,1,0,0,0,20,3478,0,0,0,1,0,1708,2844,0,0,1248,0,0,0,0
2016.5,1,1,0,0,0,25,2805,0,0,0,2,0,1652,2659,0,0,1246,0,0,0,0
2016.5,1,1,0,0,0,30,1924,0,0,0,1,0,1180,1872,0,0,930,0,0,0,0
2016.5,1,1,0,0,0,35,1174,0,0,0,1,0,679,1126,0,0,500,0,0,0,0
2016.5,1,1,0,0,0,40,753,0,0,0,1,0,203,579,0,0,134,0,0,0,0
2016.5,1,1,0,0,0,45,660,0,0,0,0,0,39,276,0,0,27,0,0,0,0
2016.5,1,1,0,0,0,50,610,0,0,0,0,0,4,90,0,0,0,0,0,0,0
2016.5,1,1,0,0,0,55,313,0,0,0,1,0,1,12,0,0,0,0,0,0,0
2016.5,1,1,0,0,0,60,1548,0,0,0,35,0,0,0,0,0,0,0,0,0,0
2016.5,1,1,0,0,0,100,2,0,0,0,0,0,0,0,0,0,0,0,0,0,0
2016.5,1,1,0,0,1,0,0,0,0,0,0,0,0,0,0,0,0,0,0,0,0
2016.5,1,1,0,0,1,5,0,0,0,0,0,0,0,0,0,0,0,0,0,0,0
2016.5,1,1,0,0,1,10,0,0,0,0,0,0,0,0,0,0,0,0,0,0,0
2016.5,1,1,0,0,1,15,0,0,0,0,0,0,0,0,0,0,0,0,0,0,0
2016.5,1,1,0,0,1,20,0,0,0,0,0,0,0,0,0,0,0,0,0,0,0
2016.5,1,1,0,0,1,25,0,0,0,0,0,0,0,0,0,0,0,0,0,0,0
2016.5,1,1,0,0,1,30,0,0,0,0,0,0,0,0,0,0,0,0,0,0,0
2016.5,1,1,0,0,1,35,0,0,0,0,0,0,0,0,0,0,0,0,0,0,0
2016.5,1,1,0,0,1,40,0,0,0,0,0,0,0,0,0,0,0,0,0,0,0
2016.5,1,1,0,0,1,45,0,0,0,0,0,0,0,0,0,0,0,0,0,0,0
2016.5,1,1,0,0,1,50,0,0,0,0,0,0,0,0,0,0,0,0,0,0,0
2016.5,1,1,0,0,1,55,0,0,0,0,0,0,0,0,0,0,0,0,0,0,0
2016.5,1,1,0,0,1,60,0,0,0,0,0,0,0,0,0,0,0,0,0,0,0
2016.5,1,1,0,0,1,100,0,0,0,0,0,0,0,0,0,0,0,0,0,0,0
2016.5,1,1,0,1,0,0,43,43,7,0,2,2,3,6,6,4,0,0,0,0,0
2016.5,1,1,0,1,0,5,101,101,0,0,1,1,0,24,24,1,0,0,0,0,0
2016.5,1,1,0,1,0,10,127,127,7,0,5,5,3,10,9,6,0,3,0,0,0
2016.5,1,1,0,1,0,15,151,151,30,0,5,5,30,68,36,23,0,15,0,0,0
2016.5,1,1,0,1,0,20,279,279,52,0,0,0,80,213,115,45,0,19,0,0,0
2016.5,1,1,0,1,0,25,244,244,35,0,5,5,69,222,147,57,0,9,0,0,0
2016.5,1,1,0,1,0,30,226,226,26,0,1,1,39,204,143,36,0,8,0,0,0
2016.5,1,1,0,1,0,35,132,132,15,0,3,3,24,120,83,12,0,2,0,0,0
2016.5,1,1,0,1,0,40,64,64,7,0,2,2,3,48,30,2,0,4,0,0,0
2016.5,1,1,0,1,0,45,58,58,7,0,1,1,1,27,9,0,0,4,0,0,0
2016.5,1,1,0,1,0,50,42,42,3,0,1,1,1,9,5,1,0,1,0,0,0
2016.5,1,1,0,1,0,55,11,11,0,0,0,0,0,3,3,1,0,1,0,0,0
2016.5,1,1,0,1,0,60,25,25,4,0,0,0,1,5,5,2,0,0,0,0,0
2016.5,1,1,0,1,0,100,2,2,0,0,0,0,0,0,0,0,0,0,0,0,0
2016.5,1,1,0,1,1,0,18,18,0,18,0,0,18,18,18,0,0,0,0,0,0
2016.5,1,1,0,1,1,5,14,14,0,14,1,1,14,14,14,0,0,0,0,0,0
2016.5,1,1,0,1,1,10,18,18,0,18,2,2,18,18,18,0,0,0,0,0,0
2016.5,1,1,0,1,1,15,158,158,0,158,3,3,158,120,113,0,0,3,0,0,0
2016.5,1,1,0,1,1,20,538,538,0,538,1,1,538,444,372,0,0,4,0,0,0
2016.5,1,1,0,1,1,25,1072,1072,0,1072,6,6,1072,951,817,0,0,11,0,0,0
2016.5,1,1,0,1,1,30,1306,1306,0,1306,6,5,1306,1163,1026,0,0,8,0,0,0
2016.5,1,1,0,1,1,35,1207,1207,0,1207,6,5,1207,1029,903,0,0,6,0,0,0
2016.5,1,1,0,1,1,40,900,900,0,900,5,4,900,573,474,0,0,4,0,0,0
2016.5,1,1,0,1,1,45,555,555,0,555,3,3,555,240,193,0,0,4,0,0,0
2016.5,1,1,0,1,1,50,314,314,0,314,4,3,314,87,69,0,0,2,0,0,0
2016.5,1,1,0,1,1,55,121,121,0,121,2,1,121,20,19,0,0,3,0,0,0
2016.5,1,1,0,1,1,60,160,160,0,160,3,1,160,29,29,0,0,2,0,0,0
2016.5,1,1,0,1,1,100,0,0,0,0,0,0,0,0,0,0,0,0,0,0,0
2017,1,0,0,0,0,0,5719,0,0,0,22,0,424,1814,0,0,205,0,0,0,0
2017,1,0,0,0,0,5,5171,0,0,0,2,0,0,1626,0,0,0,0,0,0,2
2017,1,0,0,0,0,10,4780,0,0,0,1,0,0,260,0,0,0,0,0,0,4
2017,1,0,0,0,0,15,4270,0,0,0,1,0,316,375,0,0,315,0,0,0,18
2017,1,0,0,0,0,20,3748,0,0,0,2,0,1494,2069,0,0,1140,0,0,0,13
2017,1,0,0,0,0,25,3095,0,0,0,3,0,1703,2495,0,0,1215,0,0,0,9
2017,1,0,0,0,0,30,2329,0,0,0,5,0,1342,1972,0,0,987,0,0,0,3
2017,1,0,0,0,0,35,1571,0,0,0,4,0,910,1341,0,0,638,0,0,0,0
2017,1,0,0,0,0,40,1073,0,0,0,3,0,544,790,0,0,376,0,0,0,0
2017,1,0,0,0,0,45,759,0,0,0,4,0,6,9,0,0,4,0,0,0,0
2017,1,0,0,0,0,50,533,0,0,0,5,0,0,0,0,0,0,0,0,0,0
2017,1,0,0,0,0,55,296,0,0,0,6,0,0,0,0,0,0,0,0,0,0
2017,1,0,0,0,0,60,805,0,0,0,25,0,0,0,0,0,0,0,0,0,0
2017,1,0,0,0,0,100,1,0,0,0,0,0,0,0,0,0,0,0,0,0,0
2017,1,0,0,0,1,0,0,0,0,0,0,0,0,0,0,0,0,0,0,0,0
2017,1,0,0,0,1,5,0,0,0,0,0,0,0,0,0,0,0,0,0,0,0
2017,1,0,0,0,1,10,0,0,0,0,0,0,0,0,0,0,0,0,0,0,0
2017,1,0,0,0,1,15,0,0,0,0,0,0,0,0,0,0,0,0,0,0,0
2017,1,0,0,0,1,20,0,0,0,0,0,0,0,0,0,0,0,0,0,0,0
2017,1,0,0,0,1,25,0,0,0,0,0,0,0,0,0,0,0,0,0,0,0
2017,1,0,0,0,1,30,0,0,0,0,0,0,0,0,0,0,0,0,0,0,0
2017,1,0,0,0,1,35,0,0,0,0,0,0,0,0,0,0,0,0,0,0,0
2017,1,0,0,0,1,40,0,0,0,0,0,0,0,0,0,0,0,0,0,0,0
2017,1,0,0,0,1,45,0,0,0,0,0,0,0,0,0,0,0,0,0,0,0
2017,1,0,0,0,1,50,0,0,0,0,0,0,0,0,0,0,0,0,0,0,0
2017,1,0,0,0,1,55,0,0,0,0,0,0,0,0,0,0,0,0,0,0,0
2017,1,0,0,0,1,60,0,0,0,0,0,0,0,0,0,0,0,0,0,0,0
2017,1,0,0,0,1,100,0,0,0,0,0,0,0,0,0,0,0,0,0,0,0
2017,1,0,0,1,0,0,30,30,5,0,3,2,1,7,7,1,0,0,0,0,0
2017,1,0,0,1,0,5,80,80,0,0,0,0,1,20,20,1,0,0,0,0,0
2017,1,0,0,1,0,10,111,111,0,0,3,3,0,8,8,0,0,0,0,0,0
2017,1,0,0,1,0,15,81,81,9,0,3,3,11,14,12,9,0,2,0,0,1
2017,1,0,0,1,0,20,153,153,15,0,5,5,21,66,43,25,0,22,0,0,1
2017,1,0,0,1,0,25,242,242,20,0,6,6,47,168,131,37,0,40,0,0,0
2017,1,0,0,1,0,30,272,272,24,0,4,4,47,194,156,42,0,46,0,0,0
2017,1,0,0,1,0,35,188,188,9,0,5,5,26,119,106,22,0,9,0,0,0
2017,1,0,0,1,0,40,149,149,12,0,4,1,16,84,70,25,0,17,0,0,0
2017,1,0,0,1,0,45,102,102,6,0,4,3,3,11,11,1,0,4,0,0,0
2017,1,0,0,1,0,50,23,23,1,0,1,1,0,1,1,0,0,0,0,0,0
2017,1,0,0,1,0,55,17,17,1,0,0,0,1,1,1,1,0,1,0,0,0
2017,1,0,0,1,0,60,7,7,0,0,0,0,0,0,0,0,0,0,0,0,0
2017,1,0,0,1,0,100,0,0,0,0,0,0,0,0,0,0,0,0,0,0,0
2017,1,0,0,1,1,0,12,12,0,12,1,1,12,12,12,0,0,0,0,0,0
2017,1,0,0,1,1,5,15,15,0,15,0,0,15,15,15,0,0,0,0,0,0
2017,1,0,0,1,1,10,15,15,0,15,1,1,15,15,15,0,0,0,0,0,0
2017,1,0,0,1,1,15,27,27,0,27,4,4,27,22,22,0,0,1,0,0,0
2017,1,0,0,1,1,20,102,102,0,102,1,1,102,88,87,0,0,2,0,0,0
2017,1,0,0,1,1,25,280,280,0,280,2,2,280,250,240,0,0,11,0,0,0
2017,1,0,0,1,1,30,512,512,0,512,2,0,512,418,395,0,0,10,0,0,0
2017,1,0,0,1,1,35,559,559,0,559,2,2,559,429,407,0,0,10,0,0,0
2017,1,0,0,1,1,40,543,543,0,543,4,4,543,299,281,0,0,9,0,0,0
2017,1,0,0,1,1,45,453,453,0,453,8,7,453,54,53,0,0,3,0,0,0
2017,1,0,0,1,1,50,328,328,0,328,5,3,328,39,39,0,0,1,0,0,0
2017,1,0,0,1,1,55,98,98,0,98,4,1,98,16,16,0,0,0,0,0,0
2017,1,0,0,1,1,60,133,133,0,133,3,1,133,17,17,0,0,3,0,0,0
2017,1,0,0,1,1,100,0,0,0,0,0,0,0,0,0,0,0,0,0,0,0
2017,1,0,1,0,0,0,0,0,0,0,0,0,0,0,0,0,0,0,0,0,0
2017,1,0,1,0,0,5,3,0,0,0,0,0,0,0,0,0,0,0,0,0,0
2017,1,0,1,0,0,10,12,0,0,0,0,0,0,0,0,0,0,0,0,0,0
2017,1,0,1,0,0,15,102,0,0,0,0,0,13,14,0,0,6,0,0,0,0
2017,1,0,1,0,0,20,271,0,0,0,0,0,119,156,0,0,103,0,0,0,0
2017,1,0,1,0,0,25,383,0,0,0,0,0,226,315,0,0,182,0,0,0,0
2017,1,0,1,0,0,30,332,0,0,0,0,0,196,278,0,0,143,0,0,0,0
2017,1,0,1,0,0,35,266,0,0,0,0,0,153,218,0,0,119,0,0,0,0
2017,1,0,1,0,0,40,172,0,0,0,0,0,87,126,0,0,59,0,0,0,0
2017,1,0,1,0,0,45,129,0,0,0,3,0,2,2,0,0,2,0,0,0,0
2017,1,0,1,0,0,50,90,0,0,0,2,0,0,0,0,0,0,0,0,0,0
2017,1,0,1,0,0,55,42,0,0,0,0,0,0,0,0,0,0,0,0,0,0
2017,1,0,1,0,0,60,84,0,0,0,3,0,0,0,0,0,0,0,0,0,0
2017,1,0,1,0,0,100,0,0,0,0,0,0,0,0,0,0,0,0,0,0,0
2017,1,0,1,0,1,0,0,0,0,0,0,0,0,0,0,0,0,0,0,0,0
2017,1,0,1,0,1,5,0,0,0,0,0,0,0,0,0,0,0,0,0,0,0
2017,1,0,1,0,1,10,0,0,0,0,0,0,0,0,0,0,0,0,0,0,0
2017,1,0,1,0,1,15,0,0,0,0,0,0,0,0,0,0,0,0,0,0,0
2017,1,0,1,0,1,20,0,0,0,0,0,0,0,0,0,0,0,0,0,0,0
2017,1,0,1,0,1,25,0,0,0,0,0,0,0,0,0,0,0,0,0,0,0
2017,1,0,1,0,1,30,0,0,0,0,0,0,0,0,0,0,0,0,0,0,0
2017,1,0,1,0,1,35,0,0,0,0,0,0,0,0,0,0,0,0,0,0,0
2017,1,0,1,0,1,40,0,0,0,0,0,0,0,0,0,0,0,0,0,0,0
2017,1,0,1,0,1,45,0,0,0,0,0,0,0,0,0,0,0,0,0,0,0
2017,1,0,1,0,1,50,0,0,0,0,0,0,0,0,0,0,0,0,0,0,0
2017,1,0,1,0,1,55,0,0,0,0,0,0,0,0,0,0,0,0,0,0,0
2017,1,0,1,0,1,60,0,0,0,0,0,0,0,0,0,0,0,0,0,0,0
2017,1,0,1,0,1,100,0,0,0,0,0,0,0,0,0,0,0,0,0,0,0
2017,1,0,1,1,0,0,0,0,0,0,0,0,0,0,0,0,0,0,0,0,0
2017,1,0,1,1,0,5,0,0,0,0,0,0,0,0,0,0,0,0,0,0,0
2017,1,0,1,1,0,10,0,0,0,0,0,0,0,0,0,0,0,0,0,0,0
2017,1,0,1,1,0,15,3,3,0,0,0,0,0,0,0,0,0,0,0,0,0
2017,1,0,1,1,0,20,10,10,1,0,0,0,1,6,5,1,0,2,0,0,0
2017,1,0,1,1,0,25,15,15,1,0,0,0,3,12,7,4,0,6,0,0,0
2017,1,0,1,1,0,30,20,20,1,0,1,1,3,17,15,6,0,1,0,0,0
2017,1,0,1,1,0,35,16,16,0,0,3,2,2,13,11,1,0,1,0,0,0
2017,1,0,1,1,0,40,11,11,1,0,0,0,2,9,7,3,0,0,0,0,0
2017,1,0,1,1,0,45,7,7,0,0,0,0,0,0,0,0,0,1,0,0,0
2017,1,0,1,1,0,50,1,1,0,0,0,0,0,0,0,0,0,0,0,0,0
2017,1,0,1,1,0,55,1,1,0,0,0,0,0,0,0,0,0,0,0,0,0
2017,1,0,1,1,0,60,2,2,0,0,0,0,0,1,1,0,0,1,0,0,0
2017,1,0,1,1,0,100,0,0,0,0,0,0,0,0,0,0,0,0,0,0,0
2017,1,0,1,1,1,0,0,0,0,0,0,0,0,0,0,0,0,0,0,0,0
2017,1,0,1,1,1,5,0,0,0,0,0,0,0,0,0,0,0,0,0,0,0
2017,1,0,1,1,1,10,0,0,0,0,0,0,0,0,0,0,0,0,0,0,0
2017,1,0,1,1,1,15,0,0,0,0,0,0,0,0,0,0,0,0,0,0,0
2017,1,0,1,1,1,20,5,5,0,5,0,0,5,5,5,0,0,0,0,0,0
2017,1,0,1,1,1,25,21,21,0,21,0,0,21,19,18,0,0,1,0,0,0
2017,1,0,1,1,1,30,57,57,0,57,3,2,57,45,44,0,0,1,0,0,0
2017,1,0,1,1,1,35,65,65,0,65,0,0,65,47,45,0,0,0,0,0,0
2017,1,0,1,1,1,40,59,59,0,59,0,0,59,36,36,0,0,1,0,0,0
2017,1,0,1,1,1,45,50,50,0,50,0,0,50,6,6,0,0,2,0,0,0
2017,1,0,1,1,1,50,42,42,0,42,1,0,42,2,2,0,0,0,0,0,0
2017,1,0,1,1,1,55,9,9,0,9,2,1,9,1,1,0,0,0,0,0,0
2017,1,0,1,1,1,60,6,6,0,6,0,0,6,2,2,0,0,0,0,0,0
2017,1,0,1,1,1,100,0,0,0,0,0,0,0,0,0,0,0,0,0,0,0
2017,1,1,0,0,0,0,5742,0,0,0,8,0,423,1887,0,0,194,0,0,0,0
2017,1,1,0,0,0,5,5131,0,0,0,0,0,0,1591,0,0,0,0,0,0,0
2017,1,1,0,0,0,10,4873,0,0,0,0,0,100,359,0,0,110,0,0,0,0
2017,1,1,0,0,0,15,4353,0,0,0,2,0,1157,1870,0,0,845,0,0,0,0
2017,1,1,0,0,0,20,3503,0,0,0,2,0,1699,2858,0,0,1265,0,0,0,0
2017,1,1,0,0,0,25,2829,0,0,0,2,0,1658,2697,0,0,1302,0,0,0,0
2017,1,1,0,0,0,30,1972,0,0,0,1,0,1220,1927,0,0,923,0,0,0,0
2017,1,1,0,0,0,35,1196,0,0,0,2,0,731,1156,0,0,520,0,0,0,0
2017,1,1,0,0,0,40,783,0,0,0,4,0,243,638,0,0,156,0,0,0,0
2017,1,1,0,0,0,45,640,0,0,0,2,0,51,289,0,0,43,0,0,0,0
2017,1,1,0,0,0,50,633,0,0,0,3,0,4,109,0,0,3,0,0,0,0
2017,1,1,0,0,0,55,335,0,0,0,0,0,1,13,0,0,1,0,0,0,0
2017,1,1,0,0,0,60,1521,0,0,0,56,0,0,0,0,0,0,0,0,0,0
2017,1,1,0,0,0,100,2,0,0,0,0,0,0,0,0,0,0,0,0,0,0
2017,1,1,0,0,1,0,0,0,0,0,0,0,0,0,0,0,0,0,0,0,0
2017,1,1,0,0,1,5,0,0,0,0,0,0,0,0,0,0,0,0,0,0,0
2017,1,1,0,0,1,10,0,0,0,0,0,0,0,0,0,0,0,0,0,0,0
2017,1,1,0,0,1,15,0,0,0,0,0,0,0,0,0,0,0,0,0,0,0
2017,1,1,0,0,1,20,0,0,0,0,0,0,0,0,0,0,0,0,0,0,0
2017,1,1,0,0,1,25,0,0,0,0,0,0,0,0,0,0,0,0,0,0,0
2017,1,1,0,0,1,30,0,0,0,0,0,0,0,0,0,0,0,0,0,0,0
2017,1,1,0,0,1,35,0,0,0,0,0,0,0,0,0,0,0,0,0,0,0
2017,1,1,0,0,1,40,0,0,0,0,0,0,0,0,0,0,0,0,0,0,0
2017,1,1,0,0,1,45,0,0,0,0,0,0,0,0,0,0,0,0,0,0,0
2017,1,1,0,0,1,50,0,0,0,0,0,0,0,0,0,0,0,0,0,0,0
2017,1,1,0,0,1,55,0,0,0,0,0,0,0,0,0,0,0,0,0,0,0
2017,1,1,0,0,1,60,0,0,0,0,0,0,0,0,0,0,0,0,0,0,0
2017,1,1,0,0,1,100,0,0,0,0,0,0,0,0,0,0,0,0,0,0,0
2017,1,1,0,1,0,0,36,36,2,0,1,1,0,3,3,0,0,0,0,0,0
2017,1,1,0,1,0,5,94,94,0,0,2,2,2,23,23,2,0,0,0,0,0
2017,1,1,0,1,0,10,122,122,7,0,6,6,5,14,13,9,0,2,0,0,0
2017,1,1,0,1,0,15,156,156,42,0,0,0,33,63,35,29,0,14,0,0,0
2017,1,1,0,1,0,20,281,281,56,0,1,1,81,220,116,61,0,19,0,0,0
2017,1,1,0,1,0,25,245,245,33,0,4,3,69,222,147,46,0,12,0,0,0
2017,1,1,0,1,0,30,247,247,28,0,0,0,46,223,148,36,0,11,0,0,0
2017,1,1,0,1,0,35,147,147,19,0,1,1,26,137,95,15,0,3,0,0,0
2017,1,1,0,1,0,40,68,68,8,0,0,0,6,51,32,2,0,3,0,0,0
2017,1,1,0,1,0,45,68,68,5,0,0,0,5,32,19,4,0,0,0,0,0
2017,1,1,0,1,0,50,39,39,4,0,1,1,1,10,6,1,0,1,0,0,0
2017,1,1,0,1,0,55,16,16,3,0,1,1,0,6,5,0,0,0,0,0,0
2017,1,1,0,1,0,60,24,24,3,0,1,0,1,5,5,1,0,0,0,0,0
2017,1,1,0,1,0,100,1,1,0,0,1,0,0,0,0,0,0,0,0,0,0
2017,1,1,0,1,1,0,16,16,0,16,1,0,16,16,16,0,0,0,0,0,0
2017,1,1,0,1,1,5,15,15,0,15,0,0,15,15,15,0,0,0,0,0,0
2017,1,1,0,1,1,10,20,20,0,20,0,0,20,20,20,0,0,0,0,0,0
2017,1,1,0,1,1,15,156,156,0,156,3,2,156,123,118,0,0,4,0,0,0
2017,1,1,0,1,1,20,535,535,0,535,2,2,535,444,373,0,0,5,0,0,0
2017,1,1,0,1,1,25,1032,1032,0,1032,3,3,1032,926,796,0,0,5,0,0,0
2017,1,1,0,1,1,30,1320,1320,0,1320,4,3,1320,1177,1040,0,0,4,0,0,0
2017,1,1,0,1,1,35,1240,1240,0,1240,6,6,1240,1066,930,0,0,8,0,0,0
2017,1,1,0,1,1,40,928,928,0,928,5,4,928,616,506,0,0,5,0,0,0
2017,1,1,0,1,1,45,598,598,0,598,1,1,598,274,217,0,0,3,0,0,0
2017,1,1,0,1,1,50,332,332,0,332,1,0,332,95,75,0,0,1,0,0,0
2017,1,1,0,1,1,55,132,132,0,132,0,0,132,18,18,0,0,1,0,0,0
2017,1,1,0,1,1,60,168,168,0,168,4,3,168,28,27,0,0,0,0,0,0
2017,1,1,0,1,1,100,0,0,0,0,0,0,0,0,0,0,0,0,0,0,0
2017.5,1,0,0,0,0,0,5770,0,0,0,23,0,416,1826,0,0,187,0,0,0,0
2017.5,1,0,0,0,0,5,5173,0,0,0,2,0,0,1700,0,0,0,0,0,0,0
2017.5,1,0,0,0,0,10,4879,0,0,0,1,0,0,354,0,0,0,0,0,0,7
2017.5,1,0,0,0,0,15,4264,0,0,0,0,0,299,360,0,0,257,0,0,0,12
2017.5,1,0,0,0,0,20,3792,0,0,0,2,0,1541,2118,0,0,1217,0,0,0,16
2017.5,1,0,0,0,0,25,3104,0,0,0,3,0,1678,2513,0,0,1198,0,0,0,8
2017.5,1,0,0,0,0,30,2354,0,0,0,6,0,1380,2029,0,0,986,0,0,0,0
2017.5,1,0,0,0,0,35,1652,0,0,0,2,0,956,1432,0,0,674,0,0,0,0
2017.5,1,0,0,0,0,40,1087,0,0,0,3,0,602,876,0,0,428,0,0,0,0
2017.5,1,0,0,0,0,45,782,0,0,0,5,0,27,34,0,0,19,0,0,0,0
2017.5,1,0,0,0,0,50,540,0,0,0,4,0,0,0,0,0,0,0,0,0,0
2017.5,1,0,0,0,0,55,318,0,0,0,4,0,0,0,0,0,0,0,0,0,0
2017.5,1,0,0,0,0,60,800,0,0,0,24,0,0,0,0,0,0,0,0,0,0
2017.5,1,0,0,0,0,100,0,0,0,0,1,0,0,0,0,0,0,0,0,0,0
2017.5,1,0,0,0,1,0,0,0,0,0,0,0,0,0,0,0,0,0,0,0,0
2017.5,1,0,0,0,1,5,0,0,0,0,0,0,0,0,0,0,0,0,0,0,0
2017.5,1,0,0,0,1,10,0,0,0,0,0,0,0,0,0,0,0,0,0,0,0
2017.5,1,0,0,0,1,15,0,0,0,0,0,0,0,0,0,0,0,0,0,0,0
2017.5,1,0,0,0,1,20,0,0,0,0,0,0,0,0,0,0,0,0,0,0,0
2017.5,1,0,0,0,1,25,0,0,0,0,0,0,0,0,0,0,0,0,0,0,0
2017.5,1,0,0,0,1,30,0,0,0,0,0,0,0,0,0,0,0,0,0,0,0
2017.5,1,0,0,0,1,35,0,0,0,0,0,0,0,0,0,0,0,0,0,0,0
2017.5,1,0,0,0,1,40,0,0,0,0,0,0,0,0,0,0,0,0,0,0,0
2017.5,1,0,0,0,1,45,0,0,0,0,0,0,0,0,0,0,0,0,0,0,0
2017.5,1,0,0,0,1,50,0,0,0,0,0,0,0,0,0,0,0,0,0,0,0
2017.5,1,0,0,0,1,55,0,0,0,0,0,0,0,0,0,0,0,0,0,0,0
2017.5,1,0,0,0,1,60,0,0,0,0,0,0,0,0,0,0,0,0,0,0,0
2017.5,1,0,0,0,1,100,0,0,0,0,0,0,0,0,0,0,0,0,0,0,0
2017.5,1,0,0,1,0,0,26,26,4,0,2,2,2,8,8,2,0,0,0,0,0
2017.5,1,0,0,1,0,5,73,73,0,0,0,0,1,19,19,0,0,0,0,0,0
2017.5,1,0,0,1,0,10,108,108,0,0,3,3,3,12,12,3,0,0,0,0,0
2017.5,1,0,0,1,0,15,83,83,9,0,5,5,10,15,14,13,0,5,0,0,0
2017.5,1,0,0,1,0,20,136,136,25,0,1,1,21,56,33,17,0,31,0,0,1
2017.5,1,0,0,1,0,25,222,222,23,0,3,2,42,153,121,41,0,31,0,0,0
2017.5,1,0,0,1,0,30,265,265,17,0,4,4,41,184,148,37,0,30,0,0,1
2017.5,1,0,0,1,0,35,202,202,19,0,5,5,23,135,115,25,0,15,0,0,0
2017.5,1,0,0,1,0,40,151,151,10,0,2,1,20,89,72,21,0,6,0,0,0
2017.5,1,0,0,1,0,45,89,89,7,0,4,3,7,19,18,6,0,5,0,0,0
2017.5,1,0,0,1,0,50,23,23,2,0,1,0,0,0,0,0,0,2,0,0,0
2017.5,1,0,0,1,0,55,11,11,0,0,1,0,1,1,1,1,0,0,0,0,0
2017.5,1,0,0,1,0,60,10,10,0,0,0,0,0,1,1,0,0,0,0,0,0
2017.5,1,0,0,1,0,100,0,0,0,0,0,0,0,0,0,0,0,0,0,0,0
2017.5,1,0,0,1,1,0,9,9,0,9,0,0,9,9,9,0,0,0,0,0,0
2017.5,1,0,0,1,1,5,16,16,0,16,0,0,16,16,16,0,0,0,0,0,0
2017.5,1,0,0,1,1,10,16,16,0,16,0,0,16,16,16,0,0,0,0,0,0
2017.5,1,0,0,1,1,15,38,38,0,38,1,1,38,31,31,0,0,0,0,0,0
2017.5,1,0,0,1,1,20,113,113,0,113,1,1,113,93,92,0,0,2,0,0,1
2017.5,1,0,0,1,1,25,283,283,0,283,5,5,283,258,250,0,0,8,0,0,0
2017.5,1,0,0,1,1,30,509,509,0,509,4,4,509,428,410,0,0,9,0,0,0
2017.5,1,0,0,1,1,35,565,565,0,565,7,5,565,434,409,0,0,11,0,0,0
2017.5,1,0,0,1,1,40,540,540,0,540,10,8,540,329,308,0,0,10,0,0,0
2017.5,1,0,0,1,1,45,480,480,0,480,6,5,480,70,69,0,0,7,0,0,0
2017.5,1,0,0,1,1,50,347,347,0,347,6,5,347,41,41,0,0,1,0,0,0
2017.5,1,0,0,1,1,55,122,122,0,122,2,2,122,16,16,0,0,1,0,0,0
2017.5,1,0,0,1,1,60,129,129,0,129,6,1,129,17,17,0,0,3,0,0,0
2017.5,1,0,0,1,1,100,0,0,0,0,0,0,0,0,0,0,0,0,0,0,0
2017.5,1,0,1,0,0,0,0,0,0,0,0,0,0,0,0,0,0,0,0,0,0
2017.5,1,0,1,0,0,5,3,0,0,0,0,0,0,0,0,0,0,0,0,0,0
2017.5,1,0,1,0,0,10,16,0,0,0,0,0,0,0,0,0,0,0,0,0,0
2017.5,1,0,1,0,0,15,102,0,0,0,0,0,13,15,0,0,10,0,0,0,0
2017.5,1,0,1,0,0,20,259,0,0,0,0,0,115,145,0,0,89,0,0,0,0
2017.5,1,0,1,0,0,25,397,0,0,0,0,0,242,330,0,0,174,0,0,0,0
2017.5,1,0,1,0,0,30,334,0,0,0,0,0,207,282,0,0,159,0,0,0,0
2017.5,1,0,1,0,0,35,274,0,0,0,2,0,145,230,0,0,98,0,0,0,0
2017.5,1,0,1,0,0,40,172,0,0,0,2,0,97,136,0,0,72,0,0,0,0
2017.5,1,0,1,0,0,45,135,0,0,0,1,0,6,8,0,0,1,0,0,0,0
2017.5,1,0,1,0,0,50,86,0,0,0,0,0,0,0,0,0,0,0,0,0,0
2017.5,1,0,1,0,0,55,51,0,0,0,0,0,0,0,0,0,0,0,0,0,0
2017.5,1,0,1,0,0,60,83,0,0,0,4,0,0,0,0,0,0,0,0,0,0
2017.5,1,0,1,0,0,100,0,0,0,0,0,0,0,0,0,0,0,0,0,0,0
2017.5,1,0,1,0,1,0,0,0,0,0,0,0,0,0,0,0,0,0,0,0,0
2017.5,1,0,1,0,1,5,0,0,0,0,0,0,0,0,0,0,0,0,0,0,0
2017.5,1,0,1,0,1,10,0,0,0,0,0,0,0,0,0,0,0,0,0,0,0
2017.5,1,0,1,0,1,15,0,0,0,0,0,0,0,0,0,0,0,0,0,0,0
2017.5,1,0,1,0,1,20,0,0,0,0,0,0,0,0,0,0,0,0,0,0,0
2017.5,1,0,1,0,1,25,0,0,0,0,0,0,0,0,0,0,0,0,0,0,0
2017.5,1,0,1,0,1,30,0,0,0,0,0,0,0,0,0,0,0,0,0,0,0
2017.5,1,0,1,0,1,35,0,0,0,0,0,0,0,0,0,0,0,0,0,0,0
2017.5,1,0,1,0,1,40,0,0,0,0,0,0,0,0,0,0,0,0,0,0,0
2017.5,1,0,1,0,1,45,0,0,0,0,0,0,0,0,0,0,0,0,0,0,0
2017.5,1,0,1,0,1,50,0,0,0,0,0,0,0,0,0,0,0,0,0,0,0
2017.5,1,0,1,0,1,55,0,0,0,0,0,0,0,0,0,0,0,0,0,0,0
2017.5,1,0,1,0,1,60,0,0,0,0,0,0,0,0,0,0,0,0,0,0,0
2017.5,1,0,1,0,1,100,0,0,0,0,0,0,0,0,0,0,0,0,0,0,0
2017.5,1,0,1,1,0,0,0,0,0,0,0,0,0,0,0,0,0,0,0,0,0
2017.5,1,0,1,1,0,5,0,0,0,0,0,0,0,0,0,0,0,0,0,0,0
2017.5,1,0,1,1,0,10,0,0,0,0,0,0,0,0,0,0,0,0,0,0,0
2017.5,1,0,1,1,0,15,3,3,0,0,0,0,0,0,0,0,0,0,0,0,0
2017.5,1,0,1,1,0,20,7,7,0,0,0,0,0,3,3,1,0,1,0,0,0
2017.5,1,0,1,1,0,25,13,13,2,0,1,1,2,10,6,3,0,1,0,0,0
2017.5,1,0,1,1,0,30,21,21,3,0,1,1,4,18,13,2,0,3,0,0,0
2017.5,1,0,1,1,0,35,17,17,1,0,0,0,2,14,12,1,0,1,0,0,0
2017.5,1,0,1,1,0,40,13,13,0,0,0,0,2,12,11,2,0,0,0,0,0
2017.5,1,0,1,1,0,45,6,6,0,0,0,0,0,0,0,0,0,1,0,0,0
2017.5,1,0,1,1,0,50,2,2,0,0,0,0,0,0,0,0,0,0,0,0,0
2017.5,1,0,1,1,0,55,0,0,0,0,1,0,0,0,0,0,0,0,0,0,0
2017.5,1,0,1,1,0,60,1,1,0,0,0,0,0,1,1,0,0,0,0,0,0
2017.5,1,0,1,1,0,100,0,0,0,0,0,0,0,0,0,0,0,0,0,0,0
2017.5,1,0,1,1,1,0,0,0,0,0,0,0,0,0,0,0,0,0,0,0,0
2017.5,1,0,1,1,1,5,0,0,0,0,0,0,0,0,0,0,0,0,0,0,0
2017.5,1,0,1,1,1,10,0,0,0,0,0,0,0,0,0,0,0,0,0,0,0
2017.5,1,0,1,1,1,15,0,0,0,0,0,0,0,0,0,0,0,0,0,0,0
2017.5,1,0,1,1,1,20,7,7,0,7,0,0,7,6,6,0,0,0,0,0,0
2017.5,1,0,1,1,1,25,19,19,0,19,0,0,19,17,16,0,0,1,0,0,0
2017.5,1,0,1,1,1,30,63,63,0,63,0,0,63,51,50,0,0,4,0,0,0
2017.5,1,0,1,1,1,35,58,58,0,58,0,0,58,41,39,0,0,1,0,0,0
2017.5,1,0,1,1,1,40,59,59,0,59,3,0,59,40,40,0,0,1,0,0,0
2017.5,1,0,1,1,1,45,49,49,0,49,1,1,49,7,7,0,0,0,0,0,0
2017.5,1,0,1,1,1,50,43,43,0,43,1,0,43,2,2,0,0,0,0,0,0
2017.5,1,0,1,1,1,55,13,13,0,13,1,1,13,1,1,0,0,0,0,0,0
2017.5,1,0,1,1,1,60,7,7,0,7,0,0,7,2,2,0,0,0,0,0,0
2017.5,1,0,1,1,1,100,0,0,0,0,0,0,0,0,0,0,0,0,0,0,0
2017.5,1,1,0,0,0,0,5747,0,0,0,16,0,442,1914,0,0,208,0,0,0,0
2017.5,1,1,0,0,0,5,5191,0,0,0,0,0,0,1672,0,0,0,0,0,0,0
2017.5,1,1,0,0,0,10,4933,0,0,0,0,0,96,447,0,0,114,0,0,0,0
2017.5,1,1,0,0,0,15,4345,0,0,0,0,0,1198,1894,0,0,910,0,0,0,0
2017.5,1,1,0,0,0,20,3519,0,0,0,2,0,1712,2870,0,0,1366,0,0,0,0
2017.5,1,1,0,0,0,25,2884,0,0,0,4,0,1762,2769,0,0,1324,0,0,0,0
2017.5,1,1,0,0,0,30,2026,0,0,0,1,0,1255,1979,0,0,944,0,0,0,0
2017.5,1,1,0,0,0,35,1261,0,0,0,0,0,762,1232,0,0,536,0,0,0,0
2017.5,1,1,0,0,0,40,786,0,0,0,2,0,271,661,0,0,187,0,0,0,0
2017.5,1,1,0,0,0,45,633,0,0,0,1,0,65,316,0,0,42,0,0,0,0
2017.5,1,1,0,0,0,50,624,0,0,0,4,0,8,124,0,0,8,0,0,0,0
2017.5,1,1,0,0,0,55,371,0,0,0,2,0,2,17,0,0,0,0,0,0,0
2017.5,1,1,0,0,0,60,1501,0,0,0,42,0,0,0,0,0,0,0,0,0,0
2017.5,1,1,0,0,0,100,2,0,0,0,0,0,0,0,0,0,0,0,0,0,0
2017.5,1,1,0,0,1,0,0,0,0,0,0,0,0,0,0,0,0,0,0,0,0
2017.5,1,1,0,0,1,5,0,0,0,0,0,0,0,0,0,0,0,0,0,0,0
2017.5,1,1,0,0,1,10,0,0,0,0,0,0,0,0,0,0,0,0,0,0,0
2017.5,1,1,0,0,1,15,0,0,0,0,0,0,0,0,0,0,0,0,0,0,0
2017.5,1,1,0,0,1,20,0,0,0,0,0,0,0,0,0,0,0,0,0,0,0
2017.5,1,1,0,0,1,25,0,0,0,0,0,0,0,0,0,0,0,0,0,0,0
2017.5,1,1,0,0,1,30,0,0,0,0,0,0,0,0,0,0,0,0,0,0,0
2017.5,1,1,0,0,1,35,0,0,0,0,0,0,0,0,0,0,0,0,0,0,0
2017.5,1,1,0,0,1,40,0,0,0,0,0,0,0,0,0,0,0,0,0,0,0
2017.5,1,1,0,0,1,45,0,0,0,0,0,0,0,0,0,0,0,0,0,0,0
2017.5,1,1,0,0,1,50,0,0,0,0,0,0,0,0,0,0,0,0,0,0,0
2017.5,1,1,0,0,1,55,0,0,0,0,0,0,0,0,0,0,0,0,0,0,0
2017.5,1,1,0,0,1,60,0,0,0,0,0,0,0,0,0,0,0,0,0,0,0
2017.5,1,1,0,0,1,100,0,0,0,0,0,0,0,0,0,0,0,0,0,0,0
2017.5,1,1,0,1,0,0,34,34,5,0,4,3,1,3,3,2,0,0,0,0,0
2017.5,1,1,0,1,0,5,89,89,0,0,1,1,0,21,21,1,0,0,0,0,0
2017.5,1,1,0,1,0,10,112,112,5,0,3,3,4,14,14,5,0,0,0,0,0
2017.5,1,1,0,1,0,15,158,158,38,0,3,3,32,63,30,23,0,33,0,0,0
2017.5,1,1,0,1,0,20,272,272,55,0,3,3,83,215,112,63,0,15,0,0,0
2017.5,1,1,0,1,0,25,234,234,27,0,3,3,62,209,130,43,0,10,0,0,0
2017.5,1,1,0,1,0,30,249,249,24,0,2,2,48,228,158,45,0,9,0,0,0
2017.5,1,1,0,1,0,35,152,152,21,0,4,4,29,139,99,16,0,8,0,0,0
2017.5,1,1,0,1,0,40,62,62,5,0,0,0,6,49,34,5,0,2,0,0,0
2017.5,1,1,0,1,0,45,69,69,8,0,2,2,1,29,12,4,0,0,0,0,0
2017.5,1,1,0,1,0,50,55,55,4,0,2,1,3,15,9,2,0,2,0,0,0
2017.5,1,1,0,1,0,55,12,12,0,0,1,1,1,5,5,2,0,0,0,0,0
2017.5,1,1,0,1,0,60,30,30,4,0,1,0,2,6,6,1,0,0,0,0,0
2017.5,1,1,0,1,0,100,1,1,0,0,0,0,0,0,0,0,0,0,0,0,0
2017.5,1,1,0,1,1,0,15,15,0,15,0,0,15,15,15,0,0,0,0,0,0
2017.5,1,1,0,1,1,5,16,16,0,16,0,0,16,16,16,0,0,0,0,0,0
2017.5,1,1,0,1,1,10,19,19,0,19,0,0,19,19,19,0,0,0,0,0,0
2017.5,1,1,0,1,1,15,143,143,0,143,1,1,143,111,105,0,0,3,0,0,0
2017.5,1,1,0,1,1,20,553,553,0,553,5,5,553,465,400,0,0,8,0,0,0
2017.5,1,1,0,1,1,25,1041,1041,0,1041,4,3,1041,938,806,0,0,6,0,0,0
2017.5,1,1,0,1,1,30,1316,1316,0,1316,4,3,1316,1174,1036,0,0,5,0,0,0
2017.5,1,1,0,1,1,35,1277,1277,0,1277,5,3,1277,1104,957,0,0,8,0,0,0
2017.5,1,1,0,1,1,40,980,980,0,980,8,6,980,688,565,0,0,4,0,0,0
2017.5,1,1,0,1,1,45,616,616,0,616,7,5,616,306,242,0,0,4,0,0,0
2017.5,1,1,0,1,1,50,340,340,0,340,11,7,340,96,78,0,0,1,0,0,0
2017.5,1,1,0,1,1,55,147,147,0,147,1,1,147,21,20,0,0,0,0,0,0
2017.5,1,1,0,1,1,60,167,167,0,167,4,1,167,28,27,0,0,0,0,0,0
2017.5,1,1,0,1,1,100,0,0,0,0,0,0,0,0,0,0,0,0,0,0,0
2018,1,0,0,0,0,0,5784,0,0,0,20,0,407,1854,0,0,203,0,0,0,0
2018,1,0,0,0,0,5,5230,0,0,0,1,0,0,1768,0,0,0,0,0,0,2
2018,1,0,0,0,0,10,4973,0,0,0,2,0,0,452,0,0,0,0,0,0,5
2018,1,0,0,0,0,15,4209,0,0,0,3,0,356,393,0,0,358,0,0,0,14
2018,1,0,0,0,0,20,3802,0,0,0,5,0,1521,2108,0,0,1123,0,0,0,27
2018,1,0,0,0,0,25,3124,0,0,0,6,0,1707,2543,0,0,1303,0,0,0,13
2018,1,0,0,0,0,30,2446,0,0,0,3,0,1403,2147,0,0,979,0,0,0,1
2018,1,0,0,0,0,35,1701,0,0,0,1,0,1019,1498,0,0,730,0,0,0,0
2018,1,0,0,0,0,40,1109,0,0,0,2,0,639,939,0,0,469,0,0,0,0
2018,1,0,0,0,0,45,812,0,0,0,3,0,64,87,0,0,36,0,0,0,0
2018,1,0,0,0,0,50,550,0,0,0,1,0,0,0,0,0,0,0,0,0,0
2018,1,0,0,0,0,55,340,0,0,0,3,0,0,0,0,0,0,0,0,0,0
2018,1,0,0,0,0,60,785,0,0,0,32,0,0,0,0,0,0,0,0,0,0
2018,1,0,0,0,0,100,0,0,0,0,0,0,0,0,0,0,0,0,0,0,0
2018,1,0,0,0,1,0,0,0,0,0,0,0,0,0,0,0,0,0,0,0,0
2018,1,0,0,0,1,5,0,0,0,0,0,0,0,0,0,0,0,0,0,0,0
2018,1,0,0,0,1,10,0,0,0,0,0,0,0,0,0,0,0,0,0,0,0
2018,1,0,0,0,1,15,0,0,0,0,0,0,0,0,0,0,0,0,0,0,0
2018,1,0,0,0,1,20,0,0,0,0,0,0,0,0,0,0,0,0,0,0,0
2018,1,0,0,0,1,25,0,0,0,0,0,0,0,0,0,0,0,0,0,0,0
2018,1,0,0,0,1,30,0,0,0,0,0,0,0,0,0,0,0,0,0,0,0
2018,1,0,0,0,1,35,0,0,0,0,0,0,0,0,0,0,0,0,0,0,0
2018,1,0,0,0,1,40,0,0,0,0,0,0,0,0,0,0,0,0,0,0,0
2018,1,0,0,0,1,45,0,0,0,0,0,0,0,0,0,0,0,0,0,0,0
2018,1,0,0,0,1,50,0,0,0,0,0,0,0,0,0,0,0,0,0,0,0
2018,1,0,0,0,1,55,0,0,0,0,0,0,0,0,0,0,0,0,0,0,0
2018,1,0,0,0,1,60,0,0,0,0,0,0,0,0,0,0,0,0,0,0,0
2018,1,0,0,0,1,100,0,0,0,0,0,0,0,0,0,0,0,0,0,0,0
2018,1,0,0,1,0,0,21,21,9,0,2,2,2,7,7,4,0,0,0,0,0
2018,1,0,0,1,0,5,69,69,0,0,0,0,0,16,16,0,0,0,0,0,0
2018,1,0,0,1,0,10,106,106,0,0,2,2,5,18,18,3,0,0,0,0,0
2018,1,0,0,1,0,15,83,83,6,0,2,2,7,10,9,5,0,2,0,0,0
2018,1,0,0,1,0,20,134,134,22,0,3,2,23,53,33,19,0,28,0,0,1
2018,1,0,0,1,0,25,206,206,20,0,1,1,37,145,108,31,0,37,0,0,0
2018,1,0,0,1,0,30,255,255,15,0,3,3,31,173,132,24,0,33,0,0,0
2018,1,0,0,1,0,35,213,213,10,0,5,5,32,149,128,22,0,13,0,0,0
2018,1,0,0,1,0,40,156,156,7,0,5,5,25,102,82,19,0,11,0,0,0
2018,1,0,0,1,0,45,83,83,4,0,1,1,3,15,13,0,0,3,0,0,0
2018,1,0,0,1,0,50,24,24,3,0,0,0,0,1,1,0,0,1,0,0,0
2018,1,0,0,1,0,55,15,15,3,0,0,0,0,0,0,0,0,3,0,0,0
2018,1,0,0,1,0,60,11,11,3,0,0,0,0,1,1,0,0,1,0,0,0
2018,1,0,0,1,0,100,0,0,0,0,0,0,0,0,0,0,0,0,0,0,0
2018,1,0,0,1,1,0,10,10,0,10,0,0,10,10,10,0,0,0,0,0,0
2018,1,0,0,1,1,5,13,13,0,13,0,0,13,13,13,0,0,0,0,0,0
2018,1,0,0,1,1,10,18,18,0,18,0,0,18,18,18,0,0,0,0,0,0
2018,1,0,0,1,1,15,36,36,0,36,0,0,36,31,31,0,0,0,0,0,0
2018,1,0,0,1,1,20,106,106,0,106,1,0,106,85,84,0,0,2,0,0,0
2018,1,0,0,1,1,25,284,284,0,284,1,1,284,262,254,0,0,6,0,0,2
2018,1,0,0,1,1,30,515,515,0,515,4,3,515,446,429,0,0,15,0,0,0
2018,1,0,0,1,1,35,564,564,0,564,3,1,564,434,411,0,0,11,0,0,0
2018,1,0,0,1,1,40,539,539,0,539,2,2,539,355,332,0,0,8,0,0,0
2018,1,0,0,1,1,45,497,497,0,497,6,3,497,98,97,0,0,8,0,0,0
2018,1,0,0,1,1,50,371,371,0,371,6,3,371,40,40,0,0,1,0,0,0
2018,1,0,0,1,1,55,142,142,0,142,3,0,142,21,21,0,0,0,0,0,0
2018,1,0,0,1,1,60,129,129,0,129,4,1,129,15,15,0,0,1,0,0,0
2018,1,0,0,1,1,100,0,0,0,0,0,0,0,0,0,0,0,0,0,0,0
2018,1,0,1,0,0,0,0,0,0,0,0,0,0,0,0,0,0,0,0,0,0
2018,1,0,1,0,0,5,4,0,0,0,0,0,0,0,0,0,0,0,0,0,0
2018,1,0,1,0,0,10,15,0,0,0,0,0,0,0,0,0,0,0,0,0,0
2018,1,0,1,0,0,15,108,0,0,0,0,0,10,14,0,0,6,0,0,0,0
2018,1,0,1,0,0,20,267,0,0,0,0,0,119,150,0,0,81,0,0,0,0
2018,1,0,1,0,0,25,409,0,0,0,0,0,238,341,0,0,174,0,0,0,0
2018,1,0,1,0,0,30,341,0,0,0,0,0,215,293,0,0,155,0,0,0,0
2018,1,0,1,0,0,35,271,0,0,0,1,0,156,232,0,0,127,0,0,0,0
2018,1,0,1,0,0,40,184,0,0,0,0,0,99,154,0,0,66,0,0,0,0
2018,1,0,1,0,0,45,143,0,0,0,1,0,8,14,0,0,2,0,0,0,0
2018,1,0,1,0,0,50,86,0,0,0,0,0,0,0,0,0,0,0,0,0,0
2018,1,0,1,0,0,55,53,0,0,0,1,0,0,0,0,0,0,0,0,0,0
2018,1,0,1,0,0,60,86,0,0,0,2,0,0,0,0,0,0,0,0,0,0
2018,1,0,1,0,0,100,0,0,0,0,0,0,0,0,0,0,0,0,0,0,0
2018,1,0,1,0,1,0,0,0,0,0,0,0,0,0,0,0,0,0,0,0,0
2018,1,0,1,0,1,5,0,0,0,0,0,0,0,0,0,0,0,0,0,0,0
2018,1,0,1,0,1,10,0,0,0,0,0,0,0,0,0,0,0,0,0,0,0
2018,1,0,1,0,1,15,0,0,0,0,0,0,0,0,0,0,0,0,0,0,0
2018,1,0,1,0,1,20,0,0,0,0,0,0,0,0,0,0,0,0,0,0,0
2018,1,0,1,0,1,25,0,0,0,0,0,0,0,0,0,0,0,0,0,0,0
2018,1,0,1,0,1,30,0,0,0,0,0,0,0,0,0,0,0,0,0,0,0
2018,1,0,1,0,1,35,0,0,0,0,0,0,0,0,0,0,0,0,0,0,0
2018,1,0,1,0,1,40,0,0,0,0,0,0,0,0,0,0,0,0,0,0,0
2018,1,0,1,0,1,45,0,0,0,0,0,0,0,0,0,0,0,0,0,0,0
2018,1,0,1,0,1,50,0,0,0,0,0,0,0,0,0,0,0,0,0,0,0
2018,1,0,1,0,1,55,0,0,0,0,0,0,0,0,0,0,0,0,0,0,0
2018,1,0,1,0,1,60,0,0,0,0,0,0,0,0,0,0,0,0,0,0,0
2018,1,0,1,0,1,100,0,0,0,0,0,0,0,0,0,0,0,0,0,0,0
2018,1,0,1,1,0,0,0,0,0,0,0,0,0,0,0,0,0,0,0,0,0
2018,1,0,1,1,0,5,0,0,0,0,0,0,0,0,0,0,0,0,0,0,0
2018,1,0,1,1,0,10,0,0,0,0,0,0,0,0,0,0,0,0,0,0,0
2018,1,0,1,1,0,15,5,5,2,0,0,0,0,0,0,0,0,1,0,0,0
2018,1,0,1,1,0,20,5,5,0,0,0,0,1,3,3,1,0,2,0,0,0
2018,1,0,1,1,0,25,13,13,1,0,0,0,1,9,5,1,0,1,0,0,0
2018,1,0,1,1,0,30,17,17,0,0,1,0,2,14,12,2,0,4,0,0,0
2018,1,0,1,1,0,35,20,20,1,0,0,0,1,17,15,2,0,1,0,0,0
2018,1,0,1,1,0,40,12,12,0,0,0,0,2,11,11,2,0,0,0,0,0
2018,1,0,1,1,0,45,8,8,0,0,0,0,1,1,1,1,0,0,0,0,0
2018,1,0,1,1,0,50,4,4,0,0,0,0,0,0,0,0,0,0,0,0,0
2018,1,0,1,1,0,55,1,1,0,0,0,0,0,0,0,0,0,0,0,0,0
2018,1,0,1,1,0,60,0,0,0,0,0,0,0,0,0,0,0,0,0,0,0
2018,1,0,1,1,0,100,0,0,0,0,0,0,0,0,0,0,0,0,0,0,0
2018,1,0,1,1,1,0,0,0,0,0,0,0,0,0,0,0,0,0,0,0,0
2018,1,0,1,1,1,5,0,0,0,0,0,0,0,0,0,0,0,0,0,0,0
2018,1,0,1,1,1,10,0,0,0,0,0,0,0,0,0,0,0,0,0,0,0
2018,1,0,1,1,1,15,0,0,0,0,0,0,0,0,0,0,0,0,0,0,0
2018,1,0,1,1,1,20,5,5,0,5,0,0,5,5,5,0,0,2,0,0,0
2018,1,0,1,1,1,25,23,23,0,23,0,0,23,21,20,0,0,1,0,0,0
2018,1,0,1,1,1,30,58,58,0,58,1,1,58,47,46,0,0,1,0,0,0
2018,1,0,1,1,1,35,58,58,0,58,0,0,58,42,40,0,0,2,0,0,0
2018,1,0,1,1,1,40,58,58,0,58,2,1,58,42,42,0,0,0,0,0,0
2018,1,0,1,1,1,45,52,52,0,52,1,0,52,8,8,0,0,2,0,0,0
2018,1,0,1,1,1,50,41,41,0,41,0,0,41,2,2,0,0,0,0,0,0
2018,1,0,1,1,1,55,14,14,0,14,0,0,14,1,1,0,0,0,0,0,0
2018,1,0,1,1,1,60,9,9,0,9,0,0,9,3,3,0,0,0,0,0,0
2018,1,0,1,1,1,100,0,0,0,0,0,0,0,0,0,0,0,0,0,0,0
2018,1,1,0,0,0,0,5744,0,0,0,19,0,435,1923,0,0,200,0,0,0,0
2018,1,1,0,0,0,5,5257,0,0,0,2,0,0,1744,0,0,0,0,0,0,0
2018,1,1,0,0,0,10,5001,0,0,0,1,0,102,563,0,0,107,0,0,0,0
2018,1,1,0,0,0,15,4336,0,0,0,1,0,1214,1898,0,0,904,0,0,0,0
2018,1,1,0,0,0,20,3549,0,0,0,0,0,1783,2896,0,0,1337,0,0,0,0
2018,1,1,0,0,0,25,2921,0,0,0,0,0,1759,2814,0,0,1347,0,0,0,0
2018,1,1,0,0,0,30,2079,0,0,0,1,0,1280,2033,0,0,1012,0,0,0,0
2018,1,1,0,0,0,35,1309,0,0,0,0,0,803,1287,0,0,575,0,0,0,0
2018,1,1,0,0,0,40,812,0,0,0,1,0,320,705,0,0,209,0,0,0,0
2018,1,1,0,0,0,45,630,0,0,0,0,0,69,330,0,0,45,0,0,0,0
2018,1,1,0,0,0,50,627,0,0,0,5,0,14,146,0,0,8,0,0,0,0
2018,1,1,0,0,0,55,387,0,0,0,1,0,2,17,0,0,2,0,0,0,0
2018,1,1,0,0,0,60,1484,0,0,0,35,0,0,0,0,0,0,0,0,0,0
2018,1,1,0,0,0,100,2,0,0,0,0,0,0,0,0,0,0,0,0,0,0
2018,1,1,0,0,1,0,0,0,0,0,0,0,0,0,0,0,0,0,0,0,0
2018,1,1,0,0,1,5,0,0,0,0,0,0,0,0,0,0,0,0,0,0,0
2018,1,1,0,0,1,10,0,0,0,0,0,0,0,0,0,0,0,0,0,0,0
2018,1,1,0,0,1,15,0,0,0,0,0,0,0,0,0,0,0,0,0,0,0
2018,1,1,0,0,1,20,0,0,0,0,0,0,0,0,0,0,0,0,0,0,0
2018,1,1,0,0,1,25,0,0,0,0,0,0,0,0,0,0,0,0,0,0,0
2018,1,1,0,0,1,30,0,0,0,0,0,0,0,0,0,0,0,0,0,0,0
2018,1,1,0,0,1,35,0,0,0,0,0,0,0,0,0,0,0,0,0,0,0
2018,1,1,0,0,1,40,0,0,0,0,0,0,0,0,0,0,0,0,0,0,0
2018,1,1,0,0,1,45,0,0,0,0,0,0,0,0,0,0,0,0,0,0,0
2018,1,1,0,0,1,50,0,0,0,0,0,0,0,0,0,0,0,0,0,0,0
2018,1,1,0,0,1,55,0,0,0,0,0,0,0,0,0,0,0,0,0,0,0
2018,1,1,0,0,1,60,0,0,0,0,0,0,0,0,0,0,0,0,0,0,0
2018,1,1,0,0,1,100,0,0,0,0,0,0,0,0,0,0,0,0,0,0,0
2018,1,1,0,1,0,0,33,33,4,0,3,3,2,4,4,2,0,0,0,0,0
2018,1,1,0,1,0,5,75,75,0,0,0,0,0,19,19,2,0,0,0,0,0
2018,1,1,0,1,0,10,109,109,7,0,2,2,4,18,18,5,0,5,0,0,0
2018,1,1,0,1,0,15,161,161,36,0,0,0,32,60,30,27,0,13,0,0,0
2018,1,1,0,1,0,20,264,264,49,0,1,1,70,211,108,55,0,18,0,0,0
2018,1,1,0,1,0,25,252,252,44,0,2,1,61,219,132,48,0,9,0,0,0
2018,1,1,0,1,0,30,249,249,30,0,3,3,59,228,153,47,0,8,0,0,0
2018,1,1,0,1,0,35,153,153,16,0,2,2,26,140,96,16,0,2,0,0,0
2018,1,1,0,1,0,40,61,61,4,0,0,0,4,48,34,2,0,4,0,0,0
2018,1,1,0,1,0,45,70,70,7,0,1,1,3,33,18,4,0,1,0,0,0
2018,1,1,0,1,0,50,42,42,3,0,2,2,1,11,9,4,0,2,0,0,0
2018,1,1,0,1,0,55,18,18,3,0,0,0,0,5,2,0,0,0,0,0,0
2018,1,1,0,1,0,60,27,27,2,0,1,1,2,6,6,1,0,1,0,0,0
2018,1,1,0,1,0,100,1,1,0,0,0,0,1,1,1,1,0,0,0,0,0
2018,1,1,0,1,1,0,12,12,0,12,0,0,12,12,12,0,0,0,0,0,0
2018,1,1,0,1,1,5,19,19,0,19,0,0,19,19,19,0,0,0,0,0,0
2018,1,1,0,1,1,10,23,23,0,23,0,0,23,23,23,0,0,0,0,0,0
2018,1,1,0,1,1,15,143,143,0,143,2,2,143,111,105,0,0,2,0,0,0
2018,1,1,0,1,1,20,544,544,0,544,2,2,544,457,403,0,0,6,0,0,0
2018,1,1,0,1,1,25,1031,1031,0,1031,1,0,1031,927,788,0,0,9,0,0,0
2018,1,1,0,1,1,30,1337,1337,0,1337,4,3,1337,1199,1057,0,0,5,0,0,0
2018,1,1,0,1,1,35,1308,1308,0,1308,3,3,1308,1147,995,0,0,3,0,0,0
2018,1,1,0,1,1,40,1017,1017,0,1017,5,4,1017,747,615,0,0,5,0,0,0
2018,1,1,0,1,1,45,662,662,0,662,1,1,662,334,257,0,0,0,0,0,0
2018,1,1,0,1,1,50,366,366,0,366,4,3,366,110,90,0,0,2,0,0,0
2018,1,1,0,1,1,55,161,161,0,161,1,0,161,31,28,0,0,1,0,0,0
2018,1,1,0,1,1,60,180,180,0,180,4,1,180,30,29,0,0,1,0,0,0
2018,1,1,0,1,1,100,0,0,0,0,0,0,0,0,0,0,0,0,0,0,0
2018.5,1,0,0,0,0,0,5851,0,0,0,32,0,439,1873,0,0,218,0,0,0,0
2018.5,1,0,0,0,0,5,5249,0,0,0,1,0,0,1814,0,0,0,0,0,0,3
2018.5,1,0,0,0,0,10,5058,0,0,0,2,0,0,594,0,0,1,0,0,0,7
2018.5,1,0,0,0,0,15,4269,0,0,0,4,0,351,404,0,0,304,0,0,0,8
2018.5,1,0,0,0,0,20,3817,0,0,0,4,0,1568,2142,0,0,1182,0,0,0,20
2018.5,1,0,0,0,0,25,3111,0,0,0,4,0,1748,2566,0,0,1235,0,0,0,11
2018.5,1,0,0,0,0,30,2501,0,0,0,5,0,1456,2202,0,0,1058,0,0,0,0
2018.5,1,0,0,0,0,35,1748,0,0,0,3,0,1064,1570,0,0,767,0,0,0,0
2018.5,1,0,0,0,0,40,1157,0,0,0,1,0,668,1011,0,0,497,0,0,0,0
2018.5,1,0,0,0,0,45,824,0,0,0,3,0,112,155,0,0,59,0,0,0,0
2018.5,1,0,0,0,0,50,563,0,0,0,2,0,0,0,0,0,0,0,0,0,0
2018.5,1,0,0,0,0,55,371,0,0,0,3,0,0,0,0,0,0,0,0,0,0
2018.5,1,0,0,0,0,60,777,0,0,0,25,0,0,0,0,0,0,0,0,0,0
2018.5,1,0,0,0,0,100,0,0,0,0,0,0,0,0,0,0,0,0,0,0,0
2018.5,1,0,0,0,1,0,0,0,0,0,0,0,0,0,0,0,0,0,0,0,0
2018.5,1,0,0,0,1,5,0,0,0,0,0,0,0,0,0,0,0,0,0,0,0
2018.5,1,0,0,0,1,10,0,0,0,0,0,0,0,0,0,0,0,0,0,0,0
2018.5,1,0,0,0,1,15,0,0,0,0,0,0,0,0,0,0,0,0,0,0,0
2018.5,1,0,0,0,1,20,0,0,0,0,0,0,0,0,0,0,0,0,0,0,0
2018.5,1,0,0,0,1,25,0,0,0,0,0,0,0,0,0,0,0,0,0,0,0
2018.5,1,0,0,0,1,30,0,0,0,0,0,0,0,0,0,0,0,0,0,0,0
2018.5,1,0,0,0,1,35,0,0,0,0,0,0,0,0,0,0,0,0,0,0,0
2018.5,1,0,0,0,1,40,0,0,0,0,0,0,0,0,0,0,0,0,0,0,0
2018.5,1,0,0,0,1,45,0,0,0,0,0,0,0,0,0,0,0,0,0,0,0
2018.5,1,0,0,0,1,50,0,0,0,0,0,0,0,0,0,0,0,0,0,0,0
2018.5,1,0,0,0,1,55,0,0,0,0,0,0,0,0,0,0,0,0,0,0,0
2018.5,1,0,0,0,1,60,0,0,0,0,0,0,0,0,0,0,0,0,0,0,0
2018.5,1,0,0,0,1,100,0,0,0,0,0,0,0,0,0,0,0,0,0,0,0
2018.5,1,0,0,1,0,0,18,18,1,0,5,5,1,6,6,3,0,0,0,0,0
2018.5,1,0,0,1,0,5,59,59,0,0,1,1,0,15,15,1,0,0,0,0,0
2018.5,1,0,0,1,0,10,101,101,0,0,2,2,1,16,16,1,0,0,0,0,0
2018.5,1,0,0,1,0,15,80,80,7,0,3,3,6,8,8,7,0,7,0,0,0
2018.5,1,0,0,1,0,20,123,123,12,0,1,1,23,53,39,23,0,14,0,0,1
2018.5,1,0,0,1,0,25,203,203,25,0,1,1,42,145,107,43,0,33,0,0,0
2018.5,1,0,0,1,0,30,265,265,16,0,2,2,38,192,149,30,0,19,0,0,0
2018.5,1,0,0,1,0,35,222,222,9,0,1,1,29,150,130,26,0,12,0,0,0
2018.5,1,0,0,1,0,40,157,157,10,0,3,3,29,103,90,32,0,8,0,0,0
2018.5,1,0,0,1,0,45,86,86,7,0,3,2,4,18,16,3,0,4,0,0,0
2018.5,1,0,0,1,0,50,44,44,3,0,0,0,0,3,3,0,0,2,0,0,0
2018.5,1,0,0,1,0,55,20,20,1,0,0,0,0,0,0,0,0,1,0,0,0
2018.5,1,0,0,1,0,60,14,14,2,0,0,0,0,1,1,0,0,0,0,0,0
2018.5,1,0,0,1,0,100,0,0,0,0,0,0,0,0,0,0,0,0,0,0,0
2018.5,1,0,0,1,1,0,12,12,0,12,0,0,12,12,12,0,0,0,0,0,0
2018.5,1,0,0,1,1,5,13,13,0,13,0,0,13,13,13,0,0,0,0,0,0
2018.5,1,0,0,1,1,10,16,16,0,16,2,2,16,16,16,0,0,0,0,0,0
2018.5,1,0,0,1,1,15,38,38,0,38,2,2,38,34,34,0,0,0,0,0,0
2018.5,1,0,0,1,1,20,103,103,0,103,5,4,103,85,84,0,0,6,0,0,0
2018.5,1,0,0,1,1,25,275,275,0,275,2,1,275,255,249,0,0,8,0,0,1
2018.5,1,0,0,1,1,30,509,509,0,509,1,1,509,448,431,0,0,11,0,0,0
2018.5,1,0,0,1,1,35,560,560,0,560,4,4,560,444,420,0,0,13,0,0,0
2018.5,1,0,0,1,1,40,540,540,0,540,7,7,540,370,350,0,0,11,0,0,0
2018.5,1,0,0,1,1,45,511,511,0,511,6,4,511,134,130,0,0,10,0,0,0
2018.5,1,0,0,1,1,50,375,375,0,375,3,1,375,34,34,0,0,4,0,0,0
2018.5,1,0,0,1,1,55,162,162,0,162,6,3,162,24,24,0,0,1,0,0,0
2018.5,1,0,0,1,1,60,133,133,0,133,2,1,133,14,14,0,0,0,0,0,0
2018.5,1,0,0,1,1,100,0,0,0,0,0,0,0,0,0,0,0,0,0,0,0
2018.5,1,0,1,0,0,0,0,0,0,0,0,0,0,0,0,0,0,0,0,0,0
2018.5,1,0,1,0,0,5,6,0,0,0,0,0,0,1,0,0,0,0,0,0,0
2018.5,1,0,1,0,0,10,22,0,0,0,0,0,0,0,0,0,0,0,0,0,0
2018.5,1,0,1,0,0,15,99,0,0,0,0,0,10,13,0,0,14,0,0,0,0
2018.5,1,0,1,0,0,20,273,0,0,0,0,0,131,162,0,0,118,0,0,0,0
2018.5,1,0,1,0,0,25,403,0,0,0,0,0,228,338,0,0,163,0,0,0,0
2018.5,1,0,1,0,0,30,364,0,0,0,0,0,226,319,0,0,149,0,0,0,0
2018.5,1,0,1,0,0,35,276,0,0,0,0,0,174,242,0,0,121,0,0,0,0
2018.5,1,0,1,0,0,40,183,0,0,0,0,0,100,156,0,0,65,0,0,0,0
2018.5,1,0,1,0,0,45,146,0,0,0,1,0,12,25,0,0,7,0,0,0,0
2018.5,1,0,1,0,0,50,92,0,0,0,0,0,0,0,0,0,0,0,0,0,0
2018.5,1,0,1,0,0,55,58,0,0,0,1,0,0,0,0,0,0,0,0,0,0
2018.5,1,0,1,0,0,60,85,0,0,0,3,0,0,0,0,0,0,0,0,0,0
2018.5,1,0,1,0,0,100,0,0,0,0,0,0,0,0,0,0,0,0,0,0,0
2018.5,1,0,1,0,1,0,0,0,0,0,0,0,0,0,0,0,0,0,0,0,0
2018.5,1,0,1,0,1,5,0,0,0,0,0,0,0,0,0,0,0,0,0,0,0
2018.5,1,0,1,0,1,10,0,0,0,0,0,0,0,0,0,0,0,0,0,0,0
2018.5,1,0,1,0,1,15,0,0,0,0,0,0,0,0,0,0,0,0,0,0,0
2018.5,1,0,1,0,1,20,0,0,0,0,0,0,0,0,0,0,0,0,0,0,0
2018.5,1,0,1,0,1,25,0,0,0,0,0,0,0,0,0,0,0,0,0,0,0
2018.5,1,0,1,0,1,30,0,0,0,0,0,0,0,0,0,0,0,0,0,0,0
2018.5,1,0,1,0,1,35,0,0,0,0,0,0,0,0,0,0,0,0,0,0,0
2018.5,1,0,1,0,1,40,0,0,0,0,0,0,0,0,0,0,0,0,0,0,0
2018.5,1,0,1,0,1,45,0,0,0,0,0,0,0,0,0,0,0,0,0,0,0
2018.5,1,0,1,0,1,50,0,0,0,0,0,0,0,0,0,0,0,0,0,0,0
2018.5,1,0,1,0,1,55,0,0,0,0,0,0,0,0,0,0,0,0,0,0,0
2018.5,1,0,1,0,1,60,0,0,0,0,0,0,0,0,0,0,0,0,0,0,0
2018.5,1,0,1,0,1,100,0,0,0,0,0,0,0,0,0,0,0,0,0,0,0
2018.5,1,0,1,1,0,0,0,0,0,0,0,0,0,0,0,0,0,0,0,0,0
2018.5,1,0,1,1,0,5,0,0,0,0,0,0,0,0,0,0,0,0,0,0,0
2018.5,1,0,1,1,0,10,0,0,0,0,0,0,0,0,0,0,0,0,0,0,0
2018.5,1,0,1,1,0,15,5,5,0,0,0,0,0,0,0,0,0,0,0,0,0
2018.5,1,0,1,1,0,20,6,6,0,0,0,0,1,3,3,0,0,0,0,0,0
2018.5,1,0,1,1,0,25,13,13,0,0,0,0,2,10,7,4,0,3,0,0,0
2018.5,1,0,1,1,0,30,18,18,2,0,0,0,3,16,14,2,0,3,0,0,0
2018.5,1,0,1,1,0,35,21,21,0,0,0,0,2,17,15,2,0,1,0,0,0
2018.5,1,0,1,1,0,40,12,12,2,0,0,0,5,11,9,2,0,0,0,0,0
2018.5,1,0,1,1,0,45,7,7,0,0,0,0,0,1,1,0,0,1,0,0,0
2018.5,1,0,1,1,0,50,2,2,0,0,0,0,0,0,0,0,0,0,0,0,0
2018.5,1,0,1,1,0,55,1,1,0,0,0,0,0,0,0,0,0,0,0,0,0
2018.5,1,0,1,1,0,60,0,0,0,0,0,0,0,0,0,0,0,0,0,0,0
2018.5,1,0,1,1,0,100,0,0,0,0,0,0,0,0,0,0,0,0,0,0,0
2018.5,1,0,1,1,1,0,0,0,0,0,0,0,0,0,0,0,0,0,0,0,0
2018.5,1,0,1,1,1,5,0,0,0,0,0,0,0,0,0,0,0,0,0,0,0
2018.5,1,0,1,1,1,10,0,0,0,0,0,0,0,0,0,0,0,0,0,0,0
2018.5,1,0,1,1,1,15,0,0,0,0,0,0,0,0,0,0,0,0,0,0,0
2018.5,1,0,1,1,1,20,3,3,0,3,0,0,3,3,3,0,0,1,0,0,0
2018.5,1,0,1,1,1,25,21,21,0,21,2,2,21,21,21,0,0,0,0,0,0
2018.5,1,0,1,1,1,30,52,52,0,52,0,0,52,40,39,0,0,1,0,0,0
2018.5,1,0,1,1,1,35,58,58,0,58,0,0,58,46,44,0,0,1,0,0,0
2018.5,1,0,1,1,1,40,63,63,0,63,1,0,63,45,45,0,0,3,0,0,0
2018.5,1,0,1,1,1,45,51,51,0,51,0,0,51,9,9,0,0,1,0,0,0
2018.5,1,0,1,1,1,50,47,47,0,47,0,0,47,3,3,0,0,0,0,0,0
2018.5,1,0,1,1,1,55,16,16,0,16,0,0,16,1,1,0,0,0,0,0,0
2018.5,1,0,1,1,1,60,9,9,0,9,0,0,9,3,3,0,0,0,0,0,0
2018.5,1,0,1,1,1,100,0,0,0,0,0,0,0,0,0,0,0,0,0,0,0
2018.5,1,1,0,0,0,0,5731,0,0,0,17,0,417,1921,0,0,185,0,0,0,0
2018.5,1,1,0,0,0,5,5296,0,0,0,0,0,0,1783,0,0,0,0,0,0,0
2018.5,1,1,0,0,0,10,4993,0,0,0,0,0,106,713,0,0,121,0,0,0,0
2018.5,1,1,0,0,0,15,4401,0,0,0,2,0,1209,1887,0,0,898,0,0,0,0
2018.5,1,1,0,0,0,20,3615,0,0,0,2,0,1787,2948,0,0,1305,0,0,0,0
2018.5,1,1,0,0,0,25,2915,0,0,0,1,0,1732,2810,0,0,1357,0,0,0,0
2018.5,1,1,0,0,0,30,2157,0,0,0,2,0,1355,2114,0,0,982,0,0,0,0
2018.5,1,1,0,0,0,35,1333,0,0,0,2,0,846,1321,0,0,632,0,0,0,0
2018.5,1,1,0,0,0,40,856,0,0,0,2,0,348,753,0,0,235,0,0,0,0
2018.5,1,1,0,0,0,45,627,0,0,0,0,0,85,360,0,0,54,0,0,0,0
2018.5,1,1,0,0,0,50,617,0,0,0,3,0,11,148,0,0,4,0,0,0,0
2018.5,1,1,0,0,0,55,410,0,0,0,3,0,3,24,0,0,0,0,0,0,0
2018.5,1,1,0,0,0,60,1493,0,0,0,19,0,0,0,0,0,0,0,0,0,0
2018.5,1,1,0,0,0,100,1,0,0,0,1,0,0,0,0,0,0,0,0,0,0
2018.5,1,1,0,0,1,0,0,0,0,0,0,0,0,0,0,0,0,0,0,0,0
2018.5,1,1,0,0,1,5,0,0,0,0,0,0,0,0,0,0,0,0,0,0,0
2018.5,1,1,0,0,1,10,0,0,0,0,0,0,0,0,0,0,0,0,0,0,0
2018.5,1,1,0,0,1,15,0,0,0,0,0,0,0,0,0,0,0,0,0,0,0
2018.5,1,1,0,0,1,20,0,0,0,0,0,0,0,0,0,0,0,0,0,0,0
2018.5,1,1,0,0,1,25,0,0,0,0,0,0,0,0,0,0,0,0,0,0,0
2018.5,1,1,0,0,1,30,0,0,0,0,0,0,0,0,0,0,0,0,0,0,0
2018.5,1,1,0,0,1,35,0,0,0,0,0,0,0,0,0,0,0,0,0,0,0
2018.5,1,1,0,0,1,40,0,0,0,0,0,0,0,0,0,0,0,0,0,0,0
2018.5,1,1,0,0,1,45,0,0,0,0,0,0,0,0,0,0,0,0,0,0,0
2018.5,1,1,0,0,1,50,0,0,0,0,0,0,0,0,0,0,0,0,0,0,0
2018.5,1,1,0,0,1,55,0,0,0,0,0,0,0,0,0,0,0,0,0,0,0
2018.5,1,1,0,0,1,60,0,0,0,0,0,0,0,0,0,0,0,0,0,0,0
2018.5,1,1,0,0,1,100,0,0,0,0,0,0,0,0,0,0,0,0,0,0,0
2018.5,1,1,0,1,0,0,24,24,2,0,1,1,1,1,1,1,0,0,0,0,0
2018.5,1,1,0,1,0,5,69,69,0,0,2,2,2,20,20,2,0,0,0,0,0
2018.5,1,1,0,1,0,10,113,113,5,0,3,3,3,16,15,3,0,0,0,0,0
2018.5,1,1,0,1,0,15,159,159,38,0,1,1,33,61,27,25,0,18,0,0,0
2018.5,1,1,0,1,0,20,250,250,36,0,1,1,62,195,104,54,0,15,0,0,0
2018.5,1,1,0,1,0,25,266,266,34,0,2,2,68,229,143,44,0,8,0,0,0
2018.5,1,1,0,1,0,30,221,221,28,0,2,2,47,204,131,35,0,9,0,0,0
2018.5,1,1,0,1,0,35,164,164,21,0,2,2,30,150,103,21,0,3,0,0,0
2018.5,1,1,0,1,0,40,70,70,9,0,1,1,9,58,36,6,0,3,0,0,0
2018.5,1,1,0,1,0,45,69,69,5,0,0,0,1,33,18,2,0,1,0,0,0
2018.5,1,1,0,1,0,50,50,50,2,0,1,1,2,16,11,2,0,1,0,0,0
2018.5,1,1,0,1,0,55,16,16,1,0,0,0,2,6,3,2,0,1,0,0,0
2018.5,1,1,0,1,0,60,28,28,0,0,1,0,1,7,7,0,0,0,0,0,0
2018.5,1,1,0,1,0,100,0,0,0,0,0,0,0,0,0,0,0,0,0,0,0
2018.5,1,1,0,1,1,0,11,11,0,11,0,0,11,11,11,0,0,0,0,0,0
2018.5,1,1,0,1,1,5,20,20,0,20,0,0,20,20,20,0,0,0,0,0,0
2018.5,1,1,0,1,1,10,19,19,0,19,0,0,19,19,19,0,0,0,0,0,0
2018.5,1,1,0,1,1,15,146,146,0,146,1,1,146,121,115,0,0,2,0,0,0
2018.5,1,1,0,1,1,20,546,546,0,546,3,3,546,459,401,0,0,5,0,0,0
2018.5,1,1,0,1,1,25,995,995,0,995,3,2,995,884,754,0,0,4,0,0,0
2018.5,1,1,0,1,1,30,1366,1366,0,1366,2,1,1366,1241,1091,0,0,7,0,0,0
2018.5,1,1,0,1,1,35,1357,1357,0,1357,3,3,1357,1192,1033,0,0,8,0,0,0
2018.5,1,1,0,1,1,40,1049,1049,0,1049,8,4,1049,799,661,0,0,9,0,0,0
2018.5,1,1,0,1,1,45,693,693,0,693,3,1,693,354,275,0,0,1,0,0,0
2018.5,1,1,0,1,1,50,386,386,0,386,4,3,386,129,103,0,0,1,0,0,0
2018.5,1,1,0,1,1,55,182,182,0,182,1,0,182,37,33,0,0,0,0,0,0
2018.5,1,1,0,1,1,60,179,179,0,179,6,1,179,27,26,0,0,0,0,0,0
2018.5,1,1,0,1,1,100,1,1,0,1,0,0,1,1,1,0,0,0,0,0,0
2019,1,0,0,0,0,0,5868,0,0,0,20,0,466,1898,0,0,228,0,0,0,0
2019,1,0,0,0,0,5,5295,0,0,0,2,0,0,1830,0,0,0,0,0,0,0
2019,1,0,0,0,0,10,5118,0,0,0,2,0,1,773,0,0,2,0,0,0,5
2019,1,0,0,0,0,15,4291,0,0,0,1,0,330,404,0,0,314,0,0,0,12
2019,1,0,0,0,0,20,3810,0,0,0,5,0,1537,2129,0,0,1149,0,0,0,22
2019,1,0,0,0,0,25,3185,0,0,0,3,0,1801,2627,0,0,1323,0,0,0,10
2019,1,0,0,0,0,30,2539,0,0,0,4,0,1508,2278,0,0,1104,0,0,0,3
2019,1,0,0,0,0,35,1779,0,0,0,5,0,1096,1608,0,0,800,0,0,0,0
2019,1,0,0,0,0,40,1206,0,0,0,2,0,724,1082,0,0,514,0,0,0,0
2019,1,0,0,0,0,45,853,0,0,0,5,0,156,235,0,0,90,0,0,0,0
2019,1,0,0,0,0,50,581,0,0,0,3,0,0,0,0,0,0,0,0,0,0
2019,1,0,0,0,0,55,383,0,0,0,4,0,0,0,0,0,0,0,0,0,0
2019,1,0,0,0,0,60,759,0,0,0,38,0,0,0,0,0,0,0,0,0,0
2019,1,0,0,0,0,100,0,0,0,0,0,0,0,0,0,0,0,0,0,0,0
2019,1,0,0,0,1,0,0,0,0,0,0,0,0,0,0,0,0,0,0,0,0
2019,1,0,0,0,1,5,0,0,0,0,0,0,0,0,0,0,0,0,0,0,0
2019,1,0,0,0,1,10,0,0,0,0,0,0,0,0,0,0,0,0,0,0,0
2019,1,0,0,0,1,15,0,0,0,0,0,0,0,0,0,0,0,0,0,0,0
2019,1,0,0,0,1,20,0,0,0,0,0,0,0,0,0,0,0,0,0,0,0
2019,1,0,0,0,1,25,0,0,0,0,0,0,0,0,0,0,0,0,0,0,0
2019,1,0,0,0,1,30,0,0,0,0,0,0,0,0,0,0,0,0,0,0,0
2019,1,0,0,0,1,35,0,0,0,0,0,0,0,0,0,0,0,0,0,0,0
2019,1,0,0,0,1,40,0,0,0,0,0,0,0,0,0,0,0,0,0,0,0
2019,1,0,0,0,1,45,0,0,0,0,0,0,0,0,0,0,0,0,0,0,0
2019,1,0,0,0,1,50,0,0,0,0,0,0,0,0,0,0,0,0,0,0,0
2019,1,0,0,0,1,55,0,0,0,0,0,0,0,0,0,0,0,0,0,0,0
2019,1,0,0,0,1,60,0,0,0,0,0,0,0,0,0,0,0,0,0,0,0
2019,1,0,0,0,1,100,0,0,0,0,0,0,0,0,0,0,0,0,0,0,0
2019,1,0,0,1,0,0,23,23,10,0,3,3,3,8,8,4,0,0,0,0,0
2019,1,0,0,1,0,5,51,51,0,0,0,0,0,12,12,1,0,0,0,0,0
2019,1,0,0,1,0,10,94,94,0,0,4,4,1,18,18,1,0,0,0,0,0
2019,1,0,0,1,0,15,81,81,4,0,3,3,6,10,10,6,0,5,0,0,0
2019,1,0,0,1,0,20,125,125,21,0,0,0,27,54,39,18,0,19,0,0,0
2019,1,0,0,1,0,25,194,194,15,0,3,2,29,134,95,23,0,33,0,0,0
2019,1,0,0,1,0,30,255,255,19,0,3,2,47,185,153,50,0,24,0,0,0
2019,1,0,0,1,0,35,216,216,10,0,2,2,29,150,135,29,0,19,0,0,0
2019,1,0,0,1,0,40,153,153,4,0,6,5,16,97,85,14,0,8,0,0,0
2019,1,0,0,1,0,45,73,73,5,0,1,1,5,19,19,5,0,1,0,0,0
2019,1,0,0,1,0,50,45,45,3,0,1,1,2,5,5,4,0,3,0,0,0
2019,1,0,0,1,0,55,20,20,1,0,0,0,1,2,2,1,0,0,0,0,0
2019,1,0,0,1,0,60,11,11,1,0,0,0,0,0,0,0,0,0,0,0,0
2019,1,0,0,1,0,100,0,0,0,0,0,0,0,0,0,0,0,0,0,0,0
2019,1,0,0,1,1,0,8,8,0,8,0,0,8,8,8,0,0,0,0,0,0
2019,1,0,0,1,1,5,16,16,0,16,0,0,16,16,16,0,0,0,0,0,0
2019,1,0,0,1,1,10,18,18,0,18,0,0,18,18,18,0,0,0,0,0,0
2019,1,0,0,1,1,15,34,34,0,34,0,0,34,32,32,0,0,1,0,0,0
2019,1,0,0,1,1,20,101,101,0,101,1,1,101,86,85,0,0,3,0,0,0
2019,1,0,0,1,1,25,273,273,0,273,1,1,273,251,245,0,0,11,0,0,0
2019,1,0,0,1,1,30,502,502,0,502,3,3,502,455,442,0,0,15,0,0,0
2019,1,0,0,1,1,35,584,584,0,584,2,1,584,468,442,0,0,10,0,0,0
2019,1,0,0,1,1,40,544,544,0,544,7,5,544,397,374,0,0,7,0,0,0
2019,1,0,0,1,1,45,548,548,0,548,5,4,548,165,160,0,0,3,0,0,0
2019,1,0,0,1,1,50,381,381,0,381,5,3,381,32,32,0,0,3,0,0,0
2019,1,0,0,1,1,55,181,181,0,181,2,1,181,25,25,0,0,0,0,0,0
2019,1,0,0,1,1,60,143,143,0,143,4,2,143,16,16,0,0,4,0,0,0
2019,1,0,0,1,1,100,0,0,0,0,0,0,0,0,0,0,0,0,0,0,0
2019,1,0,1,0,0,0,0,0,0,0,0,0,0,0,0,0,0,0,0,0,0
2019,1,0,1,0,0,5,4,0,0,0,0,0,0,1,0,0,0,0,0,0,0
2019,1,0,1,0,0,10,23,0,0,0,0,0,0,1,0,0,0,0,0,0,0
2019,1,0,1,0,0,15,102,0,0,0,0,0,16,16,0,0,14,0,0,0,0
2019,1,0,1,0,0,20,272,0,0,0,0,0,128,164,0,0,95,0,0,0,0
2019,1,0,1,0,0,25,407,0,0,0,0,0,230,345,0,0,178,0,0,0,0
2019,1,0,1,0,0,30,368,0,0,0,1,0,219,330,0,0,168,0,0,0,0
2019,1,0,1,0,0,35,285,0,0,0,0,0,192,252,0,0,133,0,0,0,0
2019,1,0,1,0,0,40,193,0,0,0,2,0,109,166,0,0,83,0,0,0,0
2019,1,0,1,0,0,45,144,0,0,0,1,0,24,38,0,0,19,0,0,0,0
2019,1,0,1,0,0,50,98,0,0,0,0,0,0,0,0,0,0,0,0,0,0
2019,1,0,1,0,0,55,60,0,0,0,1,0,0,0,0,0,0,0,0,0,0
2019,1,0,1,0,0,60,87,0,0,0,3,0,0,0,0,0,0,0,0,0,0
2019,1,0,1,0,0,100,0,0,0,0,0,0,0,0,0,0,0,0,0,0,0
2019,1,0,1,0,1,0,0,0,0,0,0,0,0,0,0,0,0,0,0,0,0
2019,1,0,1,0,1,5,0,0,0,0,0,0,0,0,0,0,0,0,0,0,0
2019,1,0,1,0,1,10,0,0,0,0,0,0,0,0,0,0,0,0,0,0,0
2019,1,0,1,0,1,15,0,0,0,0,0,0,0,0,0,0,0,0,0,0,0
2019,1,0,1,0,1,20,0,0,0,0,0,0,0,0,0,0,0,0,0,0,0
2019,1,0,1,0,1,25,0,0,0,0,0,0,0,0,0,0,0,0,0,0,0
2019,1,0,1,0,1,30,0,0,0,0,0,0,0,0,0,0,0,0,0,0,0
2019,1,0,1,0,1,35,0,0,0,0,0,0,0,0,0,0,0,0,0,0,0
2019,1,0,1,0,1,40,0,0,0,0,0,0,0,0,0,0,0,0,0,0,0
2019,1,0,1,0,1,45,0,0,0,0,0,0,0,0,0,0,0,0,0,0,0
2019,1,0,1,0,1,50,0,0,0,0,0,0,0,0,0,0,0,0,0,0,0
2019,1,0,1,0,1,55,0,0,0,0,0,0,0,0,0,0,0,0,0,0,0
2019,1,0,1,0,1,60,0,0,0,0,0,0,0,0,0,0,0,0,0,0,0
2019,1,0,1,0,1,100,0,0,0,0,0,0,0,0,0,0,0,0,0,0,0
2019,1,0,1,1,0,0,0,0,0,0,0,0,0,0,0,0,0,0,0,0,0
2019,1,0,1,1,0,5,0,0,0,0,0,0,0,0,0,0,0,0,0,0,0
2019,1,0,1,1,0,10,0,0,0,0,0,0,0,0,0,0,0,0,0,0,0
2019,1,0,1,1,0,15,3,3,0,0,0,0,0,0,0,0,0,0,0,0,0
2019,1,0,1,1,0,20,9,9,1,0,0,0,1,4,3,0,0,3,0,0,0
2019,1,0,1,1,0,25,11,11,2,0,0,0,3,8,7,1,0,1,0,0,0
2019,1,0,1,1,0,30,19,19,2,0,0,0,4,15,12,3,0,5,0,0,0
2019,1,0,1,1,0,35,24,24,1,0,0,0,2,21,18,3,0,0,0,0,0
2019,1,0,1,1,0,40,12,12,0,0,1,1,1,9,9,2,0,2,0,0,0
2019,1,0,1,1,0,45,5,5,1,0,1,1,1,2,2,1,0,1,0,0,0
2019,1,0,1,1,0,50,4,4,0,0,0,0,0,1,1,0,0,0,0,0,0
2019,1,0,1,1,0,55,1,1,0,0,0,0,0,0,0,0,0,0,0,0,0
2019,1,0,1,1,0,60,1,1,0,0,0,0,0,1,1,0,0,0,0,0,0
2019,1,0,1,1,0,100,0,0,0,0,0,0,0,0,0,0,0,0,0,0,0
2019,1,0,1,1,1,0,0,0,0,0,0,0,0,0,0,0,0,0,0,0,0
2019,1,0,1,1,1,5,0,0,0,0,0,0,0,0,0,0,0,0,0,0,0
2019,1,0,1,1,1,10,0,0,0,0,0,0,0,0,0,0,0,0,0,0,0
2019,1,0,1,1,1,15,0,0,0,0,0,0,0,0,0,0,0,0,0,0,0
2019,1,0,1,1,1,20,3,3,0,3,0,0,3,3,3,0,0,0,0,0,0
2019,1,0,1,1,1,25,17,17,0,17,0,0,17,17,17,0,0,1,0,0,0
2019,1,0,1,1,1,30,49,49,0,49,0,0,49,41,40,0,0,2,0,0,0
2019,1,0,1,1,1,35,62,62,0,62,0,0,62,49,47,0,0,0,0,0,0
2019,1,0,1,1,1,40,60,60,0,60,2,1,60,43,43,0,0,0,0,0,0
2019,1,0,1,1,1,45,52,52,0,52,4,1,52,14,14,0,0,0,0,0,0
2019,1,0,1,1,1,50,46,46,0,46,0,0,46,1,1,0,0,0,0,0,0
2019,1,0,1,1,1,55,20,20,0,20,0,0,20,2,2,0,0,0,0,0,0
2019,1,0,1,1,1,60,8,8,0,8,0,0,8,2,2,0,0,1,0,0,0
2019,1,0,1,1,1,100,0,0,0,0,0,0,0,0,0,0,0,0,0,0,0
2019,1,1,0,0,0,0,5800,0,0,0,11,0,403,1934,0,0,196,0,0,0,0
2019,1,1,0,0,0,5,5316,0,0,0,3,0,0,1779,0,0,0,0,0,0,0
2019,1,1,0,0,0,10,5004,0,0,0,2,0,97,886,0,0,118,0,0,0,0
2019,1,1,0,0,0,15,4450,0,0,0,0,0,1188,1897,0,0,859,0,0,0,0
2019,1,1,0,0,0,20,3656,0,0,0,2,0,1806,2954,0,0,1377,0,0,0,0
2019,1,1,0,0,0,25,2920,0,0,0,0,0,1785,2818,0,0,1361,0,0,0,0
2019,1,1,0,0,0,30,2233,0,0,0,1,0,1374,2194,0,0,1006,0,0,0,0
2019,1,1,0,0,0,35,1396,0,0,0,0,0,888,1386,0,0,666,0,0,0,0
2019,1,1,0,0,0,40,891,0,0,0,1,0,395,804,0,0,261,0,0,0,0
2019,1,1,0,0,0,45,620,0,0,0,1,0,90,379,0,0,53,0,0,0,0
2019,1,1,0,0,0,50,623,0,0,0,2,0,14,161,0,0,9,0,0,0,0
2019,1,1,0,0,0,55,428,0,0,0,1,0,0,31,0,0,0,0,0,0,0
2019,1,1,0,0,0,60,1485,0,0,0,35,0,0,0,0,0,0,0,0,0,0
2019,1,1,0,0,0,100,1,0,0,0,0,0,0,0,0,0,0,0,0,0,0
2019,1,1,0,0,1,0,0,0,0,0,0,0,0,0,0,0,0,0,0,0,0
2019,1,1,0,0,1,5,0,0,0,0,0,0,0,0,0,0,0,0,0,0,0
2019,1,1,0,0,1,10,0,0,0,0,0,0,0,0,0,0,0,0,0,0,0
2019,1,1,0,0,1,15,0,0,0,0,0,0,0,0,0,0,0,0,0,0,0
2019,1,1,0,0,1,20,0,0,0,0,0,0,0,0,0,0,0,0,0,0,0
2019,1,1,0,0,1,25,0,0,0,0,0,0,0,0,0,0,0,0,0,0,0
2019,1,1,0,0,1,30,0,0,0,0,0,0,0,0,0,0,0,0,0,0,0
2019,1,1,0,0,1,35,0,0,0,0,0,0,0,0,0,0,0,0,0,0,0
2019,1,1,0,0,1,40,0,0,0,0,0,0,0,0,0,0,0,0,0,0,0
2019,1,1,0,0,1,45,0,0,0,0,0,0,0,0,0,0,0,0,0,0,0
2019,1,1,0,0,1,50,0,0,0,0,0,0,0,0,0,0,0,0,0,0,0
2019,1,1,0,0,1,55,0,0,0,0,0,0,0,0,0,0,0,0,0,0,0
2019,1,1,0,0,1,60,0,0,0,0,0,0,0,0,0,0,0,0,0,0,0
2019,1,1,0,0,1,100,0,0,0,0,0,0,0,0,0,0,0,0,0,0,0
2019,1,1,0,1,0,0,25,25,6,0,0,0,2,2,2,2,0,0,0,0,0
2019,1,1,0,1,0,5,56,56,0,0,2,2,1,15,15,1,0,0,0,0,0
2019,1,1,0,1,0,10,118,118,5,0,1,1,8,22,22,10,0,8,0,0,0
2019,1,1,0,1,0,15,172,172,35,0,1,1,35,69,26,16,0,13,0,0,0
2019,1,1,0,1,0,20,242,242,47,0,1,1,59,189,95,45,0,17,0,0,0
2019,1,1,0,1,0,25,280,280,49,0,2,1,73,251,144,42,0,13,0,0,0
2019,1,1,0,1,0,30,229,229,17,0,2,2,31,213,146,28,0,3,0,0,0
2019,1,1,0,1,0,35,138,138,12,0,0,0,19,131,85,15,0,4,0,0,0
2019,1,1,0,1,0,40,83,83,6,0,1,0,3,67,49,3,0,2,0,0,0
2019,1,1,0,1,0,45,60,60,6,0,0,0,2,31,17,5,0,0,0,0,0
2019,1,1,0,1,0,50,60,60,2,0,1,1,2,22,14,5,0,0,0,0,0
2019,1,1,0,1,0,55,26,26,1,0,0,0,0,9,5,0,0,1,0,0,0
2019,1,1,0,1,0,60,29,29,5,0,2,2,0,6,6,1,0,0,0,0,0
2019,1,1,0,1,0,100,0,0,0,0,0,0,0,0,0,0,0,0,0,0,0
2019,1,1,0,1,1,0,9,9,0,9,0,0,9,9,9,0,0,0,0,0,0
2019,1,1,0,1,1,5,16,16,0,16,0,0,16,16,16,0,0,0,0,0,0
2019,1,1,0,1,1,10,26,26,0,26,0,0,26,26,26,0,0,0,0,0,0
2019,1,1,0,1,1,15,133,133,0,133,3,3,133,107,102,0,0,1,0,0,0
2019,1,1,0,1,1,20,539,539,0,539,4,4,539,452,403,0,0,2,0,0,0
2019,1,1,0,1,1,25,975,975,0,975,1,1,975,870,741,0,0,7,0,0,0
2019,1,1,0,1,1,30,1365,1365,0,1365,1,1,1365,1241,1091,0,0,6,0,0,0
2019,1,1,0,1,1,35,1407,1407,0,1407,6,4,1407,1253,1084,0,0,5,0,0,0
2019,1,1,0,1,1,40,1067,1067,0,1067,10,9,1067,827,681,0,0,3,0,0,0
2019,1,1,0,1,1,45,746,746,0,746,2,2,746,403,312,0,0,4,0,0,0
2019,1,1,0,1,1,50,408,408,0,408,1,1,408,149,117,0,0,0,0,0,0
2019,1,1,0,1,1,55,191,191,0,191,1,1,191,39,35,0,0,1,0,0,0
2019,1,1,0,1,1,60,193,193,0,193,4,2,193,28,27,0,0,0,0,0,0
2019,1,1,0,1,1,100,1,1,0,1,0,0,1,1,1,0,0,0,0,0,0
2019.5,1,0,0,0,0,0,5906,0,0,0,17,0,461,1929,0,0,201,0,0,0,1
2019.5,1,0,0,0,0,5,5317,0,0,0,3,0,0,1800,0,0,0,0,0,0,1
2019.5,1,0,0,0,0,10,5168,0,0,0,0,0,0,959,0,0,1,0,0,0,8
2019.5,1,0,0,0,0,15,4316,0,0,0,4,0,350,416,0,0,320,0,0,0,14
2019.5,1,0,0,0,0,20,3817,0,0,0,5,0,1564,2145,0,0,1172,0,0,0,16
2019.5,1,0,0,0,0,25,3224,0,0,0,4,0,1793,2679,0,0,1301,0,0,0,10
2019.5,1,0,0,0,0,30,2606,0,0,0,3,0,1592,2350,0,0,1147,0,0,0,1
2019.5,1,0,0,0,0,35,1830,0,0,0,1,0,1134,1670,0,0,802,0,0,0,0
2019.5,1,0,0,0,0,40,1256,0,0,0,2,0,744,1142,0,0,531,0,0,0,0
2019.5,1,0,0,0,0,45,858,0,0,0,3,0,205,306,0,0,138,0,0,0,0
2019.5,1,0,0,0,0,50,598,0,0,0,2,0,0,0,0,0,0,0,0,0,0
2019.5,1,0,0,0,0,55,398,0,0,0,1,0,0,0,0,0,0,0,0,0,0
2019.5,1,0,0,0,0,60,756,0,0,0,26,0,0,0,0,0,0,0,0,0,0
2019.5,1,0,0,0,0,100,0,0,0,0,0,0,0,0,0,0,0,0,0,0,0
2019.5,1,0,0,0,1,0,0,0,0,0,0,0,0,0,0,0,0,0,0,0,0
2019.5,1,0,0,0,1,5,0,0,0,0,0,0,0,0,0,0,0,0,0,0,0
2019.5,1,0,0,0,1,10,0,0,0,0,0,0,0,0,0,0,0,0,0,0,0
2019.5,1,0,0,0,1,15,0,0,0,0,0,0,0,0,0,0,0,0,0,0,0
2019.5,1,0,0,0,1,20,0,0,0,0,0,0,0,0,0,0,0,0,0,0,0
2019.5,1,0,0,0,1,25,0,0,0,0,0,0,0,0,0,0,0,0,0,0,0
2019.5,1,0,0,0,1,30,0,0,0,0,0,0,0,0,0,0,0,0,0,0,0
2019.5,1,0,0,0,1,35,0,0,0,0,0,0,0,0,0,0,0,0,0,0,0
2019.5,1,0,0,0,1,40,0,0,0,0,0,0,0,0,0,0,0,0,0,0,0
2019.5,1,0,0,0,1,45,0,0,0,0,0,0,0,0,0,0,0,0,0,0,0
2019.5,1,0,0,0,1,50,0,0,0,0,0,0,0,0,0,0,0,0,0,0,0
2019.5,1,0,0,0,1,55,0,0,0,0,0,0,0,0,0,0,0,0,0,0,0
2019.5,1,0,0,0,1,60,0,0,0,0,0,0,0,0,0,0,0,0,0,0,0
2019.5,1,0,0,0,1,100,0,0,0,0,0,0,0,0,0,0,0,0,0,0,0
2019.5,1,0,0,1,0,0,23,23,6,0,0,0,3,8,8,4,0,0,0,0,0
2019.5,1,0,0,1,0,5,48,48,0,0,0,0,0,9,9,0,0,0,0,0,0
2019.5,1,0,0,1,0,10,88,88,0,0,2,2,2,20,20,4,0,0,0,0,0
2019.5,1,0,0,1,0,15,86,86,7,0,1,1,9,14,12,4,0,6,0,0,0
2019.5,1,0,0,1,0,20,116,116,16,0,0,0,17,46,32,14,0,19,0,0,1
2019.5,1,0,0,1,0,25,178,178,15,0,1,1,28,117,86,33,0,21,0,0,0
2019.5,1,0,0,1,0,30,262,262,18,0,2,2,41,197,161,28,0,29,0,0,0
2019.5,1,0,0,1,0,35,218,218,12,0,5,4,22,146,125,17,0,12,0,0,0
2019.5,1,0,0,1,0,40,173,173,16,0,1,1,28,123,98,18,0,13,0,0,0
2019.5,1,0,0,1,0,45,80,80,12,0,4,4,4,20,15,4,0,3,0,0,0
2019.5,1,0,0,1,0,50,53,53,3,0,0,0,3,5,5,4,0,5,0,0,0
2019.5,1,0,0,1,0,55,27,27,3,0,0,0,2,5,5,1,0,0,0,0,0
2019.5,1,0,0,1,0,60,14,14,3,0,0,0,1,1,1,1,0,0,0,0,0
2019.5,1,0,0,1,0,100,0,0,0,0,0,0,0,0,0,0,0,0,0,0,0
2019.5,1,0,0,1,1,0,11,11,0,11,0,0,11,11,11,0,0,0,0,0,0
2019.5,1,0,0,1,1,5,15,15,0,15,0,0,15,15,15,0,0,0,0,0,0
2019.5,1,0,0,1,1,10,20,20,0,20,0,0,20,20,20,0,0,0,0,0,0
2019.5,1,0,0,1,1,15,30,30,0,30,1,1,30,29,29,0,0,0,0,0,0
2019.5,1,0,0,1,1,20,105,105,0,105,0,0,105,89,89,0,0,4,0,0,0
2019.5,1,0,0,1,1,25,259,259,0,259,3,1,259,243,240,0,0,7,0,0,3
2019.5,1,0,0,1,1,30,502,502,0,502,2,2,502,462,448,0,0,9,0,0,0
2019.5,1,0,0,1,1,35,590,590,0,590,6,4,590,481,458,0,0,5,0,0,0
2019.5,1,0,0,1,1,40,531,531,0,531,3,3,531,402,377,0,0,6,0,0,0
2019.5,1,0,0,1,1,45,561,561,0,561,11,10,561,186,180,0,0,3,0,0,0
2019.5,1,0,0,1,1,50,392,392,0,392,5,0,392,42,42,0,0,3,0,0,0
2019.5,1,0,0,1,1,55,193,193,0,193,1,1,193,25,25,0,0,1,0,0,0
2019.5,1,0,0,1,1,60,147,147,0,147,4,1,147,16,16,0,0,1,0,0,0
2019.5,1,0,0,1,1,100,0,0,0,0,0,0,0,0,0,0,0,0,0,0,0
2019.5,1,0,1,0,0,0,1,0,0,0,0,0,0,0,0,0,0,0,0,0,0
2019.5,1,0,1,0,0,5,5,0,0,0,0,0,0,2,0,0,0,0,0,0,0
2019.5,1,0,1,0,0,10,24,0,0,0,0,0,0,3,0,0,0,0,0,0,0
2019.5,1,0,1,0,0,15,108,0,0,0,0,0,8,10,0,0,5,0,0,0,0
2019.5,1,0,1,0,0,20,264,0,0,0,1,0,124,169,0,0,97,0,0,0,0
2019.5,1,0,1,0,0,25,412,0,0,0,0,0,231,344,0,0,166,0,0,0,0
2019.5,1,0,1,0,0,30,382,0,0,0,0,0,228,343,0,0,145,0,0,0,0
2019.5,1,0,1,0,0,35,281,0,0,0,1,0,176,253,0,0,134,0,0,0,0
2019.5,1,0,1,0,0,40,205,0,0,0,1,0,119,178,0,0,82,0,0,0,0
2019.5,1,0,1,0,0,45,141,0,0,0,1,0,32,49,0,0,21,0,0,0,0
2019.5,1,0,1,0,0,50,101,0,0,0,2,0,0,0,0,0,0,0,0,0,0
2019.5,1,0,1,0,0,55,66,0,0,0,1,0,0,0,0,0,0,0,0,0,0
2019.5,1,0,1,0,0,60,88,0,0,0,1,0,0,0,0,0,0,0,0,0,0
2019.5,1,0,1,0,0,100,0,0,0,0,0,0,0,0,0,0,0,0,0,0,0
2019.5,1,0,1,0,1,0,0,0,0,0,0,0,0,0,0,0,0,0,0,0,0
2019.5,1,0,1,0,1,5,0,0,0,0,0,0,0,0,0,0,0,0,0,0,0
2019.5,1,0,1,0,1,10,0,0,0,0,0,0,0,0,0,0,0,0,0,0,0
2019.5,1,0,1,0,1,15,0,0,0,0,0,0,0,0,0,0,0,0,0,0,0
2019.5,1,0,1,0,1,20,0,0,0,0,0,0,0,0,0,0,0,0,0,0,0
2019.5,1,0,1,0,1,25,0,0,0,0,0,0,0,0,0,0,0,0,0,0,0
2019.5,1,0,1,0,1,30,0,0,0,0,0,0,0,0,0,0,0,0,0,0,0
2019.5,1,0,1,0,1,35,0,0,0,0,0,0,0,0,0,0,0,0,0,0,0
2019.5,1,0,1,0,1,40,0,0,0,0,0,0,0,0,0,0,0,0,0,0,0
2019.5,1,0,1,0,1,45,0,0,0,0,0,0,0,0,0,0,0,0,0,0,0
2019.5,1,0,1,0,1,50,0,0,0,0,0,0,0,0,0,0,0,0,0,0,0
2019.5,1,0,1,0,1,55,0,0,0,0,0,0,0,0,0,0,0,0,0,0,0
2019.5,1,0,1,0,1,60,0,0,0,0,0,0,0,0,0,0,0,0,0,0,0
2019.5,1,0,1,0,1,100,0,0,0,0,0,0,0,0,0,0,0,0,0,0,0
2019.5,1,0,1,1,0,0,0,0,0,0,0,0,0,0,0,0,0,0,0,0,0
2019.5,1,0,1,1,0,5,0,0,0,0,0,0,0,0,0,0,0,0,0,0,0
2019.5,1,0,1,1,0,10,0,0,0,0,0,0,0,0,0,0,0,0,0,0,0
2019.5,1,0,1,1,0,15,2,2,0,0,0,0,0,0,0,0,0,0,0,0,0
2019.5,1,0,1,1,0,20,9,9,1,0,0,0,1,2,0,0,0,0,0,0,0
2019.5,1,0,1,1,0,25,12,12,1,0,0,0,4,9,7,2,0,3,0,0,0
2019.5,1,0,1,1,0,30,20,20,2,0,0,0,3,16,12,3,0,1,0,0,0
2019.5,1,0,1,1,0,35,21,21,0,0,0,0,3,18,17,4,0,1,0,0,0
2019.5,1,0,1,1,0,40,15,15,2,0,0,0,2,12,12,2,0,2,0,0,0
2019.5,1,0,1,1,0,45,5,5,1,0,1,0,1,2,1,0,0,0,0,0,0
2019.5,1,0,1,1,0,50,6,6,0,0,0,0,0,1,1,0,0,0,0,0,0
2019.5,1,0,1,1,0,55,1,1,0,0,0,0,0,0,0,0,0,0,0,0,0
2019.5,1,0,1,1,0,60,0,0,0,0,0,0,0,0,0,0,0,0,0,0,0
2019.5,1,0,1,1,0,100,0,0,0,0,0,0,0,0,0,0,0,0,0,0,0
2019.5,1,0,1,1,1,0,0,0,0,0,0,0,0,0,0,0,0,0,0,0,0
2019.5,1,0,1,1,1,5,0,0,0,0,0,0,0,0,0,0,0,0,0,0,0
2019.5,1,0,1,1,1,10,0,0,0,0,0,0,0,0,0,0,0,0,0,0,0
2019.5,1,0,1,1,1,15,0,0,0,0,0,0,0,0,0,0,0,0,0,0,0
2019.5,1,0,1,1,1,20,3,3,0,3,0,0,3,3,3,0,0,0,0,0,0
2019.5,1,0,1,1,1,25,14,14,0,14,0,0,14,14,13,0,0,0,0,0,0
2019.5,1,0,1,1,1,30,52,52,0,52,1,1,52,46,45,0,0,1,0,0,0
2019.5,1,0,1,1,1,35,64,64,0,64,0,0,64,49,48,0,0,3,0,0,0
2019.5,1,0,1,1,1,40,57,57,0,57,0,0,57,44,43,0,0,0,0,0,0
2019.5,1,0,1,1,1,45,57,57,0,57,0,0,57,16,16,0,0,1,0,0,0
2019.5,1,0,1,1,1,50,41,41,0,41,3,1,41,1,1,0,0,1,0,0,0
2019.5,1,0,1,1,1,55,22,22,0,22,0,0,22,2,2,0,0,0,0,0,0
2019.5,1,0,1,1,1,60,9,9,0,9,0,0,9,3,3,0,0,0,0,0,0
2019.5,1,0,1,1,1,100,0,0,0,0,0,0,0,0,0,0,0,0,0,0,0
2019.5,1,1,0,0,0,0,5749,0,0,0,12,0,424,1903,0,0,203,0,0,0,0
2019.5,1,1,0,0,0,5,5355,0,0,0,0,0,0,1828,0,0,0,0,0,0,0
2019.5,1,1,0,0,0,10,5062,0,0,0,0,0,96,1050,0,0,99,0,0,0,0
2019.5,1,1,0,0,0,15,4479,0,0,0,2,0,1168,1886,0,0,874,0,0,0,0
2019.5,1,1,0,0,0,20,3723,0,0,0,5,0,1803,3017,0,0,1408,0,0,0,0
2019.5,1,1,0,0,0,25,2905,0,0,0,1,0,1781,2802,0,0,1343,0,0,0,0
2019.5,1,1,0,0,0,30,2306,0,0,0,3,0,1452,2272,0,0,1125,0,0,0,0
2019.5,1,1,0,0,0,35,1501,0,0,0,3,0,942,1492,0,0,721,0,0,0,0
2019.5,1,1,0,0,0,40,889,0,0,0,0,0,417,826,0,0,293,0,0,0,0
2019.5,1,1,0,0,0,45,622,0,0,0,1,0,95,404,0,0,57,0,0,0,0
2019.5,1,1,0,0,0,50,625,0,0,0,4,0,14,180,0,0,9,0,0,0,0
2019.5,1,1,0,0,0,55,461,0,0,0,3,0,2,38,0,0,3,0,0,0,0
2019.5,1,1,0,0,0,60,1463,0,0,0,47,0,1,1,0,0,1,0,0,0,0
2019.5,1,1,0,0,0,100,1,0,0,0,0,0,0,0,0,0,0,0,0,0,0
2019.5,1,1,0,0,1,0,0,0,0,0,0,0,0,0,0,0,0,0,0,0,0
2019.5,1,1,0,0,1,5,0,0,0,0,0,0,0,0,0,0,0,0,0,0,0
2019.5,1,1,0,0,1,10,0,0,0,0,0,0,0,0,0,0,0,0,0,0,0
2019.5,1,1,0,0,1,15,0,0,0,0,0,0,0,0,0,0,0,0,0,0,0
2019.5,1,1,0,0,1,20,0,0,0,0,0,0,0,0,0,0,0,0,0,0,0
2019.5,1,1,0,0,1,25,0,0,0,0,0,0,0,0,0,0,0,0,0,0,0
2019.5,1,1,0,0,1,30,0,0,0,0,0,0,0,0,0,0,0,0,0,0,0
2019.5,1,1,0,0,1,35,0,0,0,0,0,0,0,0,0,0,0,0,0,0,0
2019.5,1,1,0,0,1,40,0,0,0,0,0,0,0,0,0,0,0,0,0,0,0
2019.5,1,1,0,0,1,45,0,0,0,0,0,0,0,0,0,0,0,0,0,0,0
2019.5,1,1,0,0,1,50,0,0,0,0,0,0,0,0,0,0,0,0,0,0,0
2019.5,1,1,0,0,1,55,0,0,0,0,0,0,0,0,0,0,0,0,0,0,0
2019.5,1,1,0,0,1,60,0,0,0,0,0,0,0,0,0,0,0,0,0,0,0
2019.5,1,1,0,0,1,100,0,0,0,0,0,0,0,0,0,0,0,0,0,0,0
2019.5,1,1,0,1,0,0,24,24,7,0,1,1,4,5,5,6,0,0,0,0,0
2019.5,1,1,0,1,0,5,48,48,0,0,2,2,0,13,13,1,0,0,0,0,0
2019.5,1,1,0,1,0,10,113,113,5,0,4,4,5,20,19,5,0,3,0,0,0
2019.5,1,1,0,1,0,15,162,162,31,0,6,6,38,66,28,31,0,12,0,0,0
2019.5,1,1,0,1,0,20,230,230,34,0,6,6,51,175,88,40,0,24,0,0,0
2019.5,1,1,0,1,0,25,262,262,40,0,0,0,81,236,140,47,0,11,0,0,0
2019.5,1,1,0,1,0,30,242,242,16,0,4,2,52,230,167,47,0,7,0,0,0
2019.5,1,1,0,1,0,35,151,151,13,0,2,2,21,143,101,10,0,5,0,0,0
2019.5,1,1,0,1,0,40,76,76,8,0,0,0,8,65,49,3,0,3,0,0,0
2019.5,1,1,0,1,0,45,81,81,8,0,2,1,5,47,27,5,0,4,0,0,0
2019.5,1,1,0,1,0,50,68,68,2,0,1,1,2,29,18,0,0,4,0,0,0
2019.5,1,1,0,1,0,55,26,26,1,0,1,1,3,8,5,4,0,0,0,0,0
2019.5,1,1,0,1,0,60,31,31,2,0,0,0,1,6,6,1,0,2,0,0,0
2019.5,1,1,0,1,0,100,0,0,0,0,0,0,0,0,0,0,0,0,0,0,0
2019.5,1,1,0,1,1,0,10,10,0,10,0,0,10,10,10,0,0,0,0,0,0
2019.5,1,1,0,1,1,5,15,15,0,15,0,0,15,15,15,0,0,0,0,0,0
2019.5,1,1,0,1,1,10,26,26,0,26,0,0,26,26,26,0,0,0,0,0,0
2019.5,1,1,0,1,1,15,139,139,0,139,2,2,139,119,112,0,0,0,0,0,0
2019.5,1,1,0,1,1,20,516,516,0,516,1,0,516,429,373,0,0,3,0,0,0
2019.5,1,1,0,1,1,25,985,985,0,985,0,0,985,873,742,0,0,4,0,0,0
2019.5,1,1,0,1,1,30,1353,1353,0,1353,5,4,1353,1236,1084,0,0,8,0,0,0
2019.5,1,1,0,1,1,35,1437,1437,0,1437,3,3,1437,1283,1100,0,0,14,0,0,0
2019.5,1,1,0,1,1,40,1098,1098,0,1098,4,4,1098,882,726,0,0,3,0,0,0
2019.5,1,1,0,1,1,45,760,760,0,760,6,2,760,426,333,0,0,5,0,0,0
2019.5,1,1,0,1,1,50,434,434,0,434,6,4,434,159,128,0,0,0,0,0,0
2019.5,1,1,0,1,1,55,211,211,0,211,3,2,211,50,41,0,0,0,0,0,0
2019.5,1,1,0,1,1,60,197,197,0,197,5,2,197,29,28,0,0,0,0,0,0
2019.5,1,1,0,1,1,100,1,1,0,1,0,0,1,1,1,0,0,0,0,0,0
2020,1,0,0,0,0,0,5902,0,0,0,26,0,445,1950,0,0,215,0,0,0,0
2020,1,0,0,0,0,5,5385,0,0,0,2,0,0,1793,0,0,0,0,0,0,0
2020,1,0,0,0,0,10,5171,0,0,0,2,0,0,1132,0,0,0,0,0,0,5
2020,1,0,0,0,0,15,4384,0,0,0,3,0,338,423,0,0,304,0,0,0,14
2020,1,0,0,0,0,20,3826,0,0,0,3,0,1509,2115,0,0,1168,0,0,0,32
2020,1,0,0,0,0,25,3265,0,0,0,3,0,1818,2690,0,0,1335,0,0,0,6
2020,1,0,0,0,0,30,2676,0,0,0,1,0,1647,2440,0,0,1175,0,0,0,1
2020,1,0,0,0,0,35,1894,0,0,0,2,0,1169,1746,0,0,825,0,0,0,0
2020,1,0,0,0,0,40,1280,0,0,0,3,0,784,1176,0,0,542,0,0,0,0
2020,1,0,0,0,0,45,876,0,0,0,3,0,261,384,0,0,182,0,0,0,0
2020,1,0,0,0,0,50,602,0,0,0,3,0,0,0,0,0,0,0,0,0,0
2020,1,0,0,0,0,55,421,0,0,0,3,0,0,0,0,0,0,0,0,0,0
2020,1,0,0,0,0,60,749,0,0,0,28,0,0,0,0,0,0,0,0,0,0
2020,1,0,0,0,0,100,0,0,0,0,0,0,0,0,0,0,0,0,0,0,0
2020,1,0,0,0,1,0,0,0,0,0,0,0,0,0,0,0,0,0,0,0,0
2020,1,0,0,0,1,5,0,0,0,0,0,0,0,0,0,0,0,0,0,0,0
2020,1,0,0,0,1,10,0,0,0,0,0,0,0,0,0,0,0,0,0,0,0
2020,1,0,0,0,1,15,0,0,0,0,0,0,0,0,0,0,0,0,0,0,0
2020,1,0,0,0,1,20,0,0,0,0,0,0,0,0,0,0,0,0,0,0,0
2020,1,0,0,0,1,25,0,0,0,0,0,0,0,0,0,0,0,0,0,0,0
2020,1,0,0,0,1,30,0,0,0,0,0,0,0,0,0,0,0,0,0,0,0
2020,1,0,0,0,1,35,0,0,0,0,0,0,0,0,0,0,0,0,0,0,0
2020,1,0,0,0,1,40,0,0,0,0,0,0,0,0,0,0,0,0,0,0,0
2020,1,0,0,0,1,45,0,0,0,0,0,0,0,0,0,0,0,0,0,0,0
2020,1,0,0,0,1,50,0,0,0,0,0,0,0,0,0,0,0,0,0,0,0
2020,1,0,0,0,1,55,0,0,0,0,0,0,0,0,0,0,0,0,0,0,0
2020,1,0,0,0,1,60,0,0,0,0,0,0,0,0,0,0,0,0,0,0,0
2020,1,0,0,0,1,100,0,0,0,0,0,0,0,0,0,0,0,0,0,0,0
2020,1,0,0,1,0,0,27,27,12,0,1,1,3,7,7,5,0,0,0,0,0
2020,1,0,0,1,0,5,40,40,0,0,1,1,0,9,9,0,0,0,0,0,0
2020,1,0,0,1,0,10,87,87,0,0,2,2,1,22,22,0,0,0,0,0,0
2020,1,0,0,1,0,15,81,81,2,0,5,5,5,12,12,5,0,5,0,0,1
2020,1,0,0,1,0,20,103,103,14,0,1,1,16,38,27,18,0,16,0,0,0
2020,1,0,0,1,0,25,179,179,18,0,4,4,35,113,80,26,0,30,0,0,1
2020,1,0,0,1,0,30,255,255,16,0,0,0,38,199,159,31,0,31,0,0,0
2020,1,0,0,1,0,35,220,220,14,0,5,3,36,153,127,29,0,22,0,0,0
2020,1,0,0,1,0,40,185,185,24,0,3,3,36,134,103,29,0,13,0,0,0
2020,1,0,0,1,0,45,75,75,8,0,3,2,5,29,23,6,0,1,0,0,0
2020,1,0,0,1,0,50,46,46,3,0,3,1,1,3,3,4,0,3,0,0,0
2020,1,0,0,1,0,55,25,25,3,0,0,0,1,3,3,0,0,0,0,0,0
2020,1,0,0,1,0,60,15,15,3,0,0,0,1,2,2,1,0,0,0,0,0
2020,1,0,0,1,0,100,0,0,0,0,0,0,0,0,0,0,0,0,0,0,0
2020,1,0,0,1,1,0,11,11,0,11,2,1,11,11,11,0,0,0,0,0,0
2020,1,0,0,1,1,5,12,12,0,12,0,0,12,12,12,0,0,0,0,0,0
2020,1,0,0,1,1,10,19,19,0,19,2,2,19,19,19,0,0,0,0,0,0
2020,1,0,0,1,1,15,27,27,0,27,0,0,27,26,26,0,0,0,0,0,0
2020,1,0,0,1,1,20,108,108,0,108,0,0,108,93,93,0,0,3,0,0,1
2020,1,0,0,1,1,25,248,248,0,248,3,2,248,231,229,0,0,8,0,0,1
2020,1,0,0,1,1,30,491,491,0,491,0,0,491,457,444,0,0,13,0,0,0
2020,1,0,0,1,1,35,589,589,0,589,2,2,589,491,469,0,0,11,0,0,0
2020,1,0,0,1,1,40,569,569,0,569,5,3,569,441,413,0,0,11,0,0,0
2020,1,0,0,1,1,45,586,586,0,586,8,5,586,217,207,0,0,10,0,0,0
2020,1,0,0,1,1,50,406,406,0,406,8,1,406,49,49,0,0,2,0,0,0
2020,1,0,0,1,1,55,219,219,0,219,2,1,219,28,28,0,0,0,0,0,0
2020,1,0,0,1,1,60,150,150,0,150,7,0,150,17,17,0,0,3,0,0,0
2020,1,0,0,1,1,100,0,0,0,0,0,0,0,0,0,0,0,0,0,0,0
2020,1,0,1,0,0,0,1,0,0,0,0,0,0,0,0,0,0,0,0,0,0
2020,1,0,1,0,0,5,4,0,0,0,0,0,0,2,0,0,0,0,0,0,0
2020,1,0,1,0,0,10,23,0,0,0,0,0,0,3,0,0,0,0,0,0,0
2020,1,0,1,0,0,15,122,0,0,0,0,0,13,16,0,0,12,0,0,0,0
2020,1,0,1,0,0,20,263,0,0,0,0,0,126,167,0,0,87,0,0,0,0
2020,1,0,1,0,0,25,413,0,0,0,0,0,219,343,0,0,143,0,0,0,0
2020,1,0,1,0,0,30,387,0,0,0,2,0,227,357,0,0,166,0,0,0,0
2020,1,0,1,0,0,35,282,0,0,0,0,0,168,247,0,0,130,0,0,0,0
2020,1,0,1,0,0,40,220,0,0,0,0,0,136,198,0,0,97,0,0,0,0
2020,1,0,1,0,0,45,137,0,0,0,0,0,41,58,0,0,30,0,0,0,0
2020,1,0,1,0,0,50,109,0,0,0,0,0,0,0,0,0,0,0,0,0,0
2020,1,0,1,0,0,55,68,0,0,0,0,0,0,0,0,0,0,0,0,0,0
2020,1,0,1,0,0,60,87,0,0,0,7,0,0,0,0,0,0,0,0,0,0
2020,1,0,1,0,0,100,0,0,0,0,0,0,0,0,0,0,0,0,0,0,0
2020,1,0,1,0,1,0,0,0,0,0,0,0,0,0,0,0,0,0,0,0,0
2020,1,0,1,0,1,5,0,0,0,0,0,0,0,0,0,0,0,0,0,0,0
2020,1,0,1,0,1,10,0,0,0,0,0,0,0,0,0,0,0,0,0,0,0
2020,1,0,1,0,1,15,0,0,0,0,0,0,0,0,0,0,0,0,0,0,0
2020,1,0,1,0,1,20,0,0,0,0,0,0,0,0,0,0,0,0,0,0,0
2020,1,0,1,0,1,25,0,0,0,0,0,0,0,0,0,0,0,0,0,0,0
2020,1,0,1,0,1,30,0,0,0,0,0,0,0,0,0,0,0,0,0,0,0
2020,1,0,1,0,1,35,0,0,0,0,0,0,0,0,0,0,0,0,0,0,0
2020,1,0,1,0,1,40,0,0,0,0,0,0,0,0,0,0,0,0,0,0,0
2020,1,0,1,0,1,45,0,0,0,0,0,0,0,0,0,0,0,0,0,0,0
2020,1,0,1,0,1,50,0,0,0,0,0,0,0,0,0,0,0,0,0,0,0
2020,1,0,1,0,1,55,0,0,0,0,0,0,0,0,0,0,0,0,0,0,0
2020,1,0,1,0,1,60,0,0,0,0,0,0,0,0,0,0,0,0,0,0,0
2020,1,0,1,0,1,100,0,0,0,0,0,0,0,0,0,0,0,0,0,0,0
2020,1,0,1,1,0,0,0,0,0,0,0,0,0,0,0,0,0,0,0,0,0
2020,1,0,1,1,0,5,0,0,0,0,0,0,0,0,0,0,0,0,0,0,0
2020,1,0,1,1,0,10,0,0,0,0,0,0,0,0,0,0,0,0,0,0,0
2020,1,0,1,1,0,15,2,2,0,0,0,0,0,0,0,0,0,0,0,0,0
2020,1,0,1,1,0,20,9,9,2,0,0,0,3,5,2,4,0,2,0,0,0
2020,1,0,1,1,0,25,15,15,3,0,0,0,7,12,8,5,0,1,0,0,0
2020,1,0,1,1,0,30,18,18,1,0,0,0,4,16,12,3,0,3,0,0,0
2020,1,0,1,1,0,35,24,24,3,0,0,0,5,21,17,3,0,5,0,0,0
2020,1,0,1,1,0,40,17,17,2,0,0,0,2,14,13,1,0,0,0,0,0
2020,1,0,1,1,0,45,8,8,2,0,0,0,1,5,3,0,0,0,0,0,0
2020,1,0,1,1,0,50,5,5,0,0,0,0,1,1,1,1,0,0,0,0,0
2020,1,0,1,1,0,55,2,2,1,0,0,0,0,0,0,0,0,0,0,0,0
2020,1,0,1,1,0,60,0,0,0,0,0,0,0,0,0,0,0,0,0,0,0
2020,1,0,1,1,0,100,0,0,0,0,0,0,0,0,0,0,0,0,0,0,0
2020,1,0,1,1,1,0,0,0,0,0,0,0,0,0,0,0,0,0,0,0,0
2020,1,0,1,1,1,5,0,0,0,0,0,0,0,0,0,0,0,0,0,0,0
2020,1,0,1,1,1,10,0,0,0,0,0,0,0,0,0,0,0,0,0,0,0
2020,1,0,1,1,1,15,0,0,0,0,0,0,0,0,0,0,0,0,0,0,0
2020,1,0,1,1,1,20,5,5,0,5,0,0,5,5,5,0,0,0,0,0,0
2020,1,0,1,1,1,25,15,15,0,15,1,1,15,15,14,0,0,0,0,0,0
2020,1,0,1,1,1,30,51,51,0,51,1,0,51,46,45,0,0,0,0,0,0
2020,1,0,1,1,1,35,65,65,0,65,0,0,65,50,49,0,0,1,0,0,0
2020,1,0,1,1,1,40,60,60,0,60,0,0,60,47,46,0,0,1,0,0,0
2020,1,0,1,1,1,45,54,54,0,54,1,1,54,15,15,0,0,1,0,0,0
2020,1,0,1,1,1,50,39,39,0,39,0,0,39,2,2,0,0,0,0,0,0
2020,1,0,1,1,1,55,25,25,0,25,1,1,25,2,2,0,0,1,0,0,0
2020,1,0,1,1,1,60,9,9,0,9,1,0,9,2,2,0,0,0,0,0,0
2020,1,0,1,1,1,100,0,0,0,0,0,0,0,0,0,0,0,0,0,0,0
2020,1,1,0,0,0,0,5686,0,0,0,10,0,413,1877,0,0,184,0,0,0,0
2020,1,1,0,0,0,5,5460,0,0,0,0,0,0,1860,0,0,0,0,0,0,0
2020,1,1,0,0,0,10,5102,0,0,0,0,0,94,1202,0,0,111,0,0,0,0
2020,1,1,0,0,0,15,4449,0,0,0,1,0,1167,1872,0,0,898,0,0,0,0
2020,1,1,0,0,0,20,3765,0,0,0,1,0,1828,3045,0,0,1459,0,0,0,0
2020,1,1,0,0,0,25,2976,0,0,0,2,0,1819,2864,0,0,1419,0,0,0,0
2020,1,1,0,0,0,30,2337,0,0,0,0,0,1509,2308,0,0,1104,0,0,0,0
2020,1,1,0,0,0,35,1562,0,0,0,0,0,979,1552,0,0,740,0,0,0,0
2020,1,1,0,0,0,40,897,0,0,0,1,0,465,852,0,0,341,0,0,0,0
2020,1,1,0,0,0,45,630,0,0,0,0,0,110,434,0,0,65,0,0,0,0
2020,1,1,0,0,0,50,639,0,0,0,3,0,19,205,0,0,15,0,0,0,0
2020,1,1,0,0,0,55,491,0,0,0,3,0,3,48,0,0,3,0,0,0,0
2020,1,1,0,0,0,60,1448,0,0,0,29,0,1,3,0,0,1,0,0,0,0
2020,1,1,0,0,0,100,1,0,0,0,0,0,0,0,0,0,0,0,0,0,0
2020,1,1,0,0,1,0,0,0,0,0,0,0,0,0,0,0,0,0,0,0,0
2020,1,1,0,0,1,5,0,0,0,0,0,0,0,0,0,0,0,0,0,0,0
2020,1,1,0,0,1,10,0,0,0,0,0,0,0,0,0,0,0,0,0,0,0
2020,1,1,0,0,1,15,0,0,0,0,0,0,0,0,0,0,0,0,0,0,0
2020,1,1,0,0,1,20,0,0,0,0,0,0,0,0,0,0,0,0,0,0,0
2020,1,1,0,0,1,25,0,0,0,0,0,0,0,0,0,0,0,0,0,0,0
2020,1,1,0,0,1,30,0,0,0,0,0,0,0,0,0,0,0,0,0,0,0
2020,1,1,0,0,1,35,0,0,0,0,0,0,0,0,0,0,0,0,0,0,0
2020,1,1,0,0,1,40,0,0,0,0,0,0,0,0,0,0,0,0,0,0,0
2020,1,1,0,0,1,45,0,0,0,0,0,0,0,0,0,0,0,0,0,0,0
2020,1,1,0,0,1,50,0,0,0,0,0,0,0,0,0,0,0,0,0,0,0
2020,1,1,0,0,1,55,0,0,0,0,0,0,0,0,0,0,0,0,0,0,0
2020,1,1,0,0,1,60,0,0,0,0,0,0,0,0,0,0,0,0,0,0,0
2020,1,1,0,0,1,100,0,0,0,0,0,0,0,0,0,0,0,0,0,0,0
2020,1,1,0,1,0,0,22,22,7,0,1,1,0,1,1,0,0,0,0,0,0
2020,1,1,0,1,0,5,44,44,0,0,0,0,0,8,8,0,0,0,0,0,0
2020,1,1,0,1,0,10,107,107,6,0,3,3,6,25,23,6,0,5,0,0,0
2020,1,1,0,1,0,15,172,172,34,0,2,2,37,70,33,20,0,12,0,0,0
2020,1,1,0,1,0,20,230,230,42,0,2,2,64,181,94,49,0,16,0,0,0
2020,1,1,0,1,0,25,254,254,46,0,1,1,65,227,127,51,0,10,0,0,0
2020,1,1,0,1,0,30,245,245,30,0,3,3,55,234,164,38,0,8,0,0,0
2020,1,1,0,1,0,35,162,162,15,0,2,1,22,145,107,13,0,11,0,0,0
2020,1,1,0,1,0,40,85,85,8,0,0,0,8,80,55,4,0,3,0,0,0
2020,1,1,0,1,0,45,84,84,7,0,0,0,3,49,30,1,0,2,0,0,0
2020,1,1,0,1,0,50,55,55,6,0,3,3,3,27,18,3,0,2,0,0,0
2020,1,1,0,1,0,55,27,27,1,0,1,1,0,7,4,1,0,0,0,0,0
2020,1,1,0,1,0,60,29,29,2,0,3,2,0,2,2,0,0,2,0,0,0
2020,1,1,0,1,0,100,0,0,0,0,0,0,0,0,0,0,0,0,0,0,0
2020,1,1,0,1,1,0,12,12,0,12,0,0,12,12,12,0,0,0,0,0,0
2020,1,1,0,1,1,5,17,17,0,17,0,0,17,17,17,0,0,0,0,0,0
2020,1,1,0,1,1,10,29,29,0,29,1,1,29,29,29,0,0,0,0,0,0
2020,1,1,0,1,1,15,128,128,0,128,2,2,128,109,103,0,0,1,0,0,0
2020,1,1,0,1,1,20,483,483,0,483,1,0,483,405,350,0,0,7,0,0,0
2020,1,1,0,1,1,25,1006,1006,0,1006,2,1,1006,887,753,0,0,4,0,0,0
2020,1,1,0,1,1,30,1341,1341,0,1341,8,6,1341,1229,1076,0,0,11,0,0,0
2020,1,1,0,1,1,35,1468,1468,0,1468,3,3,1468,1325,1133,0,0,10,0,0,0
2020,1,1,0,1,1,40,1137,1137,0,1137,4,2,1137,939,775,0,0,9,0,0,0
2020,1,1,0,1,1,45,807,807,0,807,6,4,807,467,361,0,0,2,0,0,0
2020,1,1,0,1,1,50,463,463,0,463,6,4,463,176,142,0,0,4,0,0,0
2020,1,1,0,1,1,55,234,234,0,234,2,1,234,57,46,0,0,0,0,0,0
2020,1,1,0,1,1,60,203,203,0,203,6,2,203,31,30,0,0,0,0,0,0
2020,1,1,0,1,1,100,1,1,0,1,0,0,1,1,1,0,0,0,0,0,0
2020.5,1,0,0,0,0,0,5882,0,0,0,19,0,438,1932,0,0,193,0,0,0,0
2020.5,1,0,0,0,0,5,5462,0,0,0,4,0,0,1808,0,0,0,0,0,0,0
2020.5,1,0,0,0,0,10,5174,0,0,0,5,0,0,1291,0,0,0,0,0,0,4
2020.5,1,0,0,0,0,15,4451,0,0,0,3,0,344,458,0,0,310,0,0,0,18
2020.5,1,0,0,0,0,20,3853,0,0,0,2,0,1515,2117,0,0,1151,0,0,0,29
2020.5,1,0,0,0,0,25,3233,0,0,0,3,0,1842,2654,0,0,1313,0,0,0,15
2020.5,1,0,0,0,0,30,2759,0,0,0,2,0,1683,2531,0,0,1223,0,0,0,2
2020.5,1,0,0,0,0,35,1964,0,0,0,7,0,1223,1814,0,0,871,0,0,0,0
2020.5,1,0,0,0,0,40,1320,0,0,0,3,0,804,1228,0,0,589,0,0,0,0
2020.5,1,0,0,0,0,45,896,0,0,0,1,0,328,485,0,0,216,0,0,0,0
2020.5,1,0,0,0,0,50,623,0,0,0,4,0,0,0,0,0,0,0,0,0,0
2020.5,1,0,0,0,0,55,456,0,0,0,6,0,0,0,0,0,0,0,0,0,0
2020.5,1,0,0,0,0,60,733,0,0,0,30,0,0,0,0,0,0,0,0,0,0
2020.5,1,0,0,0,0,100,0,0,0,0,0,0,0,0,0,0,0,0,0,0,0
2020.5,1,0,0,0,1,0,0,0,0,0,0,0,0,0,0,0,0,0,0,0,0
2020.5,1,0,0,0,1,5,0,0,0,0,0,0,0,0,0,0,0,0,0,0,0
2020.5,1,0,0,0,1,10,0,0,0,0,0,0,0,0,0,0,0,0,0,0,0
2020.5,1,0,0,0,1,15,0,0,0,0,0,0,0,0,0,0,0,0,0,0,0
2020.5,1,0,0,0,1,20,0,0,0,0,0,0,0,0,0,0,0,0,0,0,0
2020.5,1,0,0,0,1,25,0,0,0,0,0,0,0,0,0,0,0,0,0,0,0
2020.5,1,0,0,0,1,30,0,0,0,0,0,0,0,0,0,0,0,0,0,0,0
2020.5,1,0,0,0,1,35,0,0,0,0,0,0,0,0,0,0,0,0,0,0,0
2020.5,1,0,0,0,1,40,0,0,0,0,0,0,0,0,0,0,0,0,0,0,0
2020.5,1,0,0,0,1,45,0,0,0,0,0,0,0,0,0,0,0,0,0,0,0
2020.5,1,0,0,0,1,50,0,0,0,0,0,0,0,0,0,0,0,0,0,0,0
2020.5,1,0,0,0,1,55,0,0,0,0,0,0,0,0,0,0,0,0,0,0,0
2020.5,1,0,0,0,1,60,0,0,0,0,0,0,0,0,0,0,0,0,0,0,0
2020.5,1,0,0,0,1,100,0,0,0,0,0,0,0,0,0,0,0,0,0,0,0
2020.5,1,0,0,1,0,0,30,30,13,0,6,6,4,7,7,4,0,0,0,0,0
2020.5,1,0,0,1,0,5,35,35,0,0,1,1,0,9,9,0,0,0,0,0,0
2020.5,1,0,0,1,0,10,86,86,0,0,2,2,1,23,23,4,0,0,0,0,0
2020.5,1,0,0,1,0,15,79,79,4,0,1,1,4,9,9,4,0,3,0,0,0
2020.5,1,0,0,1,0,20,100,100,18,0,3,2,21,44,30,21,0,15,0,0,1
2020.5,1,0,0,1,0,25,172,172,22,0,3,2,43,108,81,31,0,35,0,0,0
2020.5,1,0,0,1,0,30,255,255,20,0,6,6,44,203,161,42,0,25,0,0,0
2020.5,1,0,0,1,0,35,220,220,15,0,5,5,36,155,126,30,0,20,0,0,0
2020.5,1,0,0,1,0,40,184,184,9,0,3,3,35,136,106,21,0,16,0,0,0
2020.5,1,0,0,1,0,45,82,82,4,0,0,0,7,35,29,8,0,2,0,0,0
2020.5,1,0,0,1,0,50,52,52,2,0,4,3,1,6,6,2,0,0,0,0,0
2020.5,1,0,0,1,0,55,26,26,1,0,0,0,1,4,4,1,0,2,0,0,0
2020.5,1,0,0,1,0,60,14,14,2,0,1,0,0,1,1,0,0,0,0,0,0
2020.5,1,0,0,1,0,100,0,0,0,0,0,0,0,0,0,0,0,0,0,0,0
2020.5,1,0,0,1,1,0,13,13,0,13,0,0,13,13,13,0,0,0,0,0,0
2020.5,1,0,0,1,1,5,10,10,0,10,0,0,10,10,10,0,0,0,0,0,0
2020.5,1,0,0,1,1,10,21,21,0,21,1,1,21,21,21,0,0,0,0,0,0
2020.5,1,0,0,1,1,15,24,24,0,24,1,1,24,24,24,0,0,0,0,0,0
2020.5,1,0,0,1,1,20,107,107,0,107,2,2,107,93,93,0,0,2,0,0,0
2020.5,1,0,0,1,1,25,239,239,0,239,3,2,239,221,220,0,0,8,0,0,0
2020.5,1,0,0,1,1,30,476,476,0,476,3,3,476,449,439,0,0,14,0,0,0
2020.5,1,0,0,1,1,35,606,606,0,606,4,3,606,513,492,0,0,16,0,0,0
2020.5,1,0,0,1,1,40,595,595,0,595,4,4,595,469,442,0,0,12,0,0,0
2020.5,1,0,0,1,1,45,571,571,0,571,9,3,571,248,233,0,0,3,0,0,0
2020.5,1,0,0,1,1,50,422,422,0,422,5,1,422,50,50,0,0,0,0,0,0
2020.5,1,0,0,1,1,55,237,237,0,237,2,1,237,28,28,0,0,1,0,0,0
2020.5,1,0,0,1,1,60,154,154,0,154,5,2,154,18,18,0,0,1,0,0,0
2020.5,1,0,0,1,1,100,0,0,0,0,0,0,0,0,0,0,0,0,0,0,0
2020.5,1,0,1,0,0,0,1,0,0,0,0,0,0,0,0,0,0,0,0,0,0
2020.5,1,0,1,0,0,5,1,0,0,0,0,0,0,0,0,0,0,0,0,0,0
2020.5,1,0,1,0,0,10,23,0,0,0,0,0,0,5,0,0,0,0,0,0,0
2020.5,1,0,1,0,0,15,122,0,0,0,0,0,16,20,0,0,15,0,0,0,0
2020.5,1,0,1,0,0,20,269,0,0,0,0,0,121,170,0,0,87,0,0,0,0
2020.5,1,0,1,0,0,25,427,0,0,0,0,0,212,348,0,0,160,0,0,0,0
2020.5,1,0,1,0,0,30,394,0,0,0,1,0,241,366,0,0,170,0,0,0,0
2020.5,1,0,1,0,0,35,285,0,0,0,2,0,172,253,0,0,121,0,0,0,0
2020.5,1,0,1,0,0,40,227,0,0,0,1,0,138,205,0,0,91,0,0,0,0
2020.5,1,0,1,0,0,45,139,0,0,0,0,0,47,71,0,0,24,0,0,0,0
2020.5,1,0,1,0,0,50,111,0,0,0,0,0,0,0,0,0,0,0,0,0,0
2020.5,1,0,1,0,0,55,77,0,0,0,1,0,0,0,0,0,0,0,0,0,0
2020.5,1,0,1,0,0,60,79,0,0,0,5,0,0,0,0,0,0,0,0,0,0
2020.5,1,0,1,0,0,100,0,0,0,0,0,0,0,0,0,0,0,0,0,0,0
2020.5,1,0,1,0,1,0,0,0,0,0,0,0,0,0,0,0,0,0,0,0,0
2020.5,1,0,1,0,1,5,0,0,0,0,0,0,0,0,0,0,0,0,0,0,0
2020.5,1,0,1,0,1,10,0,0,0,0,0,0,0,0,0,0,0,0,0,0,0
2020.5,1,0,1,0,1,15,0,0,0,0,0,0,0,0,0,0,0,0,0,0,0
2020.5,1,0,1,0,1,20,0,0,0,0,0,0,0,0,0,0,0,0,0,0,0
2020.5,1,0,1,0,1,25,0,0,0,0,0,0,0,0,0,0,0,0,0,0,0
2020.5,1,0,1,0,1,30,0,0,0,0,0,0,0,0,0,0,0,0,0,0,0
2020.5,1,0,1,0,1,35,0,0,0,0,0,0,0,0,0,0,0,0,0,0,0
2020.5,1,0,1,0,1,40,0,0,0,0,0,0,0,0,0,0,0,0,0,0,0
2020.5,1,0,1,0,1,45,0,0,0,0,0,0,0,0,0,0,0,0,0,0,0
2020.5,1,0,1,0,1,50,0,0,0,0,0,0,0,0,0,0,0,0,0,0,0
2020.5,1,0,1,0,1,55,0,0,0,0,0,0,0,0,0,0,0,0,0,0,0
2020.5,1,0,1,0,1,60,0,0,0,0,0,0,0,0,0,0,0,0,0,0,0
2020.5,1,0,1,0,1,100,0,0,0,0,0,0,0,0,0,0,0,0,0,0,0
2020.5,1,0,1,1,0,0,0,0,0,0,0,0,0,0,0,0,0,0,0,0,0
2020.5,1,0,1,1,0,5,0,0,0,0,0,0,0,0,0,0,0,0,0,0,0
2020.5,1,0,1,1,0,10,0,0,0,0,0,0,0,0,0,0,0,0,0,0,0
2020.5,1,0,1,1,0,15,1,1,0,0,0,0,0,0,0,1,0,0,0,0,0
2020.5,1,0,1,1,0,20,10,10,3,0,0,0,3,5,1,1,0,1,0,0,0
2020.5,1,0,1,1,0,25,13,13,2,0,0,0,3,10,7,3,0,2,0,0,0
2020.5,1,0,1,1,0,30,17,17,1,0,0,0,3,15,11,1,0,2,0,0,0
2020.5,1,0,1,1,0,35,24,24,2,0,1,1,7,21,16,4,0,2,0,0,0
2020.5,1,0,1,1,0,40,19,19,6,0,0,0,7,16,11,4,0,1,0,0,0
2020.5,1,0,1,1,0,45,13,13,1,0,0,0,1,9,7,0,0,1,0,0,0
2020.5,1,0,1,1,0,50,3,3,0,0,0,0,0,0,0,1,0,0,0,0,0
2020.5,1,0,1,1,0,55,3,3,1,0,0,0,0,0,0,0,0,0,0,0,0
2020.5,1,0,1,1,0,60,1,1,1,0,0,0,0,0,0,0,0,0,0,0,0
2020.5,1,0,1,1,0,100,0,0,0,0,0,0,0,0,0,0,0,0,0,0,0
2020.5,1,0,1,1,1,0,0,0,0,0,0,0,0,0,0,0,0,0,0,0,0
2020.5,1,0,1,1,1,5,0,0,0,0,0,0,0,0,0,0,0,0,0,0,0
2020.5,1,0,1,1,1,10,0,0,0,0,0,0,0,0,0,0,0,0,0,0,0
2020.5,1,0,1,1,1,15,1,1,0,1,0,0,1,1,1,0,0,0,0,0,0
2020.5,1,0,1,1,1,20,5,5,0,5,0,0,5,5,5,0,0,1,0,0,0
2020.5,1,0,1,1,1,25,18,18,0,18,0,0,18,18,17,0,0,0,0,0,0
2020.5,1,0,1,1,1,30,46,46,0,46,1,0,46,44,43,0,0,0,0,0,0
2020.5,1,0,1,1,1,35,69,69,0,69,0,0,69,53,53,0,0,1,0,0,0
2020.5,1,0,1,1,1,40,63,63,0,63,0,0,63,49,47,0,0,2,0,0,0
2020.5,1,0,1,1,1,45,54,54,0,54,1,1,54,18,18,0,0,2,0,0,0
2020.5,1,0,1,1,1,50,41,41,0,41,0,0,41,4,4,0,0,0,0,0,0
2020.5,1,0,1,1,1,55,28,28,0,28,0,0,28,3,3,0,0,0,0,0,0
2020.5,1,0,1,1,1,60,9,9,0,9,1,0,9,1,1,0,0,0,0,0,0
2020.5,1,0,1,1,1,100,0,0,0,0,0,0,0,0,0,0,0,0,0,0,0
2020.5,1,1,0,0,0,0,5706,0,0,0,21,0,396,1858,0,0,191,0,0,0,0
2020.5,1,1,0,0,0,5,5523,0,0,0,0,0,0,1865,0,0,0,0,0,0,0
2020.5,1,1,0,0,0,10,5142,0,0,0,1,0,83,1359,0,0,104,0,0,0,0
2020.5,1,1,0,0,0,15,4470,0,0,0,0,0,1189,1873,0,0,858,0,0,0,0
2020.5,1,1,0,0,0,20,3832,0,0,0,1,0,1880,3102,0,0,1463,0,0,0,0
2020.5,1,1,0,0,0,25,2953,0,0,0,3,0,1821,2849,0,0,1385,0,0,0,0
2020.5,1,1,0,0,0,30,2405,0,0,0,3,0,1555,2380,0,0,1248,0,0,0,0
2020.5,1,1,0,0,0,35,1616,0,0,0,1,0,1047,1605,0,0,774,0,0,0,0
2020.5,1,1,0,0,0,40,934,0,0,0,0,0,530,897,0,0,399,0,0,0,0
2020.5,1,1,0,0,0,45,664,0,0,0,1,0,124,486,0,0,86,0,0,0,0
2020.5,1,1,0,0,0,50,619,0,0,0,2,0,31,220,0,0,23,0,0,0,0
2020.5,1,1,0,0,0,55,528,0,0,0,4,0,4,58,0,0,0,0,0,0,0
2020.5,1,1,0,0,0,60,1429,0,0,0,45,0,1,4,0,0,1,0,0,0,0
2020.5,1,1,0,0,0,100,1,0,0,0,0,0,0,0,0,0,0,0,0,0,0
2020.5,1,1,0,0,1,0,0,0,0,0,0,0,0,0,0,0,0,0,0,0,0
2020.5,1,1,0,0,1,5,0,0,0,0,0,0,0,0,0,0,0,0,0,0,0
2020.5,1,1,0,0,1,10,0,0,0,0,0,0,0,0,0,0,0,0,0,0,0
2020.5,1,1,0,0,1,15,0,0,0,0,0,0,0,0,0,0,0,0,0,0,0
2020.5,1,1,0,0,1,20,0,0,0,0,0,0,0,0,0,0,0,0,0,0,0
2020.5,1,1,0,0,1,25,0,0,0,0,0,0,0,0,0,0,0,0,0,0,0
2020.5,1,1,0,0,1,30,0,0,0,0,0,0,0,0,0,0,0,0,0,0,0
2020.5,1,1,0,0,1,35,0,0,0,0,0,0,0,0,0,0,0,0,0,0,0
2020.5,1,1,0,0,1,40,0,0,0,0,0,0,0,0,0,0,0,0,0,0,0
2020.5,1,1,0,0,1,45,0,0,0,0,0,0,0,0,0,0,0,0,0,0,0
2020.5,1,1,0,0,1,50,0,0,0,0,0,0,0,0,0,0,0,0,0,0,0
2020.5,1,1,0,0,1,55,0,0,0,0,0,0,0,0,0,0,0,0,0,0,0
2020.5,1,1,0,0,1,60,0,0,0,0,0,0,0,0,0,0,0,0,0,0,0
2020.5,1,1,0,0,1,100,0,0,0,0,0,0,0,0,0,0,0,0,0,0,0
2020.5,1,1,0,1,0,0,23,23,6,0,5,5,3,3,3,6,0,0,0,0,0
2020.5,1,1,0,1,0,5,37,37,0,0,0,0,0,2,2,0,0,0,0,0,0
2020.5,1,1,0,1,0,10,102,102,8,0,5,5,3,28,25,4,0,3,0,0,0
2020.5,1,1,0,1,0,15,160,160,26,0,2,1,32,71,42,30,0,16,0,0,0
2020.5,1,1,0,1,0,20,219,219,42,0,2,2,59,171,80,44,0,19,0,0,0
2020.5,1,1,0,1,0,25,260,260,36,0,0,0,77,233,135,55,0,15,0,0,0
2020.5,1,1,0,1,0,30,258,258,35,0,3,3,65,246,170,46,0,2,0,0,0
2020.5,1,1,0,1,0,35,176,176,24,0,2,2,34,160,109,12,0,5,0,0,0
2020.5,1,1,0,1,0,40,92,92,11,0,0,0,12,87,62,10,0,2,0,0,0
2020.5,1,1,0,1,0,45,96,96,4,0,1,1,3,63,42,3,0,3,0,0,0
2020.5,1,1,0,1,0,50,60,60,2,0,2,1,4,26,19,4,0,0,0,0,0
2020.5,1,1,0,1,0,55,25,25,1,0,0,0,1,7,3,2,0,0,0,0,0
2020.5,1,1,0,1,0,60,28,28,1,0,1,1,0,1,1,2,0,0,0,0,0
2020.5,1,1,0,1,0,100,0,0,0,0,0,0,0,0,0,0,0,0,0,0,0
2020.5,1,1,0,1,1,0,13,13,0,13,1,1,13,13,13,0,0,0,0,0,0
2020.5,1,1,0,1,1,5,15,15,0,15,0,0,15,15,15,0,0,0,0,0,0
2020.5,1,1,0,1,1,10,29,29,0,29,1,1,29,29,29,0,0,0,0,0,0
2020.5,1,1,0,1,1,15,131,131,0,131,1,1,131,111,103,0,0,1,0,0,0
2020.5,1,1,0,1,1,20,469,469,0,469,3,3,469,396,350,0,0,10,0,0,0
2020.5,1,1,0,1,1,25,997,997,0,997,2,1,997,883,743,0,0,10,0,0,0
2020.5,1,1,0,1,1,30,1332,1332,0,1332,5,4,1332,1219,1057,0,0,5,0,0,0
2020.5,1,1,0,1,1,35,1483,1483,0,1483,5,3,1483,1348,1154,0,0,12,0,0,0
2020.5,1,1,0,1,1,40,1193,1193,0,1193,6,4,1193,996,823,0,0,5,0,0,0
2020.5,1,1,0,1,1,45,826,826,0,826,2,1,826,500,386,0,0,1,0,0,0
2020.5,1,1,0,1,1,50,489,489,0,489,8,4,489,198,157,0,0,2,0,0,0
2020.5,1,1,0,1,1,55,257,257,0,257,3,3,257,68,54,0,0,1,0,0,0
2020.5,1,1,0,1,1,60,208,208,0,208,5,3,208,31,30,0,0,2,0,0,0
2020.5,1,1,0,1,1,100,0,0,0,0,1,0,0,0,0,0,0,0,0,0,0
2021,1,0,0,0,0,0,5878,0,0,0,25,0,451,1959,0,0,224,0,0,0,0
2021,1,0,0,0,0,5,5460,0,0,0,0,0,0,1799,0,0,0,0,0,0,2
2021,1,0,0,0,0,10,5242,0,0,0,3,0,0,1435,0,0,0,0,0,0,3
2021,1,0,0,0,0,15,4468,0,0,0,1,0,339,507,0,0,315,0,0,0,14
2021,1,0,0,0,0,20,3871,0,0,0,4,0,1557,2113,0,0,1148,0,0,0,21
2021,1,0,0,0,0,25,3301,0,0,0,3,0,1867,2731,0,0,1405,0,0,0,11
2021,1,0,0,0,0,30,2764,0,0,0,6,0,1723,2555,0,0,1240,0,0,0,1
2021,1,0,0,0,0,35,2024,0,0,0,5,0,1244,1877,0,0,901,0,0,0,0
2021,1,0,0,0,0,40,1346,0,0,0,6,0,838,1262,0,0,577,0,0,0,0
2021,1,0,0,0,0,45,917,0,0,0,3,0,382,591,0,0,265,0,0,0,0
2021,1,0,0,0,0,50,635,0,0,0,3,0,0,0,0,0,0,0,0,0,0
2021,1,0,0,0,0,55,466,0,0,0,5,0,0,0,0,0,0,0,0,0,0
2021,1,0,0,0,0,60,747,0,0,0,28,0,0,0,0,0,0,0,0,0,0
2021,1,0,0,0,0,100,0,0,0,0,0,0,0,0,0,0,0,0,0,0,0
2021,1,0,0,0,1,0,0,0,0,0,0,0,0,0,0,0,0,0,0,0,0
2021,1,0,0,0,1,5,0,0,0,0,0,0,0,0,0,0,0,0,0,0,0
2021,1,0,0,0,1,10,0,0,0,0,0,0,0,0,0,0,0,0,0,0,0
2021,1,0,0,0,1,15,0,0,0,0,0,0,0,0,0,0,0,0,0,0,0
2021,1,0,0,0,1,20,0,0,0,0,0,0,0,0,0,0,0,0,0,0,0
2021,1,0,0,0,1,25,0,0,0,0,0,0,0,0,0,0,0,0,0,0,0
2021,1,0,0,0,1,30,0,0,0,0,0,0,0,0,0,0,0,0,0,0,0
2021,1,0,0,0,1,35,0,0,0,0,0,0,0,0,0,0,0,0,0,0,0
2021,1,0,0,0,1,40,0,0,0,0,0,0,0,0,0,0,0,0,0,0,0
2021,1,0,0,0,1,45,0,0,0,0,0,0,0,0,0,0,0,0,0,0,0
2021,1,0,0,0,1,50,0,0,0,0,0,0,0,0,0,0,0,0,0,0,0
2021,1,0,0,0,1,55,0,0,0,0,0,0,0,0,0,0,0,0,0,0,0
2021,1,0,0,0,1,60,0,0,0,0,0,0,0,0,0,0,0,0,0,0,0
2021,1,0,0,0,1,100,0,0,0,0,0,0,0,0,0,0,0,0,0,0,0
2021,1,0,0,1,0,0,29,29,5,0,4,4,6,8,8,6,0,0,0,0,0
2021,1,0,0,1,0,5,32,32,0,0,0,0,0,10,10,0,0,0,0,0,0
2021,1,0,0,1,0,10,79,79,0,0,2,2,0,17,17,2,0,0,0,0,2
2021,1,0,0,1,0,15,79,79,5,0,2,2,5,11,11,6,0,7,0,0,0
2021,1,0,0,1,0,20,113,113,23,0,1,1,27,52,34,18,0,23,0,0,0
2021,1,0,0,1,0,25,158,158,15,0,5,4,26,97,75,24,0,26,0,0,1
2021,1,0,0,1,0,30,237,237,21,0,5,5,50,194,150,36,0,32,0,0,0
2021,1,0,0,1,0,35,211,211,10,0,6,5,33,152,129,34,0,15,0,0,0
2021,1,0,0,1,0,40,183,183,16,0,5,5,40,134,108,31,0,6,0,0,0
2021,1,0,0,1,0,45,88,88,11,0,0,0,8,45,34,7,0,4,0,0,0
2021,1,0,0,1,0,50,53,53,5,0,0,0,1,8,8,2,0,3,0,0,0
2021,1,0,0,1,0,55,25,25,3,0,1,1,2,4,4,2,0,2,0,0,0
2021,1,0,0,1,0,60,18,18,1,0,2,0,1,4,4,1,0,1,0,0,0
2021,1,0,0,1,0,100,0,0,0,0,0,0,0,0,0,0,0,0,0,0,0
2021,1,0,0,1,1,0,13,13,0,13,0,0,13,13,13,0,0,0,0,0,0
2021,1,0,0,1,1,5,9,9,0,9,1,1,9,9,9,0,0,0,0,0,0
2021,1,0,0,1,1,10,19,19,0,19,0,0,19,19,19,0,0,0,0,0,0
2021,1,0,0,1,1,15,23,23,0,23,1,1,23,23,23,0,0,0,0,0,0
2021,1,0,0,1,1,20,93,93,0,93,0,0,93,82,82,0,0,4,0,0,1
2021,1,0,0,1,1,25,250,250,0,250,2,2,250,232,231,0,0,4,0,0,2
2021,1,0,0,1,1,30,464,464,0,464,4,4,464,442,435,0,0,11,0,0,0
2021,1,0,0,1,1,35,635,635,0,635,5,4,635,548,524,0,0,8,0,0,0
2021,1,0,0,1,1,40,595,595,0,595,7,5,595,480,454,0,0,7,0,0,0
2021,1,0,0,1,1,45,580,580,0,580,4,3,580,287,270,0,0,6,0,0,0
2021,1,0,0,1,1,50,443,443,0,443,7,2,443,49,49,0,0,3,0,0,0
2021,1,0,0,1,1,55,262,262,0,262,1,1,262,28,28,0,0,0,0,0,0
2021,1,0,0,1,1,60,163,163,0,163,4,0,163,21,21,0,0,2,0,0,0
2021,1,0,0,1,1,100,0,0,0,0,0,0,0,0,0,0,0,0,0,0,0
2021,1,0,1,0,0,0,1,0,0,0,0,0,0,0,0,0,0,0,0,0,0
2021,1,0,1,0,0,5,3,0,0,0,0,0,0,2,0,0,0,0,0,0,0
2021,1,0,1,0,0,10,20,0,0,0,0,0,0,6,0,0,0,0,0,0,0
2021,1,0,1,0,0,15,121,0,0,0,0,0,15,16,0,0,12,0,0,0,0
2021,1,0,1,0,0,20,267,0,0,0,0,0,116,170,0,0,89,0,0,0,0
2021,1,0,1,0,0,25,438,0,0,0,1,0,220,352,0,0,163,0,0,0,0
2021,1,0,1,0,0,30,405,0,0,0,0,0,255,378,0,0,185,0,0,0,0
2021,1,0,1,0,0,35,293,0,0,0,0,0,189,270,0,0,132,0,0,0,0
2021,1,0,1,0,0,40,228,0,0,0,0,0,134,210,0,0,111,0,0,0,0
2021,1,0,1,0,0,45,147,0,0,0,0,0,55,91,0,0,36,0,0,0,0
2021,1,0,1,0,0,50,114,0,0,0,2,0,0,0,0,0,0,0,0,0,0
2021,1,0,1,0,0,55,77,0,0,0,0,0,0,0,0,0,0,0,0,0,0
2021,1,0,1,0,0,60,82,0,0,0,3,0,0,0,0,0,0,0,0,0,0
2021,1,0,1,0,0,100,0,0,0,0,0,0,0,0,0,0,0,0,0,0,0
2021,1,0,1,0,1,0,0,0,0,0,0,0,0,0,0,0,0,0,0,0,0
2021,1,0,1,0,1,5,0,0,0,0,0,0,0,0,0,0,0,0,0,0,0
2021,1,0,1,0,1,10,0,0,0,0,0,0,0,0,0,0,0,0,0,0,0
2021,1,0,1,0,1,15,0,0,0,0,0,0,0,0,0,0,0,0,0,0,0
2021,1,0,1,0,1,20,0,0,0,0,0,0,0,0,0,0,0,0,0,0,0
2021,1,0,1,0,1,25,0,0,0,0,0,0,0,0,0,0,0,0,0,0,0
2021,1,0,1,0,1,30,0,0,0,0,0,0,0,0,0,0,0,0,0,0,0
2021,1,0,1,0,1,35,0,0,0,0,0,0,0,0,0,0,0,0,0,0,0
2021,1,0,1,0,1,40,0,0,0,0,0,0,0,0,0,0,0,0,0,0,0
2021,1,0,1,0,1,45,0,0,0,0,0,0,0,0,0,0,0,0,0,0,0
2021,1,0,1,0,1,50,0,0,0,0,0,0,0,0,0,0,0,0,0,0,0
2021,1,0,1,0,1,55,0,0,0,0,0,0,0,0,0,0,0,0,0,0,0
2021,1,0,1,0,1,60,0,0,0,0,0,0,0,0,0,0,0,0,0,0,0
2021,1,0,1,0,1,100,0,0,0,0,0,0,0,0,0,0,0,0,0,0,0
2021,1,0,1,1,0,0,0,0,0,0,0,0,0,0,0,0,0,0,0,0,0
2021,1,0,1,1,0,5,0,0,0,0,0,0,0,0,0,0,0,0,0,0,0
2021,1,0,1,1,0,10,2,2,0,0,0,0,0,1,1,0,0,0,0,0,0
2021,1,0,1,1,0,15,1,1,0,0,0,0,0,0,0,0,0,0,0,0,0
2021,1,0,1,1,0,20,10,10,1,0,0,0,1,4,2,2,0,0,0,0,0
2021,1,0,1,1,0,25,12,12,1,0,0,0,4,9,8,5,0,0,0,0,0
2021,1,0,1,1,0,30,16,16,1,0,0,0,2,15,11,1,0,3,0,0,0
2021,1,0,1,1,0,35,19,19,0,0,0,0,2,15,13,3,0,1,0,0,0
2021,1,0,1,1,0,40,16,16,0,0,0,0,5,14,12,5,0,3,0,0,0
2021,1,0,1,1,0,45,12,12,1,0,0,0,2,8,7,2,0,1,0,0,0
2021,1,0,1,1,0,50,5,5,2,0,0,0,0,0,0,0,0,0,0,0,0
2021,1,0,1,1,0,55,3,3,0,0,0,0,0,0,0,0,0,0,0,0,0
2021,1,0,1,1,0,60,1,1,0,0,0,0,0,0,0,0,0,0,0,0,0
2021,1,0,1,1,0,100,0,0,0,0,0,0,0,0,0,0,0,0,0,0,0
2021,1,0,1,1,1,0,0,0,0,0,0,0,0,0,0,0,0,0,0,0,0
2021,1,0,1,1,1,5,0,0,0,0,0,0,0,0,0,0,0,0,0,0,0
2021,1,0,1,1,1,10,0,0,0,0,0,0,0,0,0,0,0,0,0,0,0
2021,1,0,1,1,1,15,1,1,0,1,0,0,1,1,1,0,0,0,0,0,0
2021,1,0,1,1,1,20,6,6,0,6,0,0,6,6,6,0,0,0,0,0,0
2021,1,0,1,1,1,25,23,23,0,23,0,0,23,22,21,0,0,1,0,0,0
2021,1,0,1,1,1,30,41,41,0,41,0,0,41,39,38,0,0,1,0,0,0
2021,1,0,1,1,1,35,68,68,0,68,0,0,68,54,54,0,0,1,0,0,0
2021,1,0,1,1,1,40,72,72,0,72,0,0,72,58,55,0,0,2,0,0,0
2021,1,0,1,1,1,45,53,53,0,53,2,2,53,24,24,0,0,0,0,0,0
2021,1,0,1,1,1,50,43,43,0,43,0,0,43,3,3,0,0,1,0,0,0
2021,1,0,1,1,1,55,31,31,0,31,0,0,31,4,4,0,0,0,0,0,0
2021,1,0,1,1,1,60,12,12,0,12,0,0,12,1,1,0,0,0,0,0,0
2021,1,0,1,1,1,100,0,0,0,0,0,0,0,0,0,0,0,0,0,0,0
2021,1,1,0,0,0,0,5775,0,0,0,11,0,422,1852,0,0,198,0,0,0,0
2021,1,1,0,0,0,5,5549,0,0,0,3,0,0,1906,0,0,0,0,0,0,0
2021,1,1,0,0,0,10,5209,0,0,0,1,0,102,1494,0,0,109,0,0,0,0
2021,1,1,0,0,0,15,4477,0,0,0,3,0,1190,1896,0,0,867,0,0,0,0
2021,1,1,0,0,0,20,3866,0,0,0,1,0,1946,3138,0,0,1449,0,0,0,0
2021,1,1,0,0,0,25,2974,0,0,0,3,0,1828,2871,0,0,1415,0,0,0,0
2021,1,1,0,0,0,30,2464,0,0,0,1,0,1592,2441,0,0,1165,0,0,0,0
2021,1,1,0,0,0,35,1645,0,0,0,1,0,1062,1635,0,0,769,0,0,0,0
2021,1,1,0,0,0,40,986,0,0,0,0,0,584,958,0,0,419,0,0,0,0
2021,1,1,0,0,0,45,666,0,0,0,1,0,155,509,0,0,102,0,0,0,0
2021,1,1,0,0,0,50,630,0,0,0,1,0,38,244,0,0,20,0,0,0,0
2021,1,1,0,0,0,55,526,0,0,0,3,0,3,71,0,0,3,0,0,0,0
2021,1,1,0,0,0,60,1435,0,0,0,37,0,1,7,0,0,0,0,0,0,0
2021,1,1,0,0,0,100,1,0,0,0,0,0,0,0,0,0,0,0,0,0,0
2021,1,1,0,0,1,0,0,0,0,0,0,0,0,0,0,0,0,0,0,0,0
2021,1,1,0,0,1,5,0,0,0,0,0,0,0,0,0,0,0,0,0,0,0
2021,1,1,0,0,1,10,0,0,0,0,0,0,0,0,0,0,0,0,0,0,0
2021,1,1,0,0,1,15,0,0,0,0,0,0,0,0,0,0,0,0,0,0,0
2021,1,1,0,0,1,20,0,0,0,0,0,0,0,0,0,0,0,0,0,0,0
2021,1,1,0,0,1,25,0,0,0,0,0,0,0,0,0,0,0,0,0,0,0
2021,1,1,0,0,1,30,0,0,0,0,0,0,0,0,0,0,0,0,0,0,0
2021,1,1,0,0,1,35,0,0,0,0,0,0,0,0,0,0,0,0,0,0,0
2021,1,1,0,0,1,40,0,0,0,0,0,0,0,0,0,0,0,0,0,0,0
2021,1,1,0,0,1,45,0,0,0,0,0,0,0,0,0,0,0,0,0,0,0
2021,1,1,0,0,1,50,0,0,0,0,0,0,0,0,0,0,0,0,0,0,0
2021,1,1,0,0,1,55,0,0,0,0,0,0,0,0,0,0,0,0,0,0,0
2021,1,1,0,0,1,60,0,0,0,0,0,0,0,0,0,0,0,0,0,0,0
2021,1,1,0,0,1,100,0,0,0,0,0,0,0,0,0,0,0,0,0,0,0
2021,1,1,0,1,0,0,19,19,5,0,3,3,2,2,2,2,0,0,0,0,0
2021,1,1,0,1,0,5,38,38,0,0,0,0,0,2,2,0,0,0,0,0,0
2021,1,1,0,1,0,10,87,87,8,0,5,5,8,29,28,9,0,4,0,0,0
2021,1,1,0,1,0,15,157,157,33,0,3,3,27,68,37,23,0,17,0,0,0
2021,1,1,0,1,0,20,214,214,41,0,2,1,68,160,85,47,0,16,0,0,0
2021,1,1,0,1,0,25,246,246,26,0,4,4,62,222,119,43,0,10,0,0,0
2021,1,1,0,1,0,30,236,236,32,0,1,1,49,223,158,46,0,6,0,0,0
2021,1,1,0,1,0,35,162,162,18,0,0,0,26,146,99,16,0,5,0,0,0
2021,1,1,0,1,0,40,98,98,8,0,1,1,11,89,69,7,0,3,0,0,0
2021,1,1,0,1,0,45,104,104,5,0,2,1,4,71,47,5,0,5,0,0,0
2021,1,1,0,1,0,50,54,54,4,0,1,1,2,19,13,3,0,1,0,0,0
2021,1,1,0,1,0,55,29,29,1,0,0,0,2,7,5,1,0,1,0,0,0
2021,1,1,0,1,0,60,33,33,2,0,1,1,0,2,1,1,0,0,0,0,0
2021,1,1,0,1,0,100,0,0,0,0,0,0,0,0,0,0,0,0,0,0,0
2021,1,1,0,1,1,0,13,13,0,13,0,0,13,13,13,0,0,0,0,0,0
2021,1,1,0,1,1,5,17,17,0,17,0,0,17,17,17,0,0,0,0,0,0
2021,1,1,0,1,1,10,23,23,0,23,1,1,23,23,23,0,0,0,0,0,0
2021,1,1,0,1,1,15,141,141,0,141,1,1,141,118,110,0,0,1,0,0,0
2021,1,1,0,1,1,20,474,474,0,474,1,1,474,401,351,0,0,5,0,0,0
2021,1,1,0,1,1,25,967,967,0,967,1,1,967,863,734,0,0,11,0,0,0
2021,1,1,0,1,1,30,1375,1375,0,1375,2,2,1375,1267,1086,0,0,10,0,0,0
2021,1,1,0,1,1,35,1497,1497,0,1497,4,3,1497,1361,1158,0,0,9,0,0,0
2021,1,1,0,1,1,40,1244,1244,0,1244,7,4,1244,1067,882,0,0,5,0,0,0
2021,1,1,0,1,1,45,859,859,0,859,1,1,859,538,411,0,0,5,0,0,0
2021,1,1,0,1,1,50,512,512,0,512,2,0,512,234,188,0,0,0,0,0,0
2021,1,1,0,1,1,55,281,281,0,281,2,1,281,74,54,0,0,0,0,0,0
2021,1,1,0,1,1,60,222,222,0,222,3,0,222,36,36,0,0,2,0,0,0
2021,1,1,0,1,1,100,0,0,0,0,0,0,0,0,0,0,0,0,0,0,0
2021.5,1,0,0,0,0,0,5802,0,0,0,34,0,419,1915,0,0,172,0,0,0,0
2021.5,1,0,0,0,0,5,5530,0,0,0,1,0,0,1827,0,0,0,0,0,0,0
2021.5,1,0,0,0,0,10,5258,0,0,0,4,0,0,1550,0,0,0,0,0,0,2
2021.5,1,0,0,0,0,15,4520,0,0,0,3,0,309,535,0,0,275,0,0,0,16
2021.5,1,0,0,0,0,20,3885,0,0,0,2,0,1504,2116,0,0,1103,0,0,0,31
2021.5,1,0,0,0,0,25,3295,0,0,0,1,0,1856,2741,0,0,1311,0,0,0,11
2021.5,1,0,0,0,0,30,2835,0,0,0,0,0,1742,2621,0,0,1184,0,0,0,1
2021.5,1,0,0,0,0,35,2094,0,0,0,3,0,1309,1959,0,0,937,0,0,0,0
2021.5,1,0,0,0,0,40,1345,0,0,0,5,0,849,1263,0,0,614,0,0,0,0
2021.5,1,0,0,0,0,45,954,0,0,0,1,0,471,713,0,0,317,0,0,0,0
2021.5,1,0,0,0,0,50,665,0,0,0,4,0,2,2,0,0,0,0,0,0,0
2021.5,1,0,0,0,0,55,443,0,0,0,4,0,0,0,0,0,0,0,0,0,0
2021.5,1,0,0,0,0,60,779,0,0,0,26,0,0,0,0,0,0,0,0,0,0
2021.5,1,0,0,0,0,100,0,0,0,0,0,0,0,0,0,0,0,0,0,0,0
2021.5,1,0,0,0,1,0,0,0,0,0,0,0,0,0,0,0,0,0,0,0,0
2021.5,1,0,0,0,1,5,0,0,0,0,0,0,0,0,0,0,0,0,0,0,0
2021.5,1,0,0,0,1,10,0,0,0,0,0,0,0,0,0,0,0,0,0,0,0
2021.5,1,0,0,0,1,15,0,0,0,0,0,0,0,0,0,0,0,0,0,0,0
2021.5,1,0,0,0,1,20,0,0,0,0,0,0,0,0,0,0,0,0,0,0,0
2021.5,1,0,0,0,1,25,0,0,0,0,0,0,0,0,0,0,0,0,0,0,0
2021.5,1,0,0,0,1,30,0,0,0,0,0,0,0,0,0,0,0,0,0,0,0
2021.5,1,0,0,0,1,35,0,0,0,0,0,0,0,0,0,0,0,0,0,0,0
2021.5,1,0,0,0,1,40,0,0,0,0,0,0,0,0,0,0,0,0,0,0,0
2021.5,1,0,0,0,1,45,0,0,0,0,0,0,0,0,0,0,0,0,0,0,0
2021.5,1,0,0,0,1,50,0,0,0,0,0,0,0,0,0,0,0,0,0,0,0
2021.5,1,0,0,0,1,55,0,0,0,0,0,0,0,0,0,0,0,0,0,0,0
2021.5,1,0,0,0,1,60,0,0,0,0,0,0,0,0,0,0,0,0,0,0,0
2021.5,1,0,0,0,1,100,0,0,0,0,0,0,0,0,0,0,0,0,0,0,0
2021.5,1,0,0,1,0,0,29,29,5,0,2,2,5,6,6,1,0,0,0,0,0
2021.5,1,0,0,1,0,5,30,30,0,0,2,2,0,9,9,0,0,0,0,0,0
2021.5,1,0,0,1,0,10,70,70,0,0,3,3,1,14,14,1,0,1,0,0,0
2021.5,1,0,0,1,0,15,76,76,4,0,3,3,5,14,14,7,0,3,0,0,0
2021.5,1,0,0,1,0,20,96,96,10,0,2,2,22,47,30,21,0,12,0,0,0
2021.5,1,0,0,1,0,25,171,171,31,0,3,2,25,106,70,23,0,28,0,0,0
2021.5,1,0,0,1,0,30,235,235,22,0,6,6,51,192,142,33,0,37,0,0,0
2021.5,1,0,0,1,0,35,218,218,13,0,6,4,25,173,143,24,0,13,0,0,0
2021.5,1,0,0,1,0,40,190,190,12,0,3,3,31,136,109,23,0,11,0,0,0
2021.5,1,0,0,1,0,45,82,82,7,0,1,0,9,53,40,5,0,0,0,0,0
2021.5,1,0,0,1,0,50,53,53,4,0,0,0,3,7,7,6,0,3,0,0,0
2021.5,1,0,0,1,0,55,28,28,1,0,0,0,2,4,4,0,0,1,0,0,0
2021.5,1,0,0,1,0,60,16,16,3,0,1,1,0,4,4,0,0,0,0,0,0
2021.5,1,0,0,1,0,100,0,0,0,0,0,0,0,0,0,0,0,0,0,0,0
2021.5,1,0,0,1,1,0,14,14,0,14,0,0,14,14,14,0,0,0,0,0,0
2021.5,1,0,0,1,1,5,8,8,0,8,0,0,8,8,8,0,0,0,0,0,0
2021.5,1,0,0,1,1,10,17,17,0,17,0,0,17,17,17,0,0,0,0,0,0
2021.5,1,0,0,1,1,15,24,24,0,24,0,0,24,24,24,0,0,0,0,0,0
2021.5,1,0,0,1,1,20,99,99,0,99,1,0,99,91,91,0,0,3,0,0,0
2021.5,1,0,0,1,1,25,237,237,0,237,1,0,237,222,221,0,0,4,0,0,2
2021.5,1,0,0,1,1,30,454,454,0,454,2,2,454,433,427,0,0,13,0,0,0
2021.5,1,0,0,1,1,35,632,632,0,632,2,0,632,551,532,0,0,10,0,0,0
2021.5,1,0,0,1,1,40,617,617,0,617,4,3,617,506,480,0,0,17,0,0,0
2021.5,1,0,0,1,1,45,577,577,0,577,6,4,577,316,297,0,0,6,0,0,0
2021.5,1,0,0,1,1,50,461,461,0,461,4,1,461,54,54,0,0,5,0,0,0
2021.5,1,0,0,1,1,55,280,280,0,280,6,3,280,31,31,0,0,1,0,0,0
2021.5,1,0,0,1,1,60,181,181,0,181,3,1,181,24,24,0,0,0,0,0,0
2021.5,1,0,0,1,1,100,0,0,0,0,0,0,0,0,0,0,0,0,0,0,0
2021.5,1,0,1,0,0,0,0,0,0,0,0,0,0,0,0,0,0,0,0,0,0
2021.5,1,0,1,0,0,5,3,0,0,0,0,0,0,1,0,0,0,0,0,0,0
2021.5,1,0,1,0,0,10,21,0,0,0,0,0,0,6,0,0,0,0,0,0,0
2021.5,1,0,1,0,0,15,123,0,0,0,0,0,14,19,0,0,7,0,0,0,0
2021.5,1,0,1,0,0,20,283,0,0,0,0,0,113,170,0,0,94,0,0,0,0
2021.5,1,0,1,0,0,25,429,0,0,0,1,0,226,349,0,0,166,0,0,0,0
2021.5,1,0,1,0,0,30,412,0,0,0,0,0,258,382,0,0,188,0,0,0,0
2021.5,1,0,1,0,0,35,301,0,0,0,1,0,185,279,0,0,131,0,0,0,0
2021.5,1,0,1,0,0,40,239,0,0,0,0,0,146,219,0,0,124,0,0,0,0
2021.5,1,0,1,0,0,45,145,0,0,0,2,0,65,103,0,0,46,0,0,0,0
2021.5,1,0,1,0,0,50,117,0,0,0,1,0,0,0,0,0,0,0,0,0,0
2021.5,1,0,1,0,0,55,77,0,0,0,1,0,0,0,0,0,0,0,0,0,0
2021.5,1,0,1,0,0,60,84,0,0,0,4,0,0,0,0,0,0,0,0,0,0
2021.5,1,0,1,0,0,100,0,0,0,0,0,0,0,0,0,0,0,0,0,0,0
2021.5,1,0,1,0,1,0,0,0,0,0,0,0,0,0,0,0,0,0,0,0,0
2021.5,1,0,1,0,1,5,0,0,0,0,0,0,0,0,0,0,0,0,0,0,0
2021.5,1,0,1,0,1,10,0,0,0,0,0,0,0,0,0,0,0,0,0,0,0
2021.5,1,0,1,0,1,15,0,0,0,0,0,0,0,0,0,0,0,0,0,0,0
2021.5,1,0,1,0,1,20,0,0,0,0,0,0,0,0,0,0,0,0,0,0,0
2021.5,1,0,1,0,1,25,0,0,0,0,0,0,0,0,0,0,0,0,0,0,0
2021.5,1,0,1,0,1,30,0,0,0,0,0,0,0,0,0,0,0,0,0,0,0
2021.5,1,0,1,0,1,35,0,0,0,0,0,0,0,0,0,0,0,0,0,0,0
2021.5,1,0,1,0,1,40,0,0,0,0,0,0,0,0,0,0,0,0,0,0,0
2021.5,1,0,1,0,1,45,0,0,0,0,0,0,0,0,0,0,0,0,0,0,0
2021.5,1,0,1,0,1,50,0,0,0,0,0,0,0,0,0,0,0,0,0,0,0
2021.5,1,0,1,0,1,55,0,0,0,0,0,0,0,0,0,0,0,0,0,0,0
2021.5,1,0,1,0,1,60,0,0,0,0,0,0,0,0,0,0,0,0,0,0,0
2021.5,1,0,1,0,1,100,0,0,0,0,0,0,0,0,0,0,0,0,0,0,0
2021.5,1,0,1,1,0,0,0,0,0,0,0,0,0,0,0,0,0,0,0,0,0
2021.5,1,0,1,1,0,5,0,0,0,0,0,0,0,0,0,0,0,0,0,0,0
2021.5,1,0,1,1,0,10,2,2,0,0,0,0,0,1,1,0,0,0,0,0,0
2021.5,1,0,1,1,0,15,1,1,0,0,0,0,1,1,1,1,0,0,0,0,0
2021.5,1,0,1,1,0,20,7,7,1,0,1,1,1,3,1,3,0,2,0,0,0
2021.5,1,0,1,1,0,25,11,11,2,0,0,0,3,9,6,0,0,2,0,0,0
2021.5,1,0,1,1,0,30,18,18,3,0,0,0,2,16,10,3,0,4,0,0,0
2021.5,1,0,1,1,0,35,20,20,3,0,0,0,0,16,11,0,0,3,0,0,0
2021.5,1,0,1,1,0,40,19,19,2,0,0,0,6,17,14,2,0,0,0,0,0
2021.5,1,0,1,1,0,45,5,5,0,0,0,0,1,3,3,0,0,1,0,0,0
2021.5,1,0,1,1,0,50,7,7,0,0,0,0,0,1,1,0,0,0,0,0,0
2021.5,1,0,1,1,0,55,3,3,0,0,0,0,0,0,0,0,0,0,0,0,0
2021.5,1,0,1,1,0,60,2,2,2,0,0,0,0,0,0,0,0,0,0,0,0
2021.5,1,0,1,1,0,100,0,0,0,0,0,0,0,0,0,0,0,0,0,0,0
2021.5,1,0,1,1,1,0,0,0,0,0,0,0,0,0,0,0,0,0,0,0,0
2021.5,1,0,1,1,1,5,0,0,0,0,0,0,0,0,0,0,0,0,0,0,0
2021.5,1,0,1,1,1,10,0,0,0,0,0,0,0,0,0,0,0,0,0,0,0
2021.5,1,0,1,1,1,15,0,0,0,0,0,0,0,0,0,0,0,1,0,0,0
2021.5,1,0,1,1,1,20,7,7,0,7,1,1,7,7,7,0,0,0,0,0,0
2021.5,1,0,1,1,1,25,27,27,0,27,0,0,27,26,25,0,0,1,0,0,0
2021.5,1,0,1,1,1,30,34,34,0,34,0,0,34,33,32,0,0,2,0,0,0
2021.5,1,0,1,1,1,35,69,69,0,69,0,0,69,56,56,0,0,1,0,0,0
2021.5,1,0,1,1,1,40,75,75,0,75,0,0,75,60,57,0,0,1,0,0,0
2021.5,1,0,1,1,1,45,63,63,0,63,0,0,63,36,35,0,0,0,0,0,0
2021.5,1,0,1,1,1,50,38,38,0,38,1,0,38,1,1,0,0,0,0,0,0
2021.5,1,0,1,1,1,55,35,35,0,35,1,0,35,3,3,0,0,0,0,0,0
2021.5,1,0,1,1,1,60,15,15,0,15,0,0,15,2,2,0,0,0,0,0,0
2021.5,1,0,1,1,1,100,0,0,0,0,0,0,0,0,0,0,0,0,0,0,0
2021.5,1,1,0,0,0,0,5781,0,0,0,16,0,422,1852,0,0,196,0,0,0,0
2021.5,1,1,0,0,0,5,5577,0,0,0,0,0,0,1901,0,0,0,0,0,0,0
2021.5,1,1,0,0,0,10,5282,0,0,0,0,0,102,1641,0,0,102,0,0,0,0
2021.5,1,1,0,0,0,15,4503,0,0,0,0,0,1168,1952,0,0,913,0,0,0,0
2021.5,1,1,0,0,0,20,3891,0,0,0,3,0,1966,3153,0,0,1527,0,0,0,0
2021.5,1,1,0,0,0,25,2990,0,0,0,2,0,1828,2891,0,0,1413,0,0,0,0
2021.5,1,1,0,0,0,30,2501,0,0,0,0,0,1613,2480,0,0,1150,0,0,0,0
2021.5,1,1,0,0,0,35,1695,0,0,0,1,0,1082,1686,0,0,790,0,0,0,0
2021.5,1,1,0,0,0,40,1039,0,0,0,4,0,645,1020,0,0,484,0,0,0,0
2021.5,1,1,0,0,0,45,672,0,0,0,0,0,166,531,0,0,108,0,0,0,0
2021.5,1,1,0,0,0,50,609,0,0,0,2,0,43,264,0,0,30,0,0,0,0
2021.5,1,1,0,0,0,55,547,0,0,0,3,0,5,78,0,0,1,0,0,0,0
2021.5,1,1,0,0,0,60,1452,0,0,0,30,0,1,12,0,0,0,0,0,0,0
2021.5,1,1,0,0,0,100,1,0,0,0,0,0,0,0,0,0,0,0,0,0,0
2021.5,1,1,0,0,1,0,0,0,0,0,0,0,0,0,0,0,0,0,0,0,0
2021.5,1,1,0,0,1,5,0,0,0,0,0,0,0,0,0,0,0,0,0,0,0
2021.5,1,1,0,0,1,10,0,0,0,0,0,0,0,0,0,0,0,0,0,0,0
2021.5,1,1,0,0,1,15,0,0,0,0,0,0,0,0,0,0,0,0,0,0,0
2021.5,1,1,0,0,1,20,0,0,0,0,0,0,0,0,0,0,0,0,0,0,0
2021.5,1,1,0,0,1,25,0,0,0,0,0,0,0,0,0,0,0,0,0,0,0
2021.5,1,1,0,0,1,30,0,0,0,0,0,0,0,0,0,0,0,0,0,0,0
2021.5,1,1,0,0,1,35,0,0,0,0,0,0,0,0,0,0,0,0,0,0,0
2021.5,1,1,0,0,1,40,0,0,0,0,0,0,0,0,0,0,0,0,0,0,0
2021.5,1,1,0,0,1,45,0,0,0,0,0,0,0,0,0,0,0,0,0,0,0
2021.5,1,1,0,0,1,50,0,0,0,0,0,0,0,0,0,0,0,0,0,0,0
2021.5,1,1,0,0,1,55,0,0,0,0,0,0,0,0,0,0,0,0,0,0,0
2021.5,1,1,0,0,1,60,0,0,0,0,0,0,0,0,0,0,0,0,0,0,0
2021.5,1,1,0,0,1,100,0,0,0,0,0,0,0,0,0,0,0,0,0,0,0
2021.5,1,1,0,1,0,0,27,27,10,0,2,1,3,5,5,3,0,0,0,0,0
2021.5,1,1,0,1,0,5,31,31,0,0,0,0,0,2,2,0,0,0,0,0,0
2021.5,1,1,0,1,0,10,85,85,5,0,4,4,3,26,24,3,0,2,0,0,0
2021.5,1,1,0,1,0,15,155,155,30,0,4,4,19,60,34,21,0,21,0,0,0
2021.5,1,1,0,1,0,20,221,221,40,0,0,0,68,171,98,55,0,21,0,0,0
2021.5,1,1,0,1,0,25,253,253,33,0,0,0,67,228,134,51,0,7,0,0,0
2021.5,1,1,0,1,0,30,245,245,33,0,3,3,53,226,155,37,0,9,0,0,0
2021.5,1,1,0,1,0,35,169,169,25,0,2,2,30,155,99,12,0,4,0,0,0
2021.5,1,1,0,1,0,40,90,90,6,0,0,0,11,81,59,4,0,3,0,0,0
2021.5,1,1,0,1,0,45,102,102,9,0,0,0,11,71,44,10,0,2,0,0,0
2021.5,1,1,0,1,0,50,55,55,3,0,0,0,5,21,13,6,0,2,0,0,0
2021.5,1,1,0,1,0,55,33,33,1,0,1,0,2,10,6,3,0,0,0,0,0
2021.5,1,1,0,1,0,60,35,35,1,0,2,1,1,2,1,1,0,1,0,0,0
2021.5,1,1,0,1,0,100,0,0,0,0,0,0,0,0,0,0,0,0,0,0,0
2021.5,1,1,0,1,1,0,8,8,0,8,2,2,8,8,8,0,0,0,0,0,0
2021.5,1,1,0,1,1,5,16,16,0,16,0,0,16,16,16,0,0,0,0,0,0
2021.5,1,1,0,1,1,10,29,29,0,29,0,0,29,29,29,0,0,0,0,0,0
2021.5,1,1,0,1,1,15,126,126,0,126,2,2,126,104,98,0,0,2,0,0,0
2021.5,1,1,0,1,1,20,468,468,0,468,0,0,468,400,354,0,0,3,0,0,0
2021.5,1,1,0,1,1,25,932,932,0,932,2,2,932,837,713,0,0,11,0,0,0
2021.5,1,1,0,1,1,30,1369,1369,0,1369,2,1,1369,1263,1071,0,0,11,0,0,0
2021.5,1,1,0,1,1,35,1521,1521,0,1521,6,3,1521,1391,1186,0,0,6,0,0,0
2021.5,1,1,0,1,1,40,1310,1310,0,1310,6,5,1310,1136,942,0,0,8,0,0,0
2021.5,1,1,0,1,1,45,870,870,0,870,10,4,870,578,451,0,0,3,0,0,0
2021.5,1,1,0,1,1,50,552,552,0,552,3,2,552,247,190,0,0,2,0,0,0
2021.5,1,1,0,1,1,55,297,297,0,297,2,1,297,95,72,0,0,0,0,0,0
2021.5,1,1,0,1,1,60,242,242,0,242,7,2,242,40,40,0,0,2,0,0,0
2021.5,1,1,0,1,1,100,0,0,0,0,0,0,0,0,0,0,0,0,0,0,0
2022,1,0,0,0,0,0,5860,0,0,0,18,0,409,1951,0,0,207,0,0,0,0
2022,1,0,0,0,0,5,5562,0,0,0,1,0,0,1819,0,0,0,0,0,0,1
2022,1,0,0,0,0,10,5286,0,0,0,1,0,0,1660,0,0,0,0,0,0,4
2022,1,0,0,0,0,15,4564,0,0,0,4,0,319,609,0,0,314,0,0,0,18
2022,1,0,0,0,0,20,3918,0,0,0,5,0,1530,2151,0,0,1213,0,0,0,22
2022,1,0,0,0,0,25,3276,0,0,0,5,0,1817,2726,0,0,1334,0,0,0,16
2022,1,0,0,0,0,30,2853,0,0,0,4,0,1751,2642,0,0,1289,0,0,0,2
2022,1,0,0,0,0,35,2154,0,0,0,4,0,1326,2023,0,0,962,0,0,0,0
2022,1,0,0,0,0,40,1402,0,0,0,7,0,883,1326,0,0,612,0,0,0,0
2022,1,0,0,0,0,45,953,0,0,0,7,0,520,781,0,0,362,0,0,0,0
2022,1,0,0,0,0,50,683,0,0,0,2,0,7,10,0,0,2,0,0,0,0
2022,1,0,0,0,0,55,463,0,0,0,6,0,0,0,0,0,0,0,0,0,0
2022,1,0,0,0,0,60,762,0,0,0,35,0,0,0,0,0,0,0,0,0,0
2022,1,0,0,0,0,100,0,0,0,0,0,0,0,0,0,0,0,0,0,0,0
2022,1,0,0,0,1,0,0,0,0,0,0,0,0,0,0,0,0,0,0,0,0
2022,1,0,0,0,1,5,0,0,0,0,0,0,0,0,0,0,0,0,0,0,0
2022,1,0,0,0,1,10,0,0,0,0,0,0,0,0,0,0,0,0,0,0,0
2022,1,0,0,0,1,15,0,0,0,0,0,0,0,0,0,0,0,0,0,0,0
2022,1,0,0,0,1,20,0,0,0,0,0,0,0,0,0,0,0,0,0,0,0
2022,1,0,0,0,1,25,0,0,0,0,0,0,0,0,0,0,0,0,0,0,0
2022,1,0,0,0,1,30,0,0,0,0,0,0,0,0,0,0,0,0,0,0,0
2022,1,0,0,0,1,35,0,0,0,0,0,0,0,0,0,0,0,0,0,0,0
2022,1,0,0,0,1,40,0,0,0,0,0,0,0,0,0,0,0,0,0,0,0
2022,1,0,0,0,1,45,0,0,0,0,0,0,0,0,0,0,0,0,0,0,0
2022,1,0,0,0,1,50,0,0,0,0,0,0,0,0,0,0,0,0,0,0,0
2022,1,0,0,0,1,55,0,0,0,0,0,0,0,0,0,0,0,0,0,0,0
2022,1,0,0,0,1,60,0,0,0,0,0,0,0,0,0,0,0,0,0,0,0
2022,1,0,0,0,1,100,0,0,0,0,0,0,0,0,0,0,0,0,0,0,0
2022,1,0,0,1,0,0,29,29,3,0,2,2,1,6,6,2,0,0,0,0,0
2022,1,0,0,1,0,5,24,24,0,0,2,2,0,7,7,0,0,0,0,0,0
2022,1,0,0,1,0,10,64,64,0,0,2,2,0,13,13,1,0,0,0,0,0
2022,1,0,0,1,0,15,72,72,5,0,6,6,6,14,13,6,0,2,0,0,1
2022,1,0,0,1,0,20,105,105,23,0,3,3,26,54,32,16,0,11,0,0,0
2022,1,0,0,1,0,25,170,170,22,0,2,2,24,102,67,23,0,33,0,0,1
2022,1,0,0,1,0,30,240,240,25,0,3,3,47,198,146,29,0,40,0,0,0
2022,1,0,0,1,0,35,225,225,16,0,2,2,29,184,153,32,0,17,0,0,0
2022,1,0,0,1,0,40,193,193,8,0,2,2,27,145,119,23,0,9,0,0,0
2022,1,0,0,1,0,45,92,92,8,0,2,1,14,70,55,11,0,4,0,0,0
2022,1,0,0,1,0,50,50,50,4,0,1,1,1,5,5,4,0,1,0,0,0
2022,1,0,0,1,0,55,35,35,3,0,2,2,1,4,4,1,0,1,0,0,0
2022,1,0,0,1,0,60,23,23,2,0,0,0,1,6,6,1,0,0,0,0,0
2022,1,0,0,1,0,100,0,0,0,0,0,0,0,0,0,0,0,0,0,0,0
2022,1,0,0,1,1,0,14,14,0,14,0,0,14,14,14,0,0,0,0,0,0
2022,1,0,0,1,1,5,7,7,0,7,0,0,7,7,7,0,0,0,0,0,0
2022,1,0,0,1,1,10,18,18,0,18,0,0,18,18,18,0,0,0,0,0,0
2022,1,0,0,1,1,15,25,25,0,25,1,1,25,25,25,0,0,0,0,0,0
2022,1,0,0,1,1,20,95,95,0,95,0,0,95,89,89,0,0,6,0,0,2
2022,1,0,0,1,1,25,236,236,0,236,1,1,236,219,218,0,0,8,0,0,0
2022,1,0,0,1,1,30,435,435,0,435,8,7,435,418,412,0,0,12,0,0,1
2022,1,0,0,1,1,35,623,623,0,623,6,4,623,553,536,0,0,10,0,0,0
2022,1,0,0,1,1,40,602,602,0,602,0,0,602,500,480,0,0,14,0,0,0
2022,1,0,0,1,1,45,605,605,0,605,4,2,605,364,336,0,0,8,0,0,0
2022,1,0,0,1,1,50,488,488,0,488,5,5,488,68,67,0,0,5,0,0,0
2022,1,0,0,1,1,55,287,287,0,287,4,1,287,32,32,0,0,1,0,0,0
2022,1,0,0,1,1,60,194,194,0,194,5,0,194,25,25,0,0,3,0,0,0
2022,1,0,0,1,1,100,0,0,0,0,0,0,0,0,0,0,0,0,0,0,0
2022,1,0,1,0,0,0,0,0,0,0,0,0,0,0,0,0,0,0,0,0,0
2022,1,0,1,0,0,5,3,0,0,0,0,0,0,0,0,0,0,0,0,0,0
2022,1,0,1,0,0,10,24,0,0,0,0,0,0,7,0,0,0,0,0,0,0
2022,1,0,1,0,0,15,119,0,0,0,0,0,13,18,0,0,9,0,0,0,0
2022,1,0,1,0,0,20,287,0,0,0,0,0,106,161,0,0,86,0,0,0,0
2022,1,0,1,0,0,25,435,0,0,0,0,0,231,357,0,0,180,0,0,0,0
2022,1,0,1,0,0,30,422,0,0,0,1,0,259,399,0,0,172,0,0,0,0
2022,1,0,1,0,0,35,312,0,0,0,0,0,188,291,0,0,121,0,0,0,0
2022,1,0,1,0,0,40,240,0,0,0,1,0,152,219,0,0,122,0,0,0,0
2022,1,0,1,0,0,45,158,0,0,0,0,0,84,126,0,0,60,0,0,0,0
2022,1,0,1,0,0,50,118,0,0,0,1,0,2,3,0,0,1,0,0,0,0
2022,1,0,1,0,0,55,79,0,0,0,1,0,0,0,0,0,0,0,0,0,0
2022,1,0,1,0,0,60,86,0,0,0,3,0,0,0,0,0,0,0,0,0,0
2022,1,0,1,0,0,100,0,0,0,0,0,0,0,0,0,0,0,0,0,0,0
2022,1,0,1,0,1,0,0,0,0,0,0,0,0,0,0,0,0,0,0,0,0
2022,1,0,1,0,1,5,0,0,0,0,0,0,0,0,0,0,0,0,0,0,0
2022,1,0,1,0,1,10,0,0,0,0,0,0,0,0,0,0,0,0,0,0,0
2022,1,0,1,0,1,15,0,0,0,0,0,0,0,0,0,0,0,0,0,0,0
2022,1,0,1,0,1,20,0,0,0,0,0,0,0,0,0,0,0,0,0,0,0
2022,1,0,1,0,1,25,0,0,0,0,0,0,0,0,0,0,0,0,0,0,0
2022,1,0,1,0,1,30,0,0,0,0,0,0,0,0,0,0,0,0,0,0,0
2022,1,0,1,0,1,35,0,0,0,0,0,0,0,0,0,0,0,0,0,0,0
2022,1,0,1,0,1,40,0,0,0,0,0,0,0,0,0,0,0,0,0,0,0
2022,1,0,1,0,1,45,0,0,0,0,0,0,0,0,0,0,0,0,0,0,0
2022,1,0,1,0,1,50,0,0,0,0,0,0,0,0,0,0,0,0,0,0,0
2022,1,0,1,0,1,55,0,0,0,0,0,0,0,0,0,0,0,0,0,0,0
2022,1,0,1,0,1,60,0,0,0,0,0,0,0,0,0,0,0,0,0,0,0
2022,1,0,1,0,1,100,0,0,0,0,0,0,0,0,0,0,0,0,0,0,0
2022,1,0,1,1,0,0,0,0,0,0,0,0,0,0,0,0,0,0,0,0,0
2022,1,0,1,1,0,5,0,0,0,0,0,0,0,0,0,0,0,0,0,0,0
2022,1,0,1,1,0,10,2,2,0,0,0,0,0,1,1,0,0,0,0,0,0
2022,1,0,1,1,0,15,1,1,0,0,1,1,1,1,1,1,0,0,0,0,0
2022,1,0,1,1,0,20,3,3,0,0,0,0,0,1,1,1,0,0,0,0,0
2022,1,0,1,1,0,25,14,14,1,0,0,0,3,11,10,5,0,2,0,0,0
2022,1,0,1,1,0,30,19,19,3,0,0,0,4,17,9,1,0,2,0,0,0
2022,1,0,1,1,0,35,24,24,0,0,0,0,7,20,15,5,0,2,0,0,0
2022,1,0,1,1,0,40,20,20,2,0,0,0,3,17,13,3,0,1,0,0,0
2022,1,0,1,1,0,45,7,7,0,0,0,0,0,5,5,0,0,0,0,0,0
2022,1,0,1,1,0,50,3,3,0,0,1,1,0,0,0,0,0,2,0,0,0
2022,1,0,1,1,0,55,3,3,0,0,0,0,0,0,0,0,0,0,0,0,0
2022,1,0,1,1,0,60,2,2,0,0,0,0,0,0,0,0,0,0,0,0,0
2022,1,0,1,1,0,100,0,0,0,0,0,0,0,0,0,0,0,0,0,0,0
2022,1,0,1,1,1,0,0,0,0,0,0,0,0,0,0,0,0,0,0,0,0
2022,1,0,1,1,1,5,0,0,0,0,0,0,0,0,0,0,0,0,0,0,0
2022,1,0,1,1,1,10,0,0,0,0,0,0,0,0,0,0,0,0,0,0,0
2022,1,0,1,1,1,15,0,0,0,0,0,0,0,0,0,0,0,0,0,0,0
2022,1,0,1,1,1,20,7,7,0,7,0,0,7,7,7,0,0,1,0,0,0
2022,1,0,1,1,1,25,27,27,0,27,1,1,27,26,26,0,0,1,0,0,0
2022,1,0,1,1,1,30,34,34,0,34,0,0,34,33,32,0,0,1,0,0,0
2022,1,0,1,1,1,35,64,64,0,64,0,0,64,53,52,0,0,2,0,0,0
2022,1,0,1,1,1,40,77,77,0,77,0,0,77,60,58,0,0,1,0,0,0
2022,1,0,1,1,1,45,59,59,0,59,0,0,59,39,38,0,0,1,0,0,0
2022,1,0,1,1,1,50,50,50,0,50,0,0,50,4,4,0,0,0,0,0,0
2022,1,0,1,1,1,55,35,35,0,35,0,0,35,3,3,0,0,0,0,0,0
2022,1,0,1,1,1,60,15,15,0,15,1,0,15,2,2,0,0,0,0,0,0
2022,1,0,1,1,1,100,0,0,0,0,0,0,0,0,0,0,0,0,0,0,0
2022,1,1,0,0,0,0,5745,0,0,0,21,0,427,1865,0,0,213,0,0,0,0
2022,1,1,0,0,0,5,5603,0,0,0,1,0,0,1917,0,0,0,0,0,0,0
2022,1,1,0,0,0,10,5308,0,0,0,0,0,107,1725,0,0,116,0,0,0,0
2022,1,1,0,0,0,15,4593,0,0,0,2,0,1239,2054,0,0,907,0,0,0,0
2022,1,1,0,0,0,20,3901,0,0,0,2,0,1961,3148,0,0,1447,0,0,0,0
2022,1,1,0,0,0,25,3055,0,0,0,1,0,1870,2954,0,0,1384,0,0,0,0
2022,1,1,0,0,0,30,2516,0,0,0,2,0,1602,2491,0,0,1193,0,0,0,0
2022,1,1,0,0,0,35,1737,0,0,0,4,0,1130,1729,0,0,845,0,0,0,0
2022,1,1,0,0,0,40,1054,0,0,0,0,0,682,1042,0,0,490,0,0,0,0
2022,1,1,0,0,0,45,702,0,0,0,2,0,212,583,0,0,140,0,0,0,0
2022,1,1,0,0,0,50,588,0,0,0,2,0,39,275,0,0,20,0,0,0,0
2022,1,1,0,0,0,55,573,0,0,0,3,0,6,98,0,0,7,0,0,0,0
2022,1,1,0,0,0,60,1461,0,0,0,31,0,1,13,0,0,1,0,0,0,0
2022,1,1,0,0,0,100,1,0,0,0,0,0,0,0,0,0,0,0,0,0,0
2022,1,1,0,0,1,0,0,0,0,0,0,0,0,0,0,0,0,0,0,0,0
2022,1,1,0,0,1,5,0,0,0,0,0,0,0,0,0,0,0,0,0,0,0
2022,1,1,0,0,1,10,0,0,0,0,0,0,0,0,0,0,0,0,0,0,0
2022,1,1,0,0,1,15,0,0,0,0,0,0,0,0,0,0,0,0,0,0,0
2022,1,1,0,0,1,20,0,0,0,0,0,0,0,0,0,0,0,0,0,0,0
2022,1,1,0,0,1,25,0,0,0,0,0,0,0,0,0,0,0,0,0,0,0
2022,1,1,0,0,1,30,0,0,0,0,0,0,0,0,0,0,0,0,0,0,0
2022,1,1,0,0,1,35,0,0,0,0,0,0,0,0,0,0,0,0,0,0,0
2022,1,1,0,0,1,40,0,0,0,0,0,0,0,0,0,0,0,0,0,0,0
2022,1,1,0,0,1,45,0,0,0,0,0,0,0,0,0,0,0,0,0,0,0
2022,1,1,0,0,1,50,0,0,0,0,0,0,0,0,0,0,0,0,0,0,0
2022,1,1,0,0,1,55,0,0,0,0,0,0,0,0,0,0,0,0,0,0,0
2022,1,1,0,0,1,60,0,0,0,0,0,0,0,0,0,0,0,0,0,0,0
2022,1,1,0,0,1,100,0,0,0,0,0,0,0,0,0,0,0,0,0,0,0
2022,1,1,0,1,0,0,24,24,5,0,4,4,1,3,3,2,0,0,0,0,0
2022,1,1,0,1,0,5,29,29,0,0,1,1,0,2,2,0,0,0,0,0,0
2022,1,1,0,1,0,10,74,74,5,0,5,5,2,19,16,3,0,0,0,0,0
2022,1,1,0,1,0,15,149,149,26,0,4,4,23,64,41,16,0,15,0,0,0
2022,1,1,0,1,0,20,245,245,62,0,1,1,71,186,92,43,0,21,0,0,0
2022,1,1,0,1,0,25,222,222,26,0,1,1,44,199,116,35,0,17,0,0,0
2022,1,1,0,1,0,30,231,231,26,0,0,0,59,217,154,45,0,8,0,0,0
2022,1,1,0,1,0,35,175,175,28,0,0,0,36,163,104,21,0,6,0,0,0
2022,1,1,0,1,0,40,108,108,13,0,0,0,16,98,67,10,0,2,0,0,0
2022,1,1,0,1,0,45,103,103,7,0,0,0,9,73,49,10,0,4,0,0,0
2022,1,1,0,1,0,50,70,70,4,0,2,2,3,32,17,0,0,2,0,0,0
2022,1,1,0,1,0,55,31,31,1,0,1,1,3,9,6,3,0,0,0,0,0
2022,1,1,0,1,0,60,42,42,3,0,0,0,0,3,1,0,0,1,0,0,0
2022,1,1,0,1,0,100,0,0,0,0,0,0,0,0,0,0,0,0,0,0,0
2022,1,1,0,1,1,0,9,9,0,9,1,1,9,9,9,0,0,0,0,0,0
2022,1,1,0,1,1,5,15,15,0,15,0,0,15,15,15,0,0,0,0,0,0
2022,1,1,0,1,1,10,29,29,0,29,1,1,29,29,29,0,0,0,0,0,0
2022,1,1,0,1,1,15,115,115,0,115,5,5,115,91,87,0,0,2,0,0,0
2022,1,1,0,1,1,20,474,474,0,474,2,2,474,406,360,0,0,6,0,0,0
2022,1,1,0,1,1,25,932,932,0,932,2,2,932,836,714,0,0,10,0,0,0
2022,1,1,0,1,1,30,1349,1349,0,1349,6,2,1349,1251,1058,0,0,8,0,0,0
2022,1,1,0,1,1,35,1552,1552,0,1552,2,0,1552,1421,1211,0,0,9,0,0,0
2022,1,1,0,1,1,40,1355,1355,0,1355,4,1,1355,1188,980,0,0,4,0,0,0
2022,1,1,0,1,1,45,909,909,0,909,3,1,909,630,488,0,0,5,0,0,0
2022,1,1,0,1,1,50,585,585,0,585,2,0,585,272,216,0,0,0,0,0,0
2022,1,1,0,1,1,55,310,310,0,310,5,2,310,103,79,0,0,1,0,0,0
2022,1,1,0,1,1,60,252,252,0,252,5,1,252,43,43,0,0,1,0,0,0
2022,1,1,0,1,1,100,0,0,0,0,0,0,0,0,0,0,0,0,0,0,0
2022.5,1,0,0,0,0,0,5869,0,0,0,18,0,457,1970,0,0,223,0,0,0,0
2022.5,1,0,0,0,0,5,5612,0,0,0,2,0,0,1847,0,0,0,0,0,0,1
2022.5,1,0,0,0,0,10,5317,0,0,0,3,0,0,1737,0,0,0,0,0,0,6
2022.5,1,0,0,0,0,15,4642,0,0,0,4,0,362,732,0,0,319,0,0,0,12
2022.5,1,0,0,0,0,20,3925,0,0,0,3,0,1546,2130,0,0,1150,0,0,0,16
2022.5,1,0,0,0,0,25,3280,0,0,0,5,0,1817,2729,0,0,1343,0,0,0,1
2022.5,1,0,0,0,0,30,2890,0,0,0,0,0,1785,2672,0,0,1272,0,0,0,0
2022.5,1,0,0,0,0,35,2180,0,0,0,3,0,1345,2055,0,0,997,0,0,0,0
2022.5,1,0,0,0,0,40,1486,0,0,0,6,0,956,1414,0,0,668,0,0,0,0
2022.5,1,0,0,0,0,45,956,0,0,0,4,0,573,849,0,0,401,0,0,0,0
2022.5,1,0,0,0,0,50,708,0,0,0,5,0,24,35,0,0,7,0,0,0,0
2022.5,1,0,0,0,0,55,470,0,0,0,3,0,0,0,0,0,0,0,0,0,0
2022.5,1,0,0,0,0,60,774,0,0,0,29,0,0,0,0,0,0,0,0,0,0
2022.5,1,0,0,0,0,100,0,0,0,0,0,0,0,0,0,0,0,0,0,0,0
2022.5,1,0,0,0,1,0,0,0,0,0,0,0,0,0,0,0,0,0,0,0,0
2022.5,1,0,0,0,1,5,0,0,0,0,0,0,0,0,0,0,0,0,0,0,0
2022.5,1,0,0,0,1,10,0,0,0,0,0,0,0,0,0,0,0,0,0,0,0
2022.5,1,0,0,0,1,15,0,0,0,0,0,0,0,0,0,0,0,0,0,0,0
2022.5,1,0,0,0,1,20,0,0,0,0,0,0,0,0,0,0,0,0,0,0,0
2022.5,1,0,0,0,1,25,0,0,0,0,0,0,0,0,0,0,0,0,0,0,0
2022.5,1,0,0,0,1,30,0,0,0,0,0,0,0,0,0,0,0,0,0,0,0
2022.5,1,0,0,0,1,35,0,0,0,0,0,0,0,0,0,0,0,0,0,0,0
2022.5,1,0,0,0,1,40,0,0,0,0,0,0,0,0,0,0,0,0,0,0,0
2022.5,1,0,0,0,1,45,0,0,0,0,0,0,0,0,0,0,0,0,0,0,0
2022.5,1,0,0,0,1,50,0,0,0,0,0,0,0,0,0,0,0,0,0,0,0
2022.5,1,0,0,0,1,55,0,0,0,0,0,0,0,0,0,0,0,0,0,0,0
2022.5,1,0,0,0,1,60,0,0,0,0,0,0,0,0,0,0,0,0,0,0,0
2022.5,1,0,0,0,1,100,0,0,0,0,0,0,0,0,0,0,0,0,0,0,0
2022.5,1,0,0,1,0,0,33,33,9,0,3,3,5,11,11,5,0,0,0,0,0
2022.5,1,0,0,1,0,5,19,19,0,0,1,1,0,5,5,0,0,0,0,0,0
2022.5,1,0,0,1,0,10,55,55,0,0,2,2,1,11,11,1,0,0,0,0,0
2022.5,1,0,0,1,0,15,73,73,5,0,0,0,8,20,18,7,0,9,0,0,1
2022.5,1,0,0,1,0,20,108,108,21,0,3,3,14,46,26,13,0,18,0,0,0
2022.5,1,0,0,1,0,25,180,180,34,0,3,2,27,109,66,24,0,42,0,0,0
2022.5,1,0,0,1,0,30,227,227,20,0,4,4,50,195,151,47,0,35,0,0,0
2022.5,1,0,0,1,0,35,219,219,10,0,7,7,31,181,157,31,0,11,0,0,0
2022.5,1,0,0,1,0,40,195,195,16,0,2,2,31,156,127,29,0,15,0,0,0
2022.5,1,0,0,1,0,45,101,101,7,0,0,0,12,71,56,8,0,11,0,0,0
2022.5,1,0,0,1,0,50,50,50,7,0,0,0,3,8,8,4,0,0,0,0,0
2022.5,1,0,0,1,0,55,37,37,3,0,0,0,2,5,5,1,0,0,0,0,0
2022.5,1,0,0,1,0,60,25,25,3,0,0,0,1,5,5,0,0,2,0,0,0
2022.5,1,0,0,1,0,100,0,0,0,0,0,0,0,0,0,0,0,0,0,0,0
2022.5,1,0,0,1,1,0,13,13,0,13,0,0,13,13,13,0,0,0,0,0,0
2022.5,1,0,0,1,1,5,6,6,0,6,0,0,6,6,6,0,0,0,0,0,0
2022.5,1,0,0,1,1,10,18,18,0,18,0,0,18,18,18,0,0,0,0,0,0
2022.5,1,0,0,1,1,15,26,26,0,26,1,1,26,26,26,0,0,0,0,0,0
2022.5,1,0,0,1,1,20,99,99,0,99,0,0,99,93,93,0,0,2,0,0,0
2022.5,1,0,0,1,1,25,235,235,0,235,1,1,235,218,217,0,0,10,0,0,0
2022.5,1,0,0,1,1,30,429,429,0,429,2,2,429,415,410,0,0,8,0,0,0
2022.5,1,0,0,1,1,35,619,619,0,619,3,2,619,558,544,0,0,15,0,0,0
2022.5,1,0,0,1,1,40,614,614,0,614,9,5,614,511,488,0,0,11,0,0,0
2022.5,1,0,0,1,1,45,612,612,0,612,5,3,612,410,376,0,0,7,0,0,0
2022.5,1,0,0,1,1,50,507,507,0,507,9,5,507,82,81,0,0,4,0,0,0
2022.5,1,0,0,1,1,55,299,299,0,299,7,6,299,37,37,0,0,3,0,0,0
2022.5,1,0,0,1,1,60,215,215,0,215,8,0,215,26,26,0,0,3,0,0,0
2022.5,1,0,0,1,1,100,0,0,0,0,0,0,0,0,0,0,0,0,0,0,0
2022.5,1,0,1,0,0,0,0,0,0,0,0,0,0,0,0,0,0,0,0,0,0
2022.5,1,0,1,0,0,5,3,0,0,0,0,0,0,1,0,0,0,0,0,0,0
2022.5,1,0,1,0,0,10,26,0,0,0,0,0,0,7,0,0,0,0,0,0,0
2022.5,1,0,1,0,0,15,119,0,0,0,0,0,13,17,0,0,14,0,0,0,0
2022.5,1,0,1,0,0,20,275,0,0,0,0,0,114,157,0,0,98,0,0,0,0
2022.5,1,0,1,0,0,25,422,0,0,0,0,0,236,346,0,0,159,0,0,0,0
2022.5,1,0,1,0,0,30,436,0,0,0,2,0,271,413,0,0,207,0,0,0,0
2022.5,1,0,1,0,0,35,319,0,0,0,0,0,192,297,0,0,137,0,0,0,0
2022.5,1,0,1,0,0,40,250,0,0,0,0,0,157,231,0,0,96,0,0,0,0
2022.5,1,0,1,0,0,45,160,0,0,0,0,0,98,136,0,0,67,0,0,0,0
2022.5,1,0,1,0,0,50,123,0,0,0,1,0,7,10,0,0,2,0,0,0,0
2022.5,1,0,1,0,0,55,74,0,0,0,2,0,0,0,0,0,0,0,0,0,0
2022.5,1,0,1,0,0,60,97,0,0,0,3,0,0,0,0,0,0,0,0,0,0
2022.5,1,0,1,0,0,100,0,0,0,0,0,0,0,0,0,0,0,0,0,0,0
2022.5,1,0,1,0,1,0,0,0,0,0,0,0,0,0,0,0,0,0,0,0,0
2022.5,1,0,1,0,1,5,0,0,0,0,0,0,0,0,0,0,0,0,0,0,0
2022.5,1,0,1,0,1,10,0,0,0,0,0,0,0,0,0,0,0,0,0,0,0
2022.5,1,0,1,0,1,15,0,0,0,0,0,0,0,0,0,0,0,0,0,0,0
2022.5,1,0,1,0,1,20,0,0,0,0,0,0,0,0,0,0,0,0,0,0,0
2022.5,1,0,1,0,1,25,0,0,0,0,0,0,0,0,0,0,0,0,0,0,0
2022.5,1,0,1,0,1,30,0,0,0,0,0,0,0,0,0,0,0,0,0,0,0
2022.5,1,0,1,0,1,35,0,0,0,0,0,0,0,0,0,0,0,0,0,0,0
2022.5,1,0,1,0,1,40,0,0,0,0,0,0,0,0,0,0,0,0,0,0,0
2022.5,1,0,1,0,1,45,0,0,0,0,0,0,0,0,0,0,0,0,0,0,0
2022.5,1,0,1,0,1,50,0,0,0,0,0,0,0,0,0,0,0,0,0,0,0
2022.5,1,0,1,0,1,55,0,0,0,0,0,0,0,0,0,0,0,0,0,0,0
2022.5,1,0,1,0,1,60,0,0,0,0,0,0,0,0,0,0,0,0,0,0,0
2022.5,1,0,1,0,1,100,0,0,0,0,0,0,0,0,0,0,0,0,0,0,0
2022.5,1,0,1,1,0,0,0,0,0,0,0,0,0,0,0,0,0,0,0,0,0
2022.5,1,0,1,1,0,5,0,0,0,0,0,0,0,0,0,0,0,0,0,0,0
2022.5,1,0,1,1,0,10,2,2,0,0,0,0,0,1,1,0,0,0,0,0,0
2022.5,1,0,1,1,0,15,1,1,0,0,0,0,0,0,0,0,0,0,0,0,0
2022.5,1,0,1,1,0,20,6,6,4,0,1,1,2,3,1,0,0,1,0,0,0
2022.5,1,0,1,1,0,25,13,13,1,0,0,0,3,11,9,1,0,4,0,0,0
2022.5,1,0,1,1,0,30,13,13,1,0,1,1,3,12,6,4,0,5,0,0,0
2022.5,1,0,1,1,0,35,25,25,2,0,0,0,7,21,17,2,0,1,0,0,0
2022.5,1,0,1,1,0,40,19,19,1,0,1,1,3,17,12,3,0,4,0,0,0
2022.5,1,0,1,1,0,45,7,7,0,0,2,1,0,7,7,0,0,1,0,0,0
2022.5,1,0,1,1,0,50,5,5,0,0,0,0,0,0,0,0,0,1,0,0,0
2022.5,1,0,1,1,0,55,3,3,1,0,0,0,0,0,0,0,0,0,0,0,0
2022.5,1,0,1,1,0,60,1,1,0,0,0,0,0,0,0,0,0,0,0,0,0
2022.5,1,0,1,1,0,100,0,0,0,0,0,0,0,0,0,0,0,0,0,0,0
2022.5,1,0,1,1,1,0,0,0,0,0,0,0,0,0,0,0,0,0,0,0,0
2022.5,1,0,1,1,1,5,0,0,0,0,0,0,0,0,0,0,0,0,0,0,0
2022.5,1,0,1,1,1,10,0,0,0,0,0,0,0,0,0,0,0,0,0,0,0
2022.5,1,0,1,1,1,15,1,1,0,1,0,0,1,1,1,0,0,0,0,0,0
2022.5,1,0,1,1,1,20,7,7,0,7,0,0,7,7,7,0,0,0,0,0,0
2022.5,1,0,1,1,1,25,24,24,0,24,0,0,24,23,23,0,0,1,0,0,0
2022.5,1,0,1,1,1,30,36,36,0,36,0,0,36,35,34,0,0,0,0,0,0
2022.5,1,0,1,1,1,35,68,68,0,68,1,1,68,57,56,0,0,1,0,0,0
2022.5,1,0,1,1,1,40,71,71,0,71,1,0,71,54,53,0,0,1,0,0,0
2022.5,1,0,1,1,1,45,61,61,0,61,0,0,61,45,44,0,0,0,0,0,0
2022.5,1,0,1,1,1,50,49,49,0,49,0,0,49,6,6,0,0,1,0,0,0
2022.5,1,0,1,1,1,55,39,39,0,39,1,0,39,3,3,0,0,0,0,0,0
2022.5,1,0,1,1,1,60,18,18,0,18,0,0,18,1,1,0,0,0,0,0,0
2022.5,1,0,1,1,1,100,0,0,0,0,0,0,0,0,0,0,0,0,0,0,0
2022.5,1,1,0,0,0,0,5726,0,0,0,15,0,426,1865,0,0,187,0,0,0,0
2022.5,1,1,0,0,0,5,5618,0,0,0,0,0,0,1938,0,0,0,0,0,0,0
2022.5,1,1,0,0,0,10,5334,0,0,0,0,0,111,1785,0,0,109,0,0,0,0
2022.5,1,1,0,0,0,15,4669,0,0,0,2,0,1215,2149,0,0,881,0,0,0,0
2022.5,1,1,0,0,0,20,3883,0,0,0,3,0,1932,3124,0,0,1498,0,0,0,0
2022.5,1,1,0,0,0,25,3079,0,0,0,0,0,1884,2966,0,0,1446,0,0,0,0
2022.5,1,1,0,0,0,30,2559,0,0,0,0,0,1662,2538,0,0,1290,0,0,0,0
2022.5,1,1,0,0,0,35,1782,0,0,0,4,0,1146,1770,0,0,828,0,0,0,0
2022.5,1,1,0,0,0,40,1110,0,0,0,0,0,713,1101,0,0,486,0,0,0,0
2022.5,1,1,0,0,0,45,711,0,0,0,0,0,250,610,0,0,169,0,0,0,0
2022.5,1,1,0,0,0,50,581,0,0,0,2,0,48,292,0,0,41,0,0,0,0
2022.5,1,1,0,0,0,55,567,0,0,0,2,0,9,115,0,0,6,0,0,0,0
2022.5,1,1,0,0,0,60,1484,0,0,0,43,0,1,17,0,0,1,0,0,0,0
2022.5,1,1,0,0,0,100,1,0,0,0,0,0,0,0,0,0,0,0,0,0,0
2022.5,1,1,0,0,1,0,0,0,0,0,0,0,0,0,0,0,0,0,0,0,0
2022.5,1,1,0,0,1,5,0,0,0,0,0,0,0,0,0,0,0,0,0,0,0
2022.5,1,1,0,0,1,10,0,0,0,0,0,0,0,0,0,0,0,0,0,0,0
2022.5,1,1,0,0,1,15,0,0,0,0,0,0,0,0,0,0,0,0,0,0,0
2022.5,1,1,0,0,1,20,0,0,0,0,0,0,0,0,0,0,0,0,0,0,0
2022.5,1,1,0,0,1,25,0,0,0,0,0,0,0,0,0,0,0,0,0,0,0
2022.5,1,1,0,0,1,30,0,0,0,0,0,0,0,0,0,0,0,0,0,0,0
2022.5,1,1,0,0,1,35,0,0,0,0,0,0,0,0,0,0,0,0,0,0,0
2022.5,1,1,0,0,1,40,0,0,0,0,0,0,0,0,0,0,0,0,0,0,0
2022.5,1,1,0,0,1,45,0,0,0,0,0,0,0,0,0,0,0,0,0,0,0
2022.5,1,1,0,0,1,50,0,0,0,0,0,0,0,0,0,0,0,0,0,0,0
2022.5,1,1,0,0,1,55,0,0,0,0,0,0,0,0,0,0,0,0,0,0,0
2022.5,1,1,0,0,1,60,0,0,0,0,0,0,0,0,0,0,0,0,0,0,0
2022.5,1,1,0,0,1,100,0,0,0,0,0,0,0,0,0,0,0,0,0,0,0
2022.5,1,1,0,1,0,0,23,23,5,0,1,1,1,3,3,1,0,0,0,0,0
2022.5,1,1,0,1,0,5,28,28,0,0,0,0,0,2,2,0,0,0,0,0,0
2022.5,1,1,0,1,0,10,69,69,9,0,5,5,4,20,13,4,0,1,0,0,0
2022.5,1,1,0,1,0,15,135,135,35,0,5,5,25,58,30,23,0,22,0,0,0
2022.5,1,1,0,1,0,20,241,241,58,0,1,1,78,186,90,55,0,36,0,0,0
2022.5,1,1,0,1,0,25,255,255,44,0,1,1,66,236,139,37,0,12,0,0,0
2022.5,1,1,0,1,0,30,270,270,30,0,3,3,59,254,177,40,0,8,0,0,0
2022.5,1,1,0,1,0,35,164,164,20,0,2,2,33,154,104,21,0,3,0,0,0
2022.5,1,1,0,1,0,40,113,113,13,0,2,2,16,105,71,10,0,7,0,0,0
2022.5,1,1,0,1,0,45,106,106,8,0,2,2,8,76,50,8,0,6,0,0,0
2022.5,1,1,0,1,0,50,79,79,5,0,1,1,7,43,26,7,0,2,0,0,0
2022.5,1,1,0,1,0,55,39,39,1,0,1,1,2,12,9,2,0,0,0,0,0
2022.5,1,1,0,1,0,60,37,37,4,0,1,1,0,1,1,2,0,0,0,0,0
2022.5,1,1,0,1,0,100,0,0,0,0,0,0,0,0,0,0,0,0,0,0,0
2022.5,1,1,0,1,1,0,9,9,0,9,0,0,9,9,9,0,0,0,0,0,0
2022.5,1,1,0,1,1,5,16,16,0,16,0,0,16,16,16,0,0,0,0,0,0
2022.5,1,1,0,1,1,10,24,24,0,24,0,0,24,24,24,0,0,0,0,0,0
2022.5,1,1,0,1,1,15,122,122,0,122,1,1,122,97,93,0,0,0,0,0,0
2022.5,1,1,0,1,1,20,474,474,0,474,0,0,474,400,351,0,0,5,0,0,0
2022.5,1,1,0,1,1,25,893,893,0,893,3,2,893,796,685,0,0,9,0,0,0
2022.5,1,1,0,1,1,30,1341,1341,0,1341,1,1,1341,1245,1047,0,0,2,0,0,0
2022.5,1,1,0,1,1,35,1564,1564,0,1564,3,2,1564,1431,1215,0,0,4,0,0,0
2022.5,1,1,0,1,1,40,1407,1407,0,1407,5,3,1407,1240,1022,0,0,7,0,0,0
2022.5,1,1,0,1,1,45,950,950,0,950,1,0,950,691,546,0,0,4,0,0,0
2022.5,1,1,0,1,1,50,605,605,0,605,3,2,605,301,235,0,0,5,0,0,0
2022.5,1,1,0,1,1,55,332,332,0,332,0,0,332,110,85,0,0,2,0,0,0
2022.5,1,1,0,1,1,60,280,280,0,280,3,1,280,50,49,0,0,1,0,0,0
2022.5,1,1,0,1,1,100,0,0,0,0,0,0,0,0,0,0,0,0,0,0,0
2023,1,0,0,0,0,0,5889,0,0,0,29,0,466,1963,0,0,209,0,0,0,0
2023,1,0,0,0,0,5,5623,0,0,0,5,0,0,1882,0,0,0,0,0,0,0
2023,1,0,0,0,0,10,5345,0,0,0,0,0,1,1805,0,0,1,0,0,0,6
2023,1,0,0,0,0,15,4741,0,0,0,6,0,377,844,0,0,337,0,0,0,23
2023,1,0,0,0,0,20,3880,0,0,0,4,0,1557,2140,0,0,1191,0,0,0,19
2023,1,0,0,0,0,25,3316,0,0,0,4,0,1848,2738,0,0,1375,0,0,0,8
2023,1,0,0,0,0,30,2876,0,0,0,4,0,1786,2668,0,0,1325,0,0,0,0
2023,1,0,0,0,0,35,2263,0,0,0,2,0,1419,2150,0,0,1007,0,0,0,0
2023,1,0,0,0,0,40,1527,0,0,0,7,0,977,1455,0,0,691,0,0,0,0
2023,1,0,0,0,0,45,972,0,0,0,1,0,611,889,0,0,453,0,0,0,0
2023,1,0,0,0,0,50,728,0,0,0,6,0,57,90,0,0,38,0,0,0,0
2023,1,0,0,0,0,55,482,0,0,0,3,0,0,0,0,0,0,0,0,0,0
2023,1,0,0,0,0,60,775,0,0,0,30,0,0,0,0,0,0,0,0,0,0
2023,1,0,0,0,0,100,0,0,0,0,0,0,0,0,0,0,0,0,0,0,0
2023,1,0,0,0,1,0,0,0,0,0,0,0,0,0,0,0,0,0,0,0,0
2023,1,0,0,0,1,5,0,0,0,0,0,0,0,0,0,0,0,0,0,0,0
2023,1,0,0,0,1,10,0,0,0,0,0,0,0,0,0,0,0,0,0,0,0
2023,1,0,0,0,1,15,0,0,0,0,0,0,0,0,0,0,0,0,0,0,0
2023,1,0,0,0,1,20,0,0,0,0,0,0,0,0,0,0,0,0,0,0,0
2023,1,0,0,0,1,25,0,0,0,0,0,0,0,0,0,0,0,0,0,0,0
2023,1,0,0,0,1,30,0,0,0,0,0,0,0,0,0,0,0,0,0,0,0
2023,1,0,0,0,1,35,0,0,0,0,0,0,0,0,0,0,0,0,0,0,0
2023,1,0,0,0,1,40,0,0,0,0,0,0,0,0,0,0,0,0,0,0,0
2023,1,0,0,0,1,45,0,0,0,0,0,0,0,0,0,0,0,0,0,0,0
2023,1,0,0,0,1,50,0,0,0,0,0,0,0,0,0,0,0,0,0,0,0
2023,1,0,0,0,1,55,0,0,0,0,0,0,0,0,0,0,0,0,0,0,0
2023,1,0,0,0,1,60,0,0,0,0,0,0,0,0,0,0,0,0,0,0,0
2023,1,0,0,0,1,100,0,0,0,0,0,0,0,0,0,0,0,0,0,0,0
2023,1,0,0,1,0,0,28,28,4,0,5,4,1,5,5,5,0,0,0,0,0
2023,1,0,0,1,0,5,15,15,0,0,0,0,0,6,6,0,0,0,0,0,0
2023,1,0,0,1,0,10,54,54,0,0,3,3,0,10,10,1,0,0,0,0,0
2023,1,0,0,1,0,15,75,75,10,0,0,0,7,21,18,4,0,8,0,0,0
2023,1,0,0,1,0,20,102,102,19,0,2,2,19,44,21,21,0,9,0,0,2
2023,1,0,0,1,0,25,188,188,27,0,3,3,47,122,85,39,0,37,0,0,2
2023,1,0,0,1,0,30,234,234,30,0,4,4,51,201,158,36,0,24,0,0,0
2023,1,0,0,1,0,35,218,218,17,0,6,6,29,177,144,27,0,20,0,0,0
2023,1,0,0,1,0,40,196,196,17,0,6,6,34,160,126,26,0,8,0,0,0
2023,1,0,0,1,0,45,92,92,12,0,2,1,18,70,52,14,0,3,0,0,0
2023,1,0,0,1,0,50,55,55,7,0,3,2,3,12,10,3,0,2,0,0,0
2023,1,0,0,1,0,55,36,36,2,0,0,0,3,8,8,2,0,0,0,0,0
2023,1,0,0,1,0,60,26,26,3,0,1,1,0,7,7,0,0,0,0,0,0
2023,1,0,0,1,0,100,0,0,0,0,0,0,0,0,0,0,0,0,0,0,0
2023,1,0,0,1,1,0,15,15,0,15,0,0,15,15,15,0,0,0,0,0,0
2023,1,0,0,1,1,5,6,6,0,6,0,0,6,6,6,0,0,0,0,0,0
2023,1,0,0,1,1,10,16,16,0,16,1,1,16,16,16,0,0,0,0,0,0
2023,1,0,0,1,1,15,27,27,0,27,1,1,27,27,27,0,0,1,0,0,0
2023,1,0,0,1,1,20,96,96,0,96,0,0,96,92,92,0,0,4,0,0,1
2023,1,0,0,1,1,25,224,224,0,224,1,0,224,205,204,0,0,8,0,0,0
2023,1,0,0,1,1,30,426,426,0,426,1,1,426,414,409,0,0,11,0,0,0
2023,1,0,0,1,1,35,624,624,0,624,3,3,624,572,559,0,0,10,0,0,0
2023,1,0,0,1,1,40,627,627,0,627,7,4,627,530,509,0,0,7,0,0,0
2023,1,0,0,1,1,45,628,628,0,628,2,2,628,449,409,0,0,16,0,0,0
2023,1,0,0,1,1,50,528,528,0,528,2,0,528,109,107,0,0,3,0,0,0
2023,1,0,0,1,1,55,320,320,0,320,5,3,320,39,39,0,0,1,0,0,0
2023,1,0,0,1,1,60,234,234,0,234,7,0,234,27,27,0,0,7,0,0,0
2023,1,0,0,1,1,100,0,0,0,0,0,0,0,0,0,0,0,0,0,0,0
2023,1,0,1,0,0,0,0,0,0,0,0,0,0,0,0,0,0,0,0,0,0
2023,1,0,1,0,0,5,1,0,0,0,0,0,0,0,0,0,0,0,0,0,0
2023,1,0,1,0,0,10,27,0,0,0,0,0,0,8,0,0,0,0,0,0,0
2023,1,0,1,0,0,15,127,0,0,0,0,0,9,17,0,0,11,0,0,0,0
2023,1,0,1,0,0,20,279,0,0,0,0,0,114,158,0,0,77,0,0,0,0
2023,1,0,1,0,0,25,427,0,0,0,0,0,227,354,0,0,157,0,0,0,0
2023,1,0,1,0,0,30,439,0,0,0,0,0,274,416,0,0,195,0,0,0,0
2023,1,0,1,0,0,35,324,0,0,0,1,0,188,303,0,0,127,0,0,0,0
2023,1,0,1,0,0,40,252,0,0,0,0,0,149,235,0,0,98,0,0,0,0
2023,1,0,1,0,0,45,166,0,0,0,3,0,103,152,0,0,71,0,0,0,0
2023,1,0,1,0,0,50,129,0,0,0,0,0,10,16,0,0,4,0,0,0,0
2023,1,0,1,0,0,55,76,0,0,0,0,0,0,0,0,0,0,0,0,0,0
2023,1,0,1,0,0,60,97,0,0,0,1,0,0,0,0,0,0,0,0,0,0
2023,1,0,1,0,0,100,0,0,0,0,0,0,0,0,0,0,0,0,0,0,0
2023,1,0,1,0,1,0,0,0,0,0,0,0,0,0,0,0,0,0,0,0,0
2023,1,0,1,0,1,5,0,0,0,0,0,0,0,0,0,0,0,0,0,0,0
2023,1,0,1,0,1,10,0,0,0,0,0,0,0,0,0,0,0,0,0,0,0
2023,1,0,1,0,1,15,0,0,0,0,0,0,0,0,0,0,0,0,0,0,0
2023,1,0,1,0,1,20,0,0,0,0,0,0,0,0,0,0,0,0,0,0,0
2023,1,0,1,0,1,25,0,0,0,0,0,0,0,0,0,0,0,0,0,0,0
2023,1,0,1,0,1,30,0,0,0,0,0,0,0,0,0,0,0,0,0,0,0
2023,1,0,1,0,1,35,0,0,0,0,0,0,0,0,0,0,0,0,0,0,0
2023,1,0,1,0,1,40,0,0,0,0,0,0,0,0,0,0,0,0,0,0,0
2023,1,0,1,0,1,45,0,0,0,0,0,0,0,0,0,0,0,0,0,0,0
2023,1,0,1,0,1,50,0,0,0,0,0,0,0,0,0,0,0,0,0,0,0
2023,1,0,1,0,1,55,0,0,0,0,0,0,0,0,0,0,0,0,0,0,0
2023,1,0,1,0,1,60,0,0,0,0,0,0,0,0,0,0,0,0,0,0,0
2023,1,0,1,0,1,100,0,0,0,0,0,0,0,0,0,0,0,0,0,0,0
2023,1,0,1,1,0,0,0,0,0,0,0,0,0,0,0,0,0,0,0,0,0
2023,1,0,1,1,0,5,0,0,0,0,0,0,0,0,0,0,0,0,0,0,0
2023,1,0,1,1,0,10,1,1,0,0,0,0,0,0,0,0,0,0,0,0,0
2023,1,0,1,1,0,15,3,3,1,0,0,0,0,1,1,0,0,0,0,0,0
2023,1,0,1,1,0,20,8,8,2,0,0,0,2,6,3,0,0,1,0,0,0
2023,1,0,1,1,0,25,11,11,0,0,0,0,2,8,7,1,0,2,0,0,0
2023,1,0,1,1,0,30,18,18,1,0,1,1,1,16,9,1,0,2,0,0,0
2023,1,0,1,1,0,35,23,23,2,0,2,2,6,20,18,7,0,4,0,0,0
2023,1,0,1,1,0,40,19,19,0,0,1,1,5,18,14,3,0,3,0,0,0
2023,1,0,1,1,0,45,7,7,0,0,1,1,0,6,5,0,0,0,0,0,0
2023,1,0,1,1,0,50,8,8,1,0,0,0,0,2,2,0,0,0,0,0,0
2023,1,0,1,1,0,55,2,2,1,0,0,0,0,0,0,0,0,0,0,0,0
2023,1,0,1,1,0,60,1,1,0,0,0,0,0,0,0,0,0,0,0,0,0
2023,1,0,1,1,0,100,0,0,0,0,0,0,0,0,0,0,0,0,0,0,0
2023,1,0,1,1,1,0,0,0,0,0,0,0,0,0,0,0,0,0,0,0,0
2023,1,0,1,1,1,5,0,0,0,0,0,0,0,0,0,0,0,0,0,0,0
2023,1,0,1,1,1,10,0,0,0,0,0,0,0,0,0,0,0,0,0,0,0
2023,1,0,1,1,1,15,1,1,0,1,0,0,1,1,1,0,0,0,0,0,0
2023,1,0,1,1,1,20,8,8,0,8,0,0,8,8,8,0,0,1,0,0,0
2023,1,0,1,1,1,25,22,22,0,22,0,0,22,21,21,0,0,1,0,0,0
2023,1,0,1,1,1,30,34,34,0,34,1,0,34,33,32,0,0,1,0,0,0
2023,1,0,1,1,1,35,62,62,0,62,0,0,62,52,51,0,0,2,0,0,0
2023,1,0,1,1,1,40,70,70,0,70,0,0,70,54,53,0,0,1,0,0,0
2023,1,0,1,1,1,45,64,64,0,64,0,0,64,50,49,0,0,1,0,0,0
2023,1,0,1,1,1,50,49,49,0,49,1,0,49,7,7,0,0,0,0,0,0
2023,1,0,1,1,1,55,41,41,0,41,0,0,41,3,3,0,0,0,0,0,0
2023,1,0,1,1,1,60,22,22,0,22,0,0,22,1,1,0,0,0,0,0,0
2023,1,0,1,1,1,100,0,0,0,0,0,0,0,0,0,0,0,0,0,0,0
2023,1,1,0,0,0,0,5756,0,0,0,14,0,411,1861,0,0,202,0,0,0,0
2023,1,1,0,0,0,5,5616,0,0,0,1,0,0,1946,0,0,0,0,0,0,0
2023,1,1,0,0,0,10,5416,0,0,0,0,0,101,1868,0,0,113,0,0,0,0
2023,1,1,0,0,0,15,4716,0,0,0,1,0,1227,2262,0,0,917,0,0,0,0
2023,1,1,0,0,0,20,3891,0,0,0,0,0,1906,3119,0,0,1436,0,0,0,0
2023,1,1,0,0,0,25,3120,0,0,0,2,0,1900,2995,0,0,1472,0,0,0,0
2023,1,1,0,0,0,30,2590,0,0,0,2,0,1723,2571,0,0,1363,0,0,0,0
2023,1,1,0,0,0,35,1836,0,0,0,2,0,1203,1826,0,0,888,0,0,0,0
2023,1,1,0,0,0,40,1155,0,0,0,1,0,726,1145,0,0,510,0,0,0,0
2023,1,1,0,0,0,45,728,0,0,0,3,0,285,641,0,0,178,0,0,0,0
2023,1,1,0,0,0,50,574,0,0,0,1,0,61,308,0,0,43,0,0,0,0
2023,1,1,0,0,0,55,571,0,0,0,3,0,12,131,0,0,7,0,0,0,0
2023,1,1,0,0,0,60,1480,0,0,0,33,0,2,15,0,0,2,0,0,0,0
2023,1,1,0,0,0,100,1,0,0,0,0,0,0,0,0,0,0,0,0,0,0
2023,1,1,0,0,1,0,0,0,0,0,0,0,0,0,0,0,0,0,0,0,0
2023,1,1,0,0,1,5,0,0,0,0,0,0,0,0,0,0,0,0,0,0,0
2023,1,1,0,0,1,10,0,0,0,0,0,0,0,0,0,0,0,0,0,0,0
2023,1,1,0,0,1,15,0,0,0,0,0,0,0,0,0,0,0,0,0,0,0
2023,1,1,0,0,1,20,0,0,0,0,0,0,0,0,0,0,0,0,0,0,0
2023,1,1,0,0,1,25,0,0,0,0,0,0,0,0,0,0,0,0,0,0,0
2023,1,1,0,0,1,30,0,0,0,0,0,0,0,0,0,0,0,0,0,0,0
2023,1,1,0,0,1,35,0,0,0,0,0,0,0,0,0,0,0,0,0,0,0
2023,1,1,0,0,1,40,0,0,0,0,0,0,0,0,0,0,0,0,0,0,0
2023,1,1,0,0,1,45,0,0,0,0,0,0,0,0,0,0,0,0,0,0,0
2023,1,1,0,0,1,50,0,0,0,0,0,0,0,0,0,0,0,0,0,0,0
2023,1,1,0,0,1,55,0,0,0,0,0,0,0,0,0,0,0,0,0,0,0
2023,1,1,0,0,1,60,0,0,0,0,0,0,0,0,0,0,0,0,0,0,0
2023,1,1,0,0,1,100,0,0,0,0,0,0,0,0,0,0,0,0,0,0,0
2023,1,1,0,1,0,0,25,25,5,0,2,2,1,2,2,2,0,0,0,0,0
2023,1,1,0,1,0,5,27,27,0,0,1,1,0,5,5,0,0,0,0,0,0
2023,1,1,0,1,0,10,63,63,6,0,2,2,5,19,15,4,0,3,0,0,0
2023,1,1,0,1,0,15,141,141,28,0,2,2,34,68,34,24,0,27,0,0,0
2023,1,1,0,1,0,20,237,237,46,0,0,0,66,180,93,43,0,23,0,0,0
2023,1,1,0,1,0,25,240,240,37,0,1,1,67,219,129,37,0,14,0,0,0
2023,1,1,0,1,0,30,256,256,34,0,3,2,58,242,161,43,0,11,0,0,0
2023,1,1,0,1,0,35,158,158,12,0,1,1,28,152,110,13,0,7,0,0,0
2023,1,1,0,1,0,40,109,109,15,0,1,1,18,97,66,17,0,0,0,0,0
2023,1,1,0,1,0,45,94,94,7,0,2,2,12,70,46,5,0,6,0,0,0
2023,1,1,0,1,0,50,77,77,5,0,2,2,5,40,20,3,0,6,0,0,0
2023,1,1,0,1,0,55,33,33,3,0,1,1,3,11,8,3,0,1,0,0,0
2023,1,1,0,1,0,60,39,39,5,0,2,2,1,3,3,2,0,0,0,0,0
2023,1,1,0,1,0,100,0,0,0,0,0,0,0,0,0,0,0,0,0,0,0
2023,1,1,0,1,1,0,9,9,0,9,0,0,9,9,9,0,0,0,0,0,0
2023,1,1,0,1,1,5,11,11,0,11,0,0,11,11,11,0,0,0,0,0,0
2023,1,1,0,1,1,10,22,22,0,22,2,2,22,22,22,0,0,0,0,0,0
2023,1,1,0,1,1,15,124,124,0,124,1,1,124,100,96,0,0,3,0,0,0
2023,1,1,0,1,1,20,469,469,0,469,0,0,469,396,347,0,0,6,0,0,0
2023,1,1,0,1,1,25,884,884,0,884,2,1,884,796,679,0,0,7,0,0,0
2023,1,1,0,1,1,30,1363,1363,0,1363,4,4,1363,1256,1051,0,0,6,0,0,0
2023,1,1,0,1,1,35,1585,1585,0,1585,2,0,1585,1448,1218,0,0,13,0,0,0
2023,1,1,0,1,1,40,1445,1445,0,1445,5,3,1445,1294,1070,0,0,5,0,0,0
2023,1,1,0,1,1,45,996,996,0,996,6,4,996,751,596,0,0,10,0,0,0
2023,1,1,0,1,1,50,669,669,0,669,3,1,669,345,267,0,0,3,0,0,0
2023,1,1,0,1,1,55,343,343,0,343,2,2,343,116,93,0,0,1,0,0,0
2023,1,1,0,1,1,60,304,304,0,304,8,0,304,62,57,0,0,0,0,0,0
2023,1,1,0,1,1,100,0,0,0,0,0,0,0,0,0,0,0,0,0,0,0
2023.5,1,0,0,0,0,0,5833,0,0,0,23,0,434,1941,0,0,200,0,0,0,0
2023.5,1,0,0,0,0,5,5695,0,0,0,1,0,0,1912,0,0,0,0,0,0,0
2023.5,1,0,0,0,0,10,5369,0,0,0,2,0,0,1853,0,0,0,0,0,0,7
2023.5,1,0,0,0,0,15,4822,0,0,0,4,0,396,994,0,0,374,0,0,0,14
2023.5,1,0,0,0,0,20,3929,0,0,0,4,0,1532,2158,0,0,1214,0,0,0,19
2023.5,1,0,0,0,0,25,3319,0,0,0,1,0,1861,2751,0,0,1416,0,0,0,9
2023.5,1,0,0,0,0,30,2868,0,0,0,4,0,1807,2675,0,0,1311,0,0,0,4
2023.5,1,0,0,0,0,35,2306,0,0,0,4,0,1476,2205,0,0,1053,0,0,0,0
2023.5,1,0,0,0,0,40,1575,0,0,0,3,0,1002,1511,0,0,722,0,0,0,0
2023.5,1,0,0,0,0,45,1014,0,0,0,1,0,636,948,0,0,443,0,0,0,0
2023.5,1,0,0,0,0,50,728,0,0,0,5,0,110,152,0,0,57,0,0,0,0
2023.5,1,0,0,0,0,55,495,0,0,0,6,0,0,0,0,0,0,0,0,0,0
2023.5,1,0,0,0,0,60,795,0,0,0,26,0,0,0,0,0,0,0,0,0,0
2023.5,1,0,0,0,0,100,0,0,0,0,0,0,0,0,0,0,0,0,0,0,0
2023.5,1,0,0,0,1,0,0,0,0,0,0,0,0,0,0,0,0,0,0,0,0
2023.5,1,0,0,0,1,5,0,0,0,0,0,0,0,0,0,0,0,0,0,0,0
2023.5,1,0,0,0,1,10,0,0,0,0,0,0,0,0,0,0,0,0,0,0,0
2023.5,1,0,0,0,1,15,0,0,0,0,0,0,0,0,0,0,0,0,0,0,0
2023.5,1,0,0,0,1,20,0,0,0,0,0,0,0,0,0,0,0,0,0,0,0
2023.5,1,0,0,0,1,25,0,0,0,0,0,0,0,0,0,0,0,0,0,0,0
2023.5,1,0,0,0,1,30,0,0,0,0,0,0,0,0,0,0,0,0,0,0,0
2023.5,1,0,0,0,1,35,0,0,0,0,0,0,0,0,0,0,0,0,0,0,0
2023.5,1,0,0,0,1,40,0,0,0,0,0,0,0,0,0,0,0,0,0,0,0
2023.5,1,0,0,0,1,45,0,0,0,0,0,0,0,0,0,0,0,0,0,0,0
2023.5,1,0,0,0,1,50,0,0,0,0,0,0,0,0,0,0,0,0,0,0,0
2023.5,1,0,0,0,1,55,0,0,0,0,0,0,0,0,0,0,0,0,0,0,0
2023.5,1,0,0,0,1,60,0,0,0,0,0,0,0,0,0,0,0,0,0,0,0
2023.5,1,0,0,0,1,100,0,0,0,0,0,0,0,0,0,0,0,0,0,0,0
2023.5,1,0,0,1,0,0,35,35,12,0,5,4,8,13,13,8,0,0,0,0,0
2023.5,1,0,0,1,0,5,15,15,0,0,1,1,0,5,5,0,0,0,0,0,0
2023.5,1,0,0,1,0,10,44,44,0,0,1,1,1,11,11,2,0,0,0,0,0
2023.5,1,0,0,1,0,15,79,79,9,0,2,2,3,17,15,2,0,6,0,0,0
2023.5,1,0,0,1,0,20,98,98,19,0,2,2,21,43,22,20,0,23,0,0,0
2023.5,1,0,0,1,0,25,167,167,20,0,1,1,37,111,69,29,0,18,0,0,1
2023.5,1,0,0,1,0,30,233,233,29,0,2,2,47,197,153,37,0,27,0,0,0
2023.5,1,0,0,1,0,35,223,223,13,0,2,2,29,186,148,27,0,13,0,0,0
2023.5,1,0,0,1,0,40,202,202,19,0,5,4,34,166,129,27,0,19,0,0,0
2023.5,1,0,0,1,0,45,89,89,3,0,1,1,10,70,55,7,0,5,0,0,0
2023.5,1,0,0,1,0,50,57,57,6,0,0,0,6,16,12,4,0,3,0,0,0
2023.5,1,0,0,1,0,55,43,43,2,0,2,2,3,7,7,3,0,0,0,0,0
2023.5,1,0,0,1,0,60,29,29,3,0,0,0,0,7,7,0,0,4,0,0,0
2023.5,1,0,0,1,0,100,0,0,0,0,0,0,0,0,0,0,0,0,0,0,0
2023.5,1,0,0,1,1,0,14,14,0,14,0,0,14,14,14,0,0,0,0,0,0
2023.5,1,0,0,1,1,5,6,6,0,6,0,0,6,6,6,0,0,0,0,0,0
2023.5,1,0,0,1,1,10,15,15,0,15,0,0,15,15,15,0,0,0,0,0,0
2023.5,1,0,0,1,1,15,28,28,0,28,0,0,28,28,28,0,0,0,0,0,0
2023.5,1,0,0,1,1,20,99,99,0,99,1,1,99,95,95,0,0,5,0,0,1
2023.5,1,0,0,1,1,25,231,231,0,231,1,0,231,215,214,0,0,8,0,0,0
2023.5,1,0,0,1,1,30,426,426,0,426,1,1,426,414,411,0,0,13,0,0,0
2023.5,1,0,0,1,1,35,630,630,0,630,6,5,630,585,572,0,0,13,0,0,0
2023.5,1,0,0,1,1,40,620,620,0,620,4,2,620,529,508,0,0,5,0,0,0
2023.5,1,0,0,1,1,45,637,637,0,637,6,5,637,474,434,0,0,9,0,0,0
2023.5,1,0,0,1,1,50,555,555,0,555,7,4,555,148,143,0,0,3,0,0,0
2023.5,1,0,0,1,1,55,330,330,0,330,5,2,330,42,42,0,0,2,0,0,0
2023.5,1,0,0,1,1,60,257,257,0,257,11,3,257,28,28,0,0,4,0,0,0
2023.5,1,0,0,1,1,100,0,0,0,0,0,0,0,0,0,0,0,0,0,0,0
2023.5,1,0,1,0,0,0,0,0,0,0,0,0,0,0,0,0,0,0,0,0,0
2023.5,1,0,1,0,0,5,1,0,0,0,0,0,0,0,0,0,0,0,0,0,0
2023.5,1,0,1,0,0,10,30,0,0,0,0,0,0,9,0,0,0,0,0,0,0
2023.5,1,0,1,0,0,15,121,0,0,0,0,0,9,17,0,0,11,0,0,0,0
2023.5,1,0,1,0,0,20,278,0,0,0,1,0,102,152,0,0,78,0,0,0,0
2023.5,1,0,1,0,0,25,436,0,0,0,0,0,245,366,0,0,191,0,0,0,0
2023.5,1,0,1,0,0,30,431,0,0,0,1,0,267,411,0,0,182,0,0,0,0
2023.5,1,0,1,0,0,35,346,0,0,0,0,0,213,326,0,0,148,0,0,0,0
2023.5,1,0,1,0,0,40,253,0,0,0,1,0,153,239,0,0,112,0,0,0,0
2023.5,1,0,1,0,0,45,167,0,0,0,0,0,105,154,0,0,67,0,0,0,0
2023.5,1,0,1,0,0,50,129,0,0,0,0,0,17,26,0,0,12,0,0,0,0
2023.5,1,0,1,0,0,55,82,0,0,0,1,0,0,0,0,0,0,0,0,0,0
2023.5,1,0,1,0,0,60,102,0,0,0,3,0,0,0,0,0,0,0,0,0,0
2023.5,1,0,1,0,0,100,0,0,0,0,0,0,0,0,0,0,0,0,0,0,0
2023.5,1,0,1,0,1,0,0,0,0,0,0,0,0,0,0,0,0,0,0,0,0
2023.5,1,0,1,0,1,5,0,0,0,0,0,0,0,0,0,0,0,0,0,0,0
2023.5,1,0,1,0,1,10,0,0,0,0,0,0,0,0,0,0,0,0,0,0,0
2023.5,1,0,1,0,1,15,0,0,0,0,0,0,0,0,0,0,0,0,0,0,0
2023.5,1,0,1,0,1,20,0,0,0,0,0,0,0,0,0,0,0,0,0,0,0
2023.5,1,0,1,0,1,25,0,0,0,0,0,0,0,0,0,0,0,0,0,0,0
2023.5,1,0,1,0,1,30,0,0,0,0,0,0,0,0,0,0,0,0,0,0,0
2023.5,1,0,1,0,1,35,0,0,0,0,0,0,0,0,0,0,0,0,0,0,0
2023.5,1,0,1,0,1,40,0,0,0,0,0,0,0,0,0,0,0,0,0,0,0
2023.5,1,0,1,0,1,45,0,0,0,0,0,0,0,0,0,0,0,0,0,0,0
2023.5,1,0,1,0,1,50,0,0,0,0,0,0,0,0,0,0,0,0,0,0,0
2023.5,1,0,1,0,1,55,0,0,0,0,0,0,0,0,0,0,0,0,0,0,0
2023.5,1,0,1,0,1,60,0,0,0,0,0,0,0,0,0,0,0,0,0,0,0
2023.5,1,0,1,0,1,100,0,0,0,0,0,0,0,0,0,0,0,0,0,0,0
2023.5,1,0,1,1,0,0,0,0,0,0,0,0,0,0,0,0,0,0,0,0,0
2023.5,1,0,1,1,0,5,0,0,0,0,0,0,0,0,0,0,0,0,0,0,0
2023.5,1,0,1,1,0,10,1,1,0,0,0,0,0,0,0,0,0,0,0,0,0
2023.5,1,0,1,1,0,15,3,3,1,0,0,0,0,1,1,0,0,0,0,0,0
2023.5,1,0,1,1,0,20,10,10,2,0,0,0,2,6,3,1,0,1,0,0,0
2023.5,1,0,1,1,0,25,14,14,3,0,0,0,3,10,7,1,0,1,0,0,0
2023.5,1,0,1,1,0,30,16,16,2,0,3,2,3,14,9,5,0,6,0,0,0
2023.5,1,0,1,1,0,35,19,19,2,0,0,0,6,18,15,2,0,0,0,0,0
2023.5,1,0,1,1,0,40,22,22,4,0,0,0,7,21,17,5,0,4,0,0,0
2023.5,1,0,1,1,0,45,5,5,0,0,0,0,0,4,4,1,0,1,0,0,0
2023.5,1,0,1,1,0,50,6,6,1,0,0,0,0,2,1,0,0,0,0,0,0
2023.5,1,0,1,1,0,55,6,6,0,0,0,0,0,1,1,0,0,0,0,0,0
2023.5,1,0,1,1,0,60,1,1,0,0,0,0,0,0,0,0,0,0,0,0,0
2023.5,1,0,1,1,0,100,0,0,0,0,0,0,0,0,0,0,0,0,0,0,0
2023.5,1,0,1,1,1,0,0,0,0,0,0,0,0,0,0,0,0,0,0,0,0
2023.5,1,0,1,1,1,5,0,0,0,0,0,0,0,0,0,0,0,0,0,0,0
2023.5,1,0,1,1,1,10,0,0,0,0,0,0,0,0,0,0,0,0,0,0,0
2023.5,1,0,1,1,1,15,1,1,0,1,0,0,1,1,1,0,0,0,0,0,0
2023.5,1,0,1,1,1,20,9,9,0,9,1,1,9,9,9,0,0,0,0,0,0
2023.5,1,0,1,1,1,25,17,17,0,17,0,0,17,16,16,0,0,0,0,0,0
2023.5,1,0,1,1,1,30,38,38,0,38,0,0,38,38,37,0,0,0,0,0,0
2023.5,1,0,1,1,1,35,62,62,0,62,1,1,62,51,50,0,0,3,0,0,0
2023.5,1,0,1,1,1,40,71,71,0,71,0,0,71,59,57,0,0,3,0,0,0
2023.5,1,0,1,1,1,45,72,72,0,72,0,0,72,56,55,0,0,2,0,0,0
2023.5,1,0,1,1,1,50,49,49,0,49,0,0,49,8,8,0,0,1,0,0,0
2023.5,1,0,1,1,1,55,40,40,0,40,1,0,40,3,3,0,0,0,0,0,0
2023.5,1,0,1,1,1,60,24,24,0,24,0,0,24,1,1,0,0,1,0,0,0
2023.5,1,0,1,1,1,100,0,0,0,0,0,0,0,0,0,0,0,0,0,0,0
2023.5,1,1,0,0,0,0,5810,0,0,0,17,0,406,1857,0,0,178,0,0,0,0
2023.5,1,1,0,0,0,5,5614,0,0,0,1,0,0,1932,0,0,0,0,0,0,0
2023.5,1,1,0,0,0,10,5449,0,0,0,0,0,100,1920,0,0,106,0,0,0,0
2023.5,1,1,0,0,0,15,4718,0,0,0,1,0,1247,2352,0,0,1027,0,0,0,0
2023.5,1,1,0,0,0,20,3975,0,0,0,0,0,1940,3186,0,0,1497,0,0,0,0
2023.5,1,1,0,0,0,25,3154,0,0,0,3,0,1936,3024,0,0,1464,0,0,0,0
2023.5,1,1,0,0,0,30,2586,0,0,0,1,0,1722,2566,0,0,1262,0,0,0,0
2023.5,1,1,0,0,0,35,1901,0,0,0,3,0,1239,1890,0,0,927,0,0,0,0
2023.5,1,1,0,0,0,40,1188,0,0,0,0,0,751,1183,0,0,536,0,0,0,0
2023.5,1,1,0,0,0,45,769,0,0,0,1,0,325,690,0,0,259,0,0,0,0
2023.5,1,1,0,0,0,50,576,0,0,0,3,0,71,334,0,0,44,0,0,0,0
2023.5,1,1,0,0,0,55,553,0,0,0,3,0,10,136,0,0,14,0,0,0,0
2023.5,1,1,0,0,0,60,1493,0,0,0,34,0,2,22,0,0,3,0,0,0,0
2023.5,1,1,0,0,0,100,1,0,0,0,0,0,0,0,0,0,0,0,0,0,0
2023.5,1,1,0,0,1,0,0,0,0,0,0,0,0,0,0,0,0,0,0,0,0
2023.5,1,1,0,0,1,5,0,0,0,0,0,0,0,0,0,0,0,0,0,0,0
2023.5,1,1,0,0,1,10,0,0,0,0,0,0,0,0,0,0,0,0,0,0,0
2023.5,1,1,0,0,1,15,0,0,0,0,0,0,0,0,0,0,0,0,0,0,0
2023.5,1,1,0,0,1,20,0,0,0,0,0,0,0,0,0,0,0,0,0,0,0
2023.5,1,1,0,0,1,25,0,0,0,0,0,0,0,0,0,0,0,0,0,0,0
2023.5,1,1,0,0,1,30,0,0,0,0,0,0,0,0,0,0,0,0,0,0,0
2023.5,1,1,0,0,1,35,0,0,0,0,0,0,0,0,0,0,0,0,0,0,0
2023.5,1,1,0,0,1,40,0,0,0,0,0,0,0,0,0,0,0,0,0,0,0
2023.5,1,1,0,0,1,45,0,0,0,0,0,0,0,0,0,0,0,0,0,0,0
2023.5,1,1,0,0,1,50,0,0,0,0,0,0,0,0,0,0,0,0,0,0,0
2023.5,1,1,0,0,1,55,0,0,0,0,0,0,0,0,0,0,0,0,0,0,0
2023.5,1,1,0,0,1,60,0,0,0,0,0,0,0,0,0,0,0,0,0,0,0
2023.5,1,1,0,0,1,100,0,0,0,0,0,0,0,0,0,0,0,0,0,0,0
2023.5,1,1,0,1,0,0,27,27,4,0,2,2,1,2,2,1,0,0,0,0,0
2023.5,1,1,0,1,0,5,23,23,0,0,0,0,2,5,5,2,0,0,0,0,0
2023.5,1,1,0,1,0,10,57,57,7,0,1,1,3,15,15,6,0,3,0,0,0
2023.5,1,1,0,1,0,15,123,123,33,0,2,2,33,64,28,27,0,18,0,0,0
2023.5,1,1,0,1,0,20,223,223,35,0,1,1,53,167,88,47,0,29,0,0,0
2023.5,1,1,0,1,0,25,239,239,38,0,2,2,76,222,129,48,0,10,0,0,0
2023.5,1,1,0,1,0,30,258,258,32,0,3,3,53,242,163,40,0,11,0,0,0
2023.5,1,1,0,1,0,35,155,155,26,0,0,0,27,150,99,12,0,5,0,0,0
2023.5,1,1,0,1,0,40,122,122,10,0,2,1,11,111,78,8,0,4,0,0,0
2023.5,1,1,0,1,0,45,104,104,7,0,4,3,12,77,49,8,0,3,0,0,0
2023.5,1,1,0,1,0,50,80,80,4,0,5,5,6,45,25,7,0,2,0,0,0
2023.5,1,1,0,1,0,55,43,43,4,0,0,0,5,16,11,4,0,1,0,0,0
2023.5,1,1,0,1,0,60,48,48,7,0,2,0,0,6,6,1,0,0,0,0,0
2023.5,1,1,0,1,0,100,0,0,0,0,0,0,0,0,0,0,0,0,0,0,0
2023.5,1,1,0,1,1,0,10,10,0,10,0,0,10,10,10,0,0,0,0,0,0
2023.5,1,1,0,1,1,5,9,9,0,9,0,0,9,9,9,0,0,0,0,0,0
2023.5,1,1,0,1,1,10,24,24,0,24,1,1,24,24,24,0,0,0,0,0,0
2023.5,1,1,0,1,1,15,133,133,0,133,1,1,133,107,101,0,0,2,0,0,0
2023.5,1,1,0,1,1,20,462,462,0,462,3,3,462,400,354,0,0,3,0,0,0
2023.5,1,1,0,1,1,25,900,900,0,900,3,2,900,807,686,0,0,6,0,0,0
2023.5,1,1,0,1,1,30,1346,1346,0,1346,3,3,1346,1232,1026,0,0,9,0,0,0
2023.5,1,1,0,1,1,35,1608,1608,0,1608,2,2,1608,1482,1245,0,0,10,0,0,0
2023.5,1,1,0,1,1,40,1480,1480,0,1480,5,3,1480,1327,1097,0,0,11,0,0,0
2023.5,1,1,0,1,1,45,1034,1034,0,1034,2,1,1034,810,644,0,0,7,0,0,0
2023.5,1,1,0,1,1,50,687,687,0,687,6,4,687,363,285,0,0,3,0,0,0
2023.5,1,1,0,1,1,55,362,362,0,362,6,3,362,129,102,0,0,0,0,0,0
2023.5,1,1,0,1,1,60,320,320,0,320,3,0,320,67,61,0,0,1,0,0,0
2023.5,1,1,0,1,1,100,0,0,0,0,0,0,0,0,0,0,0,0,0,0,0
2024,1,0,0,0,0,0,5827,0,0,0,29,0,436,1938,0,0,210,0,0,0,0
2024,1,0,0,0,0,5,5728,0,0,0,4,0,0,1924,0,0,0,0,0,0,0
2024,1,0,0,0,0,10,5411,0,0,0,1,0,1,1870,0,0,1,0,0,0,3
2024,1,0,0,0,0,15,4890,0,0,0,0,0,390,1171,0,0,330,0,0,0,17
2024,1,0,0,0,0,20,3931,0,0,0,2,0,1581,2175,0,0,1246,0,0,0,25
2024,1,0,0,0,0,25,3323,0,0,0,2,0,1838,2737,0,0,1325,0,0,0,11
2024,1,0,0,0,0,30,2922,0,0,0,4,0,1835,2725,0,0,1302,0,0,0,3
2024,1,0,0,0,0,35,2345,0,0,0,4,0,1510,2266,0,0,1054,0,0,0,0
2024,1,0,0,0,0,40,1601,0,0,0,8,0,1022,1537,0,0,721,0,0,0,0
2024,1,0,0,0,0,45,1048,0,0,0,2,0,662,996,0,0,490,0,0,0,0
2024,1,0,0,0,0,50,755,0,0,0,13,0,158,222,0,0,95,0,0,0,0
2024,1,0,0,0,0,55,499,0,0,0,2,0,0,0,0,0,0,0,0,0,0
2024,1,0,0,0,0,60,806,0,0,0,26,0,0,0,0,0,0,0,0,0,0
2024,1,0,0,0,0,100,0,0,0,0,0,0,0,0,0,0,0,0,0,0,0
2024,1,0,0,0,1,0,0,0,0,0,0,0,0,0,0,0,0,0,0,0,0
2024,1,0,0,0,1,5,0,0,0,0,0,0,0,0,0,0,0,0,0,0,0
2024,1,0,0,0,1,10,0,0,0,0,0,0,0,0,0,0,0,0,0,0,0
2024,1,0,0,0,1,15,0,0,0,0,0,0,0,0,0,0,0,0,0,0,0
2024,1,0,0,0,1,20,0,0,0,0,0,0,0,0,0,0,0,0,0,0,0
2024,1,0,0,0,1,25,0,0,0,0,0,0,0,0,0,0,0,0,0,0,0
2024,1,0,0,0,1,30,0,0,0,0,0,0,0,0,0,0,0,0,0,0,0
2024,1,0,0,0,1,35,0,0,0,0,0,0,0,0,0,0,0,0,0,0,0
2024,1,0,0,0,1,40,0,0,0,0,0,0,0,0,0,0,0,0,0,0,0
2024,1,0,0,0,1,45,0,0,0,0,0,0,0,0,0,0,0,0,0,0,0
2024,1,0,0,0,1,50,0,0,0,0,0,0,0,0,0,0,0,0,0,0,0
2024,1,0,0,0,1,55,0,0,0,0,0,0,0,0,0,0,0,0,0,0,0
2024,1,0,0,0,1,60,0,0,0,0,0,0,0,0,0,0,0,0,0,0,0
2024,1,0,0,0,1,100,0,0,0,0,0,0,0,0,0,0,0,0,0,0,0
2024,1,0,0,1,0,0,27,27,5,0,5,4,2,6,6,3,0,0,0,0,0
2024,1,0,0,1,0,5,15,15,0,0,0,0,0,6,6,0,0,0,0,0,0
2024,1,0,0,1,0,10,38,38,0,0,1,1,1,9,9,0,0,0,0,0,0
2024,1,0,0,1,0,15,83,83,9,0,0,0,7,22,19,7,0,7,0,0,0
2024,1,0,0,1,0,20,91,91,10,0,2,2,14,38,26,23,0,15,0,0,1
2024,1,0,0,1,0,25,158,158,31,0,0,0,41,106,66,27,0,30,0,0,0
2024,1,0,0,1,0,30,228,228,21,0,3,3,44,188,147,39,0,29,0,0,0
2024,1,0,0,1,0,35,239,239,13,0,5,5,32,205,162,30,0,15,0,0,0
2024,1,0,0,1,0,40,199,199,22,0,10,10,30,167,128,29,0,15,0,0,0
2024,1,0,0,1,0,45,85,85,10,0,1,1,17,69,49,9,0,2,0,0,0
2024,1,0,0,1,0,50,64,64,5,0,2,2,5,18,13,3,0,8,0,0,0
2024,1,0,0,1,0,55,38,38,3,0,1,1,1,3,3,3,0,2,0,0,0
2024,1,0,0,1,0,60,26,26,3,0,2,1,2,7,7,3,0,1,0,0,0
2024,1,0,0,1,0,100,0,0,0,0,0,0,0,0,0,0,0,0,0,0,0
2024,1,0,0,1,1,0,15,15,0,15,2,2,15,15,15,0,0,0,0,0,0
2024,1,0,0,1,1,5,7,7,0,7,0,0,7,7,7,0,0,0,0,0,0
2024,1,0,0,1,1,10,14,14,0,14,0,0,14,14,14,0,0,0,0,0,0
2024,1,0,0,1,1,15,26,26,0,26,0,0,26,26,26,0,0,1,0,0,0
2024,1,0,0,1,1,20,101,101,0,101,2,2,101,99,99,0,0,0,0,0,1
2024,1,0,0,1,1,25,236,236,0,236,5,5,236,221,220,0,0,7,0,0,1
2024,1,0,0,1,1,30,426,426,0,426,3,2,426,414,411,0,0,5,0,0,0
2024,1,0,0,1,1,35,607,607,0,607,4,4,607,573,564,0,0,13,0,0,0
2024,1,0,0,1,1,40,634,634,0,634,4,3,634,543,524,0,0,8,0,0,0
2024,1,0,0,1,1,45,657,657,0,657,9,5,657,508,467,0,0,5,0,0,0
2024,1,0,0,1,1,50,569,569,0,569,4,1,569,174,163,0,0,2,0,0,0
2024,1,0,0,1,1,55,348,348,0,348,5,3,348,54,54,0,0,3,0,0,0
2024,1,0,0,1,1,60,281,281,0,281,11,3,281,34,34,0,0,6,0,0,0
2024,1,0,0,1,1,100,0,0,0,0,0,0,0,0,0,0,0,0,0,0,0
2024,1,0,1,0,0,0,0,0,0,0,0,0,0,0,0,0,0,0,0,0,0
2024,1,0,1,0,0,5,1,0,0,0,0,0,0,0,0,0,0,0,0,0,0
2024,1,0,1,0,0,10,25,0,0,0,0,0,0,8,0,0,0,0,0,0,0
2024,1,0,1,0,0,15,115,0,0,0,0,0,14,26,0,0,11,0,0,0,0
2024,1,0,1,0,0,20,302,0,0,0,1,0,114,165,0,0,88,0,0,0,0
2024,1,0,1,0,0,25,430,0,0,0,0,0,255,358,0,0,175,0,0,0,0
2024,1,0,1,0,0,30,437,0,0,0,0,0,272,412,0,0,186,0,0,0,0
2024,1,0,1,0,0,35,350,0,0,0,1,0,214,333,0,0,153,0,0,0,0
2024,1,0,1,0,0,40,259,0,0,0,1,0,163,248,0,0,120,0,0,0,0
2024,1,0,1,0,0,45,177,0,0,0,0,0,111,167,0,0,84,0,0,0,0
2024,1,0,1,0,0,50,126,0,0,0,1,0,20,36,0,0,13,0,0,0,0
2024,1,0,1,0,0,55,90,0,0,0,0,0,0,0,0,0,0,0,0,0,0
2024,1,0,1,0,0,60,102,0,0,0,6,0,0,0,0,0,0,0,0,0,0
2024,1,0,1,0,0,100,0,0,0,0,0,0,0,0,0,0,0,0,0,0,0
2024,1,0,1,0,1,0,0,0,0,0,0,0,0,0,0,0,0,0,0,0,0
2024,1,0,1,0,1,5,0,0,0,0,0,0,0,0,0,0,0,0,0,0,0
2024,1,0,1,0,1,10,0,0,0,0,0,0,0,0,0,0,0,0,0,0,0
2024,1,0,1,0,1,15,0,0,0,0,0,0,0,0,0,0,0,0,0,0,0
2024,1,0,1,0,1,20,0,0,0,0,0,0,0,0,0,0,0,0,0,0,0
2024,1,0,1,0,1,25,0,0,0,0,0,0,0,0,0,0,0,0,0,0,0
2024,1,0,1,0,1,30,0,0,0,0,0,0,0,0,0,0,0,0,0,0,0
2024,1,0,1,0,1,35,0,0,0,0,0,0,0,0,0,0,0,0,0,0,0
2024,1,0,1,0,1,40,0,0,0,0,0,0,0,0,0,0,0,0,0,0,0
2024,1,0,1,0,1,45,0,0,0,0,0,0,0,0,0,0,0,0,0,0,0
2024,1,0,1,0,1,50,0,0,0,0,0,0,0,0,0,0,0,0,0,0,0
2024,1,0,1,0,1,55,0,0,0,0,0,0,0,0,0,0,0,0,0,0,0
2024,1,0,1,0,1,60,0,0,0,0,0,0,0,0,0,0,0,0,0,0,0
2024,1,0,1,0,1,100,0,0,0,0,0,0,0,0,0,0,0,0,0,0,0
2024,1,0,1,1,0,0,0,0,0,0,0,0,0,0,0,0,0,0,0,0,0
2024,1,0,1,1,0,5,0,0,0,0,0,0,0,0,0,0,0,0,0,0,0
2024,1,0,1,1,0,10,0,0,0,0,0,0,0,0,0,0,0,0,0,0,0
2024,1,0,1,1,0,15,4,4,0,0,0,0,1,2,2,1,0,0,0,0,0
2024,1,0,1,1,0,20,8,8,1,0,0,0,2,5,3,2,0,0,0,0,0
2024,1,0,1,1,0,25,16,16,1,0,1,1,2,12,8,1,0,5,0,0,0
2024,1,0,1,1,0,30,14,14,2,0,1,1,4,12,8,3,0,5,0,0,0
2024,1,0,1,1,0,35,18,18,4,0,0,0,4,16,12,2,0,3,0,0,0
2024,1,0,1,1,0,40,26,26,1,0,1,1,7,26,20,5,0,0,0,0,0
2024,1,0,1,1,0,45,8,8,2,0,0,0,2,7,5,0,0,0,0,0,0
2024,1,0,1,1,0,50,7,7,1,0,0,0,0,2,2,0,0,1,0,0,0
2024,1,0,1,1,0,55,8,8,0,0,0,0,0,1,1,0,0,0,0,0,0
2024,1,0,1,1,0,60,1,1,0,0,0,0,0,0,0,0,0,0,0,0,0
2024,1,0,1,1,0,100,0,0,0,0,0,0,0,0,0,0,0,0,0,0,0
2024,1,0,1,1,1,0,0,0,0,0,0,0,0,0,0,0,0,0,0,0,0
2024,1,0,1,1,1,5,0,0,0,0,0,0,0,0,0,0,0,0,0,0,0
2024,1,0,1,1,1,10,0,0,0,0,0,0,0,0,0,0,0,0,0,0,0
2024,1,0,1,1,1,15,1,1,0,1,0,0,1,1,1,0,0,0,0,0,0
2024,1,0,1,1,1,20,8,8,0,8,0,0,8,8,8,0,0,0,0,0,0
2024,1,0,1,1,1,25,19,19,0,19,0,0,19,19,19,0,0,0,0,0,0
2024,1,0,1,1,1,30,38,38,0,38,1,1,38,37,36,0,0,2,0,0,0
2024,1,0,1,1,1,35,54,54,0,54,1,1,54,47,46,0,0,0,0,0,0
2024,1,0,1,1,1,40,77,77,0,77,0,0,77,65,63,0,0,3,0,0,0
2024,1,0,1,1,1,45,67,67,0,67,4,4,67,49,48,0,0,1,0,0,0
2024,1,0,1,1,1,50,51,51,0,51,0,0,51,14,13,0,0,2,0,0,0
2024,1,0,1,1,1,55,38,38,0,38,0,0,38,2,2,0,0,0,0,0,0
2024,1,0,1,1,1,60,29,29,0,29,1,0,29,2,2,0,0,1,0,0,0
2024,1,0,1,1,1,100,0,0,0,0,0,0,0,0,0,0,0,0,0,0,0
2024,1,1,0,0,0,0,5796,0,0,0,12,0,428,1863,0,0,222,0,0,0,0
2024,1,1,0,0,0,5,5661,0,0,0,1,0,0,1957,0,0,0,0,0,0,0
2024,1,1,0,0,0,10,5489,0,0,0,1,0,104,1929,0,0,122,0,0,0,0
2024,1,1,0,0,0,15,4727,0,0,0,0,0,1234,2446,0,0,882,0,0,0,0
2024,1,1,0,0,0,20,4018,0,0,0,2,0,1988,3211,0,0,1585,0,0,0,0
2024,1,1,0,0,0,25,3197,0,0,0,3,0,1952,3065,0,0,1506,0,0,0,0
2024,1,1,0,0,0,30,2617,0,0,0,3,0,1706,2595,0,0,1275,0,0,0,0
2024,1,1,0,0,0,35,1965,0,0,0,1,0,1240,1956,0,0,866,0,0,0,0
2024,1,1,0,0,0,40,1245,0,0,0,0,0,793,1242,0,0,580,0,0,0,0
2024,1,1,0,0,0,45,789,0,0,0,0,0,386,727,0,0,264,0,0,0,0
2024,1,1,0,0,0,50,571,0,0,0,3,0,77,354,0,0,46,0,0,0,0
2024,1,1,0,0,0,55,557,0,0,0,3,0,10,147,0,0,4,0,0,0,0
2024,1,1,0,0,0,60,1488,0,0,0,41,0,3,28,0,0,3,0,0,0,0
2024,1,1,0,0,0,100,1,0,0,0,0,0,0,0,0,0,0,0,0,0,0
2024,1,1,0,0,1,0,0,0,0,0,0,0,0,0,0,0,0,0,0,0,0
2024,1,1,0,0,1,5,0,0,0,0,0,0,0,0,0,0,0,0,0,0,0
2024,1,1,0,0,1,10,0,0,0,0,0,0,0,0,0,0,0,0,0,0,0
2024,1,1,0,0,1,15,0,0,0,0,0,0,0,0,0,0,0,0,0,0,0
2024,1,1,0,0,1,20,0,0,0,0,0,0,0,0,0,0,0,0,0,0,0
2024,1,1,0,0,1,25,0,0,0,0,0,0,0,0,0,0,0,0,0,0,0
2024,1,1,0,0,1,30,0,0,0,0,0,0,0,0,0,0,0,0,0,0,0
2024,1,1,0,0,1,35,0,0,0,0,0,0,0,0,0,0,0,0,0,0,0
2024,1,1,0,0,1,40,0,0,0,0,0,0,0,0,0,0,0,0,0,0,0
2024,1,1,0,0,1,45,0,0,0,0,0,0,0,0,0,0,0,0,0,0,0
2024,1,1,0,0,1,50,0,0,0,0,0,0,0,0,0,0,0,0,0,0,0
2024,1,1,0,0,1,55,0,0,0,0,0,0,0,0,0,0,0,0,0,0,0
2024,1,1,0,0,1,60,0,0,0,0,0,0,0,0,0,0,0,0,0,0,0
2024,1,1,0,0,1,100,0,0,0,0,0,0,0,0,0,0,0,0,0,0,0
2024,1,1,0,1,0,0,26,26,3,0,1,1,0,2,2,1,0,0,0,0,0
2024,1,1,0,1,0,5,19,19,0,0,0,0,0,2,2,0,0,0,0,0,0
2024,1,1,0,1,0,10,52,52,7,0,5,5,3,16,11,4,0,1,0,0,0
2024,1,1,0,1,0,15,133,133,42,0,3,3,30,65,32,28,0,29,0,0,0
2024,1,1,0,1,0,20,220,220,47,0,0,0,61,160,82,56,0,15,0,0,0
2024,1,1,0,1,0,25,213,213,24,0,0,0,62,197,118,46,0,9,0,0,0
2024,1,1,0,1,0,30,243,243,24,0,0,0,53,226,144,40,0,11,0,0,0
2024,1,1,0,1,0,35,159,159,19,0,2,2,27,155,110,15,0,5,0,0,0
2024,1,1,0,1,0,40,129,129,12,0,1,1,16,116,82,8,0,4,0,0,0
2024,1,1,0,1,0,45,109,109,9,0,2,1,11,79,44,8,0,3,0,0,0
2024,1,1,0,1,0,50,83,83,1,0,2,2,5,45,28,5,0,4,0,0,0
2024,1,1,0,1,0,55,48,48,5,0,3,3,1,14,9,1,0,0,0,0,0
2024,1,1,0,1,0,60,50,50,7,0,0,0,1,7,7,3,0,0,0,0,0
2024,1,1,0,1,0,100,0,0,0,0,0,0,0,0,0,0,0,0,0,0,0
2024,1,1,0,1,1,0,10,10,0,10,0,0,10,10,10,0,0,0,0,0,0
2024,1,1,0,1,1,5,11,11,0,11,0,0,11,11,11,0,0,0,0,0,0
2024,1,1,0,1,1,10,23,23,0,23,0,0,23,23,23,0,0,0,0,0,0
2024,1,1,0,1,1,15,128,128,0,128,0,0,128,104,98,0,0,3,0,0,0
2024,1,1,0,1,1,20,472,472,0,472,4,2,472,410,368,0,0,10,0,0,0
2024,1,1,0,1,1,25,891,891,0,891,1,1,891,799,674,0,0,5,0,0,0
2024,1,1,0,1,1,30,1345,1345,0,1345,1,1,1345,1239,1033,0,0,9,0,0,0
2024,1,1,0,1,1,35,1623,1623,0,1623,4,3,1623,1499,1259,0,0,9,0,0,0
2024,1,1,0,1,1,40,1504,1504,0,1504,3,2,1504,1368,1119,0,0,8,0,0,0
2024,1,1,0,1,1,45,1080,1080,0,1080,3,2,1080,862,697,0,0,8,0,0,0
2024,1,1,0,1,1,50,720,720,0,720,3,2,720,408,317,0,0,5,0,0,0
2024,1,1,0,1,1,55,388,388,0,388,3,2,388,153,118,0,0,0,0,0,0
2024,1,1,0,1,1,60,348,348,0,348,9,2,348,73,67,0,0,1,0,0,0
2024,1,1,0,1,1,100,0,0,0,0,0,0,0,0,0,0,0,0,0,0,0
2024.5,1,0,0,0,0,0,5813,0,0,0,19,0,455,1960,0,0,220,0,0,0,0
2024.5,1,0,0,0,0,5,5741,0,0,0,1,0,0,1932,0,0,0,0,0,0,1
2024.5,1,0,0,0,0,10,5462,0,0,0,2,0,0,1852,0,0,1,0,0,0,5
2024.5,1,0,0,0,0,15,4931,0,0,0,6,0,387,1326,0,0,361,0,0,0,14
2024.5,1,0,0,0,0,20,3957,0,0,0,2,0,1554,2171,0,0,1193,0,0,0,25
2024.5,1,0,0,0,0,25,3321,0,0,0,3,0,1878,2732,0,0,1414,0,0,0,8
2024.5,1,0,0,0,0,30,2951,0,0,0,2,0,1847,2760,0,0,1417,0,0,0,1
2024.5,1,0,0,0,0,35,2396,0,0,0,6,0,1539,2314,0,0,1067,0,0,0,0
2024.5,1,0,0,0,0,40,1644,0,0,0,3,0,1033,1588,0,0,708,0,0,0,0
2024.5,1,0,0,0,0,45,1087,0,0,0,5,0,695,1039,0,0,463,0,0,0,0
2024.5,1,0,0,0,0,50,765,0,0,0,5,0,208,300,0,0,134,0,0,0,0
2024.5,1,0,0,0,0,55,519,0,0,0,3,0,0,0,0,0,0,0,0,0,0
2024.5,1,0,0,0,0,60,818,0,0,0,24,0,0,0,0,0,0,0,0,0,0
2024.5,1,0,0,0,0,100,0,0,0,0,0,0,0,0,0,0,0,0,0,0,0
2024.5,1,0,0,0,1,0,0,0,0,0,0,0,0,0,0,0,0,0,0,0,0
2024.5,1,0,0,0,1,5,0,0,0,0,0,0,0,0,0,0,0,0,0,0,0
2024.5,1,0,0,0,1,10,0,0,0,0,0,0,0,0,0,0,0,0,0,0,0
2024.5,1,0,0,0,1,15,0,0,0,0,0,0,0,0,0,0,0,0,0,0,0
2024.5,1,0,0,0,1,20,0,0,0,0,0,0,0,0,0,0,0,0,0,0,0
2024.5,1,0,0,0,1,25,0,0,0,0,0,0,0,0,0,0,0,0,0,0,0
2024.5,1,0,0,0,1,30,0,0,0,0,0,0,0,0,0,0,0,0,0,0,0
2024.5,1,0,0,0,1,35,0,0,0,0,0,0,0,0,0,0,0,0,0,0,0
2024.5,1,0,0,0,1,40,0,0,0,0,0,0,0,0,0,0,0,0,0,0,0
2024.5,1,0,0,0,1,45,0,0,0,0,0,0,0,0,0,0,0,0,0,0,0
2024.5,1,0,0,0,1,50,0,0,0,0,0,0,0,0,0,0,0,0,0,0,0
2024.5,1,0,0,0,1,55,0,0,0,0,0,0,0,0,0,0,0,0,0,0,0
2024.5,1,0,0,0,1,60,0,0,0,0,0,0,0,0,0,0,0,0,0,0,0
2024.5,1,0,0,0,1,100,0,0,0,0,0,0,0,0,0,0,0,0,0,0,0
2024.5,1,0,0,1,0,0,24,24,2,0,2,2,2,6,6,3,0,0,0,0,0
2024.5,1,0,0,1,0,5,17,17,0,0,0,0,0,6,6,0,0,0,0,0,0
2024.5,1,0,0,1,0,10,38,38,0,0,0,0,1,9,9,1,0,0,0,0,0
2024.5,1,0,0,1,0,15,68,68,7,0,3,3,4,18,15,7,0,4,0,0,0
2024.5,1,0,0,1,0,20,103,103,16,0,1,1,22,48,29,13,0,19,0,0,2
2024.5,1,0,0,1,0,25,150,150,26,0,0,0,35,104,65,30,0,33,0,0,3
2024.5,1,0,0,1,0,30,222,222,26,0,2,2,46,183,142,39,0,34,0,0,0
2024.5,1,0,0,1,0,35,245,245,17,0,3,2,40,216,175,37,0,15,0,0,0
2024.5,1,0,0,1,0,40,197,197,16,0,1,1,34,168,133,32,0,14,0,0,0
2024.5,1,0,0,1,0,45,98,98,12,0,1,0,23,83,54,7,0,3,0,0,0
2024.5,1,0,0,1,0,50,64,64,6,0,1,1,7,20,15,5,0,1,0,0,0
2024.5,1,0,0,1,0,55,28,28,0,0,2,0,1,3,3,2,0,1,0,0,0
2024.5,1,0,0,1,0,60,32,32,3,0,1,0,2,5,5,2,0,2,0,0,0
2024.5,1,0,0,1,0,100,0,0,0,0,0,0,0,0,0,0,0,0,0,0,0
2024.5,1,0,0,1,1,0,15,15,0,15,0,0,15,15,15,0,0,0,0,0,0
2024.5,1,0,0,1,1,5,7,7,0,7,0,0,7,7,7,0,0,0,0,0,0
2024.5,1,0,0,1,1,10,12,12,0,12,0,0,12,12,12,0,0,0,0,0,0
2024.5,1,0,0,1,1,15,30,30,0,30,3,3,30,30,30,0,0,0,0,0,0
2024.5,1,0,0,1,1,20,93,93,0,93,1,1,93,92,92,0,0,4,0,0,0
2024.5,1,0,0,1,1,25,234,234,0,234,1,1,234,220,220,0,0,7,0,0,0
2024.5,1,0,0,1,1,30,422,422,0,422,3,3,422,411,408,0,0,12,0,0,0
2024.5,1,0,0,1,1,35,614,614,0,614,2,1,614,586,577,0,0,13,0,0,0
2024.5,1,0,0,1,1,40,664,664,0,664,1,1,664,573,554,0,0,13,0,0,0
2024.5,1,0,0,1,1,45,648,648,0,648,11,4,648,516,472,0,0,11,0,0,0
2024.5,1,0,0,1,1,50,592,592,0,592,5,3,592,203,191,0,0,4,0,0,0
2024.5,1,0,0,1,1,55,367,367,0,367,4,1,367,54,54,0,0,1,0,0,0
2024.5,1,0,0,1,1,60,294,294,0,294,8,2,294,41,41,0,0,5,0,0,0
2024.5,1,0,0,1,1,100,0,0,0,0,0,0,0,0,0,0,0,0,0,0,0
2024.5,1,0,1,0,0,0,0,0,0,0,0,0,0,0,0,0,0,0,0,0,0
2024.5,1,0,1,0,0,5,1,0,0,0,0,0,0,0,0,0,0,0,0,0,0
2024.5,1,0,1,0,0,10,27,0,0,0,0,0,0,11,0,0,0,0,0,0,0
2024.5,1,0,1,0,0,15,116,0,0,0,0,0,13,30,0,0,11,0,0,0,0
2024.5,1,0,1,0,0,20,310,0,0,0,0,0,120,171,0,0,95,0,0,0,0
2024.5,1,0,1,0,0,25,424,0,0,0,0,0,251,358,0,0,178,0,0,0,0
2024.5,1,0,1,0,0,30,443,0,0,0,2,0,283,410,0,0,202,0,0,0,0
2024.5,1,0,1,0,0,35,361,0,0,0,1,0,204,345,0,0,125,0,0,0,0
2024.5,1,0,1,0,0,40,255,0,0,0,0,0,168,246,0,0,125,0,0,0,0
2024.5,1,0,1,0,0,45,188,0,0,0,0,0,122,178,0,0,74,0,0,0,0
2024.5,1,0,1,0,0,50,127,0,0,0,1,0,30,46,0,0,19,0,0,0,0
2024.5,1,0,1,0,0,55,89,0,0,0,2,0,0,0,0,0,0,0,0,0,0
2024.5,1,0,1,0,0,60,109,0,0,0,1,0,0,0,0,0,0,0,0,0,0
2024.5,1,0,1,0,0,100,0,0,0,0,0,0,0,0,0,0,0,0,0,0,0
2024.5,1,0,1,0,1,0,0,0,0,0,0,0,0,0,0,0,0,0,0,0,0
2024.5,1,0,1,0,1,5,0,0,0,0,0,0,0,0,0,0,0,0,0,0,0
2024.5,1,0,1,0,1,10,0,0,0,0,0,0,0,0,0,0,0,0,0,0,0
2024.5,1,0,1,0,1,15,0,0,0,0,0,0,0,0,0,0,0,0,0,0,0
2024.5,1,0,1,0,1,20,0,0,0,0,0,0,0,0,0,0,0,0,0,0,0
2024.5,1,0,1,0,1,25,0,0,0,0,0,0,0,0,0,0,0,0,0,0,0
2024.5,1,0,1,0,1,30,0,0,0,0,0,0,0,0,0,0,0,0,0,0,0
2024.5,1,0,1,0,1,35,0,0,0,0,0,0,0,0,0,0,0,0,0,0,0
2024.5,1,0,1,0,1,40,0,0,0,0,0,0,0,0,0,0,0,0,0,0,0
2024.5,1,0,1,0,1,45,0,0,0,0,0,0,0,0,0,0,0,0,0,0,0
2024.5,1,0,1,0,1,50,0,0,0,0,0,0,0,0,0,0,0,0,0,0,0
2024.5,1,0,1,0,1,55,0,0,0,0,0,0,0,0,0,0,0,0,0,0,0
2024.5,1,0,1,0,1,60,0,0,0,0,0,0,0,0,0,0,0,0,0,0,0
2024.5,1,0,1,0,1,100,0,0,0,0,0,0,0,0,0,0,0,0,0,0,0
2024.5,1,0,1,1,0,0,0,0,0,0,0,0,0,0,0,0,0,0,0,0,0
2024.5,1,0,1,1,0,5,0,0,0,0,0,0,0,0,0,0,0,0,0,0,0
2024.5,1,0,1,1,0,10,0,0,0,0,0,0,0,0,0,0,0,0,0,0,0
2024.5,1,0,1,1,0,15,2,2,0,0,1,1,0,1,1,0,0,0,0,0,0
2024.5,1,0,1,1,0,20,8,8,1,0,0,0,2,4,3,2,0,0,0,0,0
2024.5,1,0,1,1,0,25,19,19,1,0,0,0,2,12,8,2,0,2,0,0,0
2024.5,1,0,1,1,0,30,11,11,2,0,1,0,3,10,7,3,0,2,0,0,0
2024.5,1,0,1,1,0,35,15,15,1,0,1,1,3,14,12,4,0,2,0,0,0
2024.5,1,0,1,1,0,40,23,23,2,0,0,0,3,23,16,3,0,1,0,0,0
2024.5,1,0,1,1,0,45,9,9,2,0,0,0,1,9,6,1,0,0,0,0,0
2024.5,1,0,1,1,0,50,8,8,1,0,0,0,0,3,3,0,0,0,0,0,0
2024.5,1,0,1,1,0,55,8,8,0,0,0,0,1,1,1,1,0,0,0,0,0
2024.5,1,0,1,1,0,60,1,1,0,0,0,0,0,0,0,0,0,0,0,0,0
2024.5,1,0,1,1,0,100,0,0,0,0,0,0,0,0,0,0,0,0,0,0,0
2024.5,1,0,1,1,1,0,0,0,0,0,0,0,0,0,0,0,0,0,0,0,0
2024.5,1,0,1,1,1,5,0,0,0,0,0,0,0,0,0,0,0,0,0,0,0
2024.5,1,0,1,1,1,10,0,0,0,0,0,0,0,0,0,0,0,0,0,0,0
2024.5,1,0,1,1,1,15,2,2,0,2,0,0,2,2,2,0,0,0,0,0,0
2024.5,1,0,1,1,1,20,6,6,0,6,0,0,6,6,6,0,0,0,0,0,0
2024.5,1,0,1,1,1,25,23,23,0,23,0,0,23,23,23,0,0,2,0,0,0
2024.5,1,0,1,1,1,30,31,31,0,31,0,0,31,30,29,0,0,2,0,0,0
2024.5,1,0,1,1,1,35,64,64,0,64,0,0,64,58,57,0,0,1,0,0,0
2024.5,1,0,1,1,1,40,79,79,0,79,0,0,79,66,65,0,0,1,0,0,0
2024.5,1,0,1,1,1,45,67,67,0,67,0,0,67,53,52,0,0,0,0,0,0
2024.5,1,0,1,1,1,50,57,57,0,57,0,0,57,17,15,0,0,0,0,0,0
2024.5,1,0,1,1,1,55,39,39,0,39,0,0,39,3,3,0,0,0,0,0,0
2024.5,1,0,1,1,1,60,29,29,0,29,1,0,29,2,2,0,0,0,0,0,0
2024.5,1,0,1,1,1,100,0,0,0,0,0,0,0,0,0,0,0,0,0,0,0
2024.5,1,1,0,0,0,0,5862,0,0,0,18,0,447,1888,0,0,207,0,0,0,0
2024.5,1,1,0,0,0,5,5613,0,0,0,2,0,0,1916,0,0,0,0,0,0,0
2024.5,1,1,0,0,0,10,5552,0,0,0,2,0,103,1970,0,0,120,0,0,0,0
2024.5,1,1,0,0,0,15,4763,0,0,0,1,0,1237,2553,0,0,906,0,0,0,0
2024.5,1,1,0,0,0,20,4031,0,0,0,2,0,1974,3209,0,0,1473,0,0,0,0
2024.5,1,1,0,0,0,25,3233,0,0,0,1,0,1989,3099,0,0,1528,0,0,0,0
2024.5,1,1,0,0,0,30,2629,0,0,0,1,0,1740,2607,0,0,1287,0,0,0,0
2024.5,1,1,0,0,0,35,2020,0,0,0,0,0,1281,2009,0,0,951,0,0,0,0
2024.5,1,1,0,0,0,40,1332,0,0,0,2,0,861,1329,0,0,602,0,0,0,0
2024.5,1,1,0,0,0,45,793,0,0,0,0,0,388,749,0,0,239,0,0,0,0
2024.5,1,1,0,0,0,50,572,0,0,0,1,0,79,371,0,0,49,0,0,0,0
2024.5,1,1,0,0,0,55,564,0,0,0,3,0,22,172,0,0,16,0,0,0,0
2024.5,1,1,0,0,0,60,1503,0,0,0,38,0,2,36,0,0,1,0,0,0,0
2024.5,1,1,0,0,0,100,1,0,0,0,0,0,0,0,0,0,0,0,0,0,0
2024.5,1,1,0,0,1,0,0,0,0,0,0,0,0,0,0,0,0,0,0,0,0
2024.5,1,1,0,0,1,5,0,0,0,0,0,0,0,0,0,0,0,0,0,0,0
2024.5,1,1,0,0,1,10,0,0,0,0,0,0,0,0,0,0,0,0,0,0,0
2024.5,1,1,0,0,1,15,0,0,0,0,0,0,0,0,0,0,0,0,0,0,0
2024.5,1,1,0,0,1,20,0,0,0,0,0,0,0,0,0,0,0,0,0,0,0
2024.5,1,1,0,0,1,25,0,0,0,0,0,0,0,0,0,0,0,0,0,0,0
2024.5,1,1,0,0,1,30,0,0,0,0,0,0,0,0,0,0,0,0,0,0,0
2024.5,1,1,0,0,1,35,0,0,0,0,0,0,0,0,0,0,0,0,0,0,0
2024.5,1,1,0,0,1,40,0,0,0,0,0,0,0,0,0,0,0,0,0,0,0
2024.5,1,1,0,0,1,45,0,0,0,0,0,0,0,0,0,0,0,0,0,0,0
2024.5,1,1,0,0,1,50,0,0,0,0,0,0,0,0,0,0,0,0,0,0,0
2024.5,1,1,0,0,1,55,0,0,0,0,0,0,0,0,0,0,0,0,0,0,0
2024.5,1,1,0,0,1,60,0,0,0,0,0,0,0,0,0,0,0,0,0,0,0
2024.5,1,1,0,0,1,100,0,0,0,0,0,0,0,0,0,0,0,0,0,0,0
2024.5,1,1,0,1,0,0,27,27,6,0,1,1,2,4,4,2,0,0,0,0,0
2024.5,1,1,0,1,0,5,16,16,0,0,2,2,0,2,2,0,0,0,0,0,0
2024.5,1,1,0,1,0,10,41,41,3,0,2,2,3,12,9,4,0,1,0,0,0
2024.5,1,1,0,1,0,15,142,142,31,0,2,2,35,81,39,17,0,13,0,0,0
2024.5,1,1,0,1,0,20,231,231,51,0,2,2,68,170,83,39,0,31,0,0,0
2024.5,1,1,0,1,0,25,241,241,45,0,3,3,80,224,126,43,0,17,0,0,0
2024.5,1,1,0,1,0,30,257,257,28,0,2,2,57,244,164,43,0,9,0,0,0
2024.5,1,1,0,1,0,35,175,175,27,0,2,2,28,167,111,15,0,4,0,0,0
2024.5,1,1,0,1,0,40,127,127,10,0,3,3,15,115,85,10,0,7,0,0,0
2024.5,1,1,0,1,0,45,100,100,5,0,1,0,12,78,48,11,0,3,0,0,0
2024.5,1,1,0,1,0,50,99,99,1,0,2,2,5,57,42,5,0,1,0,0,0
2024.5,1,1,0,1,0,55,60,60,1,0,0,0,1,21,13,2,0,3,0,0,0
2024.5,1,1,0,1,0,60,53,53,7,0,0,0,1,5,5,2,0,1,0,0,0
2024.5,1,1,0,1,0,100,0,0,0,0,0,0,0,0,0,0,0,0,0,0,0
2024.5,1,1,0,1,1,0,8,8,0,8,0,0,8,8,8,0,0,0,0,0,0
2024.5,1,1,0,1,1,5,9,9,0,9,0,0,9,9,9,0,0,0,0,0,0
2024.5,1,1,0,1,1,10,22,22,0,22,0,0,22,22,22,0,0,0,0,0,0
2024.5,1,1,0,1,1,15,117,117,0,117,1,1,117,91,84,0,0,4,0,0,0
2024.5,1,1,0,1,1,20,473,473,0,473,4,3,473,415,372,0,0,4,0,0,0
2024.5,1,1,0,1,1,25,859,859,0,859,1,1,859,768,645,0,0,9,0,0,0
2024.5,1,1,0,1,1,30,1301,1301,0,1301,4,2,1301,1198,998,0,0,8,0,0,0
2024.5,1,1,0,1,1,35,1633,1633,0,1633,1,1,1633,1516,1274,0,0,7,0,0,0
2024.5,1,1,0,1,1,40,1563,1563,0,1563,2,1,1563,1423,1150,0,0,13,0,0,0
2024.5,1,1,0,1,1,45,1108,1108,0,1108,1,1,1108,911,741,0,0,1,0,0,0
2024.5,1,1,0,1,1,50,740,740,0,740,5,3,740,433,337,0,0,2,0,0,0
2024.5,1,1,0,1,1,55,409,409,0,409,2,0,409,168,135,0,0,0,0,0,0
2024.5,1,1,0,1,1,60,372,372,0,372,10,3,372,87,77,0,0,1,0,0,0
2024.5,1,1,0,1,1,100,0,0,0,0,0,0,0,0,0,0,0,0,0,0,0
2025,1,0,0,0,0,0,5783,0,0,0,23,0,447,1929,0,0,195,0,0,0,0
2025,1,0,0,0,0,5,5736,0,0,0,2,0,0,1967,0,0,0,0,0,0,1
2025,1,0,0,0,0,10,5542,0,0,0,3,0,0,1855,0,0,1,0,0,0,7
2025,1,0,0,0,0,15,4928,0,0,0,2,0,386,1445,0,0,366,0,0,0,13
2025,1,0,0,0,0,20,4023,0,0,0,1,0,1625,2255,0,0,1261,0,0,0,16
2025,1,0,0,0,0,25,3330,0,0,0,3,0,1877,2724,0,0,1419,0,0,0,13
2025,1,0,0,0,0,30,2984,0,0,0,5,0,1854,2790,0,0,1343,0,0,0,1
2025,1,0,0,0,0,35,2455,0,0,0,4,0,1588,2383,0,0,1171,0,0,0,0
2025,1,0,0,0,0,40,1709,0,0,0,2,0,1113,1652,0,0,810,0,0,0,0
2025,1,0,0,0,0,45,1114,0,0,0,6,0,705,1070,0,0,514,0,0,0,0
2025,1,0,0,0,0,50,781,0,0,0,5,0,250,368,0,0,176,0,0,0,0
2025,1,0,0,0,0,55,517,0,0,0,8,0,0,0,0,0,0,0,0,0,0
2025,1,0,0,0,0,60,836,0,0,0,27,0,0,0,0,0,0,0,0,0,0
2025,1,0,0,0,0,100,0,0,0,0,0,0,0,0,0,0,0,0,0,0,0
2025,1,0,0,0,1,0,0,0,0,0,0,0,0,0,0,0,0,0,0,0,0
2025,1,0,0,0,1,5,0,0,0,0,0,0,0,0,0,0,0,0,0,0,0
2025,1,0,0,0,1,10,0,0,0,0,0,0,0,0,0,0,0,0,0,0,0
2025,1,0,0,0,1,15,0,0,0,0,0,0,0,0,0,0,0,0,0,0,0
2025,1,0,0,0,1,20,0,0,0,0,0,0,0,0,0,0,0,0,0,0,0
2025,1,0,0,0,1,25,0,0,0,0,0,0,0,0,0,0,0,0,0,0,0
2025,1,0,0,0,1,30,0,0,0,0,0,0,0,0,0,0,0,0,0,0,0
2025,1,0,0,0,1,35,0,0,0,0,0,0,0,0,0,0,0,0,0,0,0
2025,1,0,0,0,1,40,0,0,0,0,0,0,0,0,0,0,0,0,0,0,0
2025,1,0,0,0,1,45,0,0,0,0,0,0,0,0,0,0,0,0,0,0,0
2025,1,0,0,0,1,50,0,0,0,0,0,0,0,0,0,0,0,0,0,0,0
2025,1,0,0,0,1,55,0,0,0,0,0,0,0,0,0,0,0,0,0,0,0
2025,1,0,0,0,1,60,0,0,0,0,0,0,0,0,0,0,0,0,0,0,0
2025,1,0,0,0,1,100,0,0,0,0,0,0,0,0,0,0,0,0,0,0,0
2025,1,0,0,1,0,0,30,30,9,0,0,0,2,7,7,1,0,0,0,0,0
2025,1,0,0,1,0,5,16,16,0,0,0,0,0,4,4,1,0,0,0,0,0
2025,1,0,0,1,0,10,32,32,0,0,1,1,2,9,9,1,0,0,0,0,0
2025,1,0,0,1,0,15,67,67,6,0,2,2,4,18,16,6,0,7,0,0,0
2025,1,0,0,1,0,20,105,105,19,0,0,0,21,46,29,18,0,14,0,0,1
2025,1,0,0,1,0,25,148,148,25,0,0,0,30,105,61,20,0,20,0,0,0
2025,1,0,0,1,0,30,214,214,28,0,3,3,42,175,131,39,0,31,0,0,0
2025,1,0,0,1,0,35,233,233,10,0,3,3,33,208,176,27,0,18,0,0,0
2025,1,0,0,1,0,40,190,190,18,0,5,5,29,165,133,31,0,15,0,0,0
2025,1,0,0,1,0,45,99,99,8,0,0,0,17,84,57,10,0,8,0,0,0
2025,1,0,0,1,0,50,65,65,6,0,2,1,4,25,15,3,0,3,0,0,0
2025,1,0,0,1,0,55,31,31,3,0,1,0,4,4,4,4,0,0,0,0,0
2025,1,0,0,1,0,60,27,27,4,0,2,1,1,1,1,2,0,3,0,0,0
2025,1,0,0,1,0,100,0,0,0,0,0,0,0,0,0,0,0,0,0,0,0
2025,1,0,0,1,1,0,11,11,0,11,0,0,11,11,11,0,0,0,0,0,0
2025,1,0,0,1,1,5,11,11,0,11,0,0,11,11,11,0,0,0,0,0,0
2025,1,0,0,1,1,10,8,8,0,8,0,0,8,8,8,0,0,0,0,0,0
2025,1,0,0,1,1,15,29,29,0,29,0,0,29,29,29,0,0,0,0,0,0
2025,1,0,0,1,1,20,95,95,0,95,2,2,95,94,94,0,0,0,0,0,0
2025,1,0,0,1,1,25,231,231,0,231,1,1,231,219,219,0,0,6,0,0,0
2025,1,0,0,1,1,30,434,434,0,434,1,1,434,422,420,0,0,8,0,0,0
2025,1,0,0,1,1,35,611,611,0,611,5,4,611,585,570,0,0,13,0,0,0
2025,1,0,0,1,1,40,674,674,0,674,6,4,674,591,573,0,0,9,0,0,0
2025,1,0,0,1,1,45,693,693,0,693,5,3,693,564,516,0,0,9,0,0,0
2025,1,0,0,1,1,50,610,610,0,610,7,2,610,237,221,0,0,9,0,0,0
2025,1,0,0,1,1,55,372,372,0,372,4,1,372,59,59,0,0,3,0,0,0
2025,1,0,0,1,1,60,312,312,0,312,13,1,312,44,44,0,0,1,0,0,0
2025,1,0,0,1,1,100,0,0,0,0,0,0,0,0,0,0,0,0,0,0,0
2025,1,0,1,0,0,0,0,0,0,0,0,0,0,0,0,0,0,0,0,0,0
2025,1,0,1,0,0,5,2,0,0,0,0,0,0,0,0,0,0,0,0,0,0
2025,1,0,1,0,0,10,25,0,0,0,0,0,0,12,0,0,0,0,0,0,0
2025,1,0,1,0,0,15,117,0,0,0,0,0,12,33,0,0,10,0,0,0,0
2025,1,0,1,0,0,20,322,0,0,0,1,0,127,180,0,0,99,0,0,0,0
2025,1,0,1,0,0,25,411,0,0,0,0,0,253,345,0,0,203,0,0,0,0
2025,1,0,1,0,0,30,452,0,0,0,1,0,273,422,0,0,194,0,0,0,0
2025,1,0,1,0,0,35,365,0,0,0,0,0,222,354,0,0,169,0,0,0,0
2025,1,0,1,0,0,40,257,0,0,0,1,0,149,244,0,0,87,0,0,0,0
2025,1,0,1,0,0,45,203,0,0,0,0,0,128,195,0,0,86,0,0,0,0
2025,1,0,1,0,0,50,124,0,0,0,1,0,36,56,0,0,20,0,0,0,0
2025,1,0,1,0,0,55,97,0,0,0,0,0,0,0,0,0,0,0,0,0,0
2025,1,0,1,0,0,60,110,0,0,0,4,0,0,0,0,0,0,0,0,0,0
2025,1,0,1,0,0,100,0,0,0,0,0,0,0,0,0,0,0,0,0,0,0
2025,1,0,1,0,1,0,0,0,0,0,0,0,0,0,0,0,0,0,0,0,0
2025,1,0,1,0,1,5,0,0,0,0,0,0,0,0,0,0,0,0,0,0,0
2025,1,0,1,0,1,10,0,0,0,0,0,0,0,0,0,0,0,0,0,0,0
2025,1,0,1,0,1,15,0,0,0,0,0,0,0,0,0,0,0,0,0,0,0
2025,1,0,1,0,1,20,0,0,0,0,0,0,0,0,0,0,0,0,0,0,0
2025,1,0,1,0,1,25,0,0,0,0,0,0,0,0,0,0,0,0,0,0,0
2025,1,0,1,0,1,30,0,0,0,0,0,0,0,0,0,0,0,0,0,0,0
2025,1,0,1,0,1,35,0,0,0,0,0,0,0,0,0,0,0,0,0,0,0
2025,1,0,1,0,1,40,0,0,0,0,0,0,0,0,0,0,0,0,0,0,0
2025,1,0,1,0,1,45,0,0,0,0,0,0,0,0,0,0,0,0,0,0,0
2025,1,0,1,0,1,50,0,0,0,0,0,0,0,0,0,0,0,0,0,0,0
2025,1,0,1,0,1,55,0,0,0,0,0,0,0,0,0,0,0,0,0,0,0
2025,1,0,1,0,1,60,0,0,0,0,0,0,0,0,0,0,0,0,0,0,0
2025,1,0,1,0,1,100,0,0,0,0,0,0,0,0,0,0,0,0,0,0,0
2025,1,0,1,1,0,0,0,0,0,0,0,0,0,0,0,0,0,0,0,0,0
2025,1,0,1,1,0,5,0,0,0,0,0,0,0,0,0,0,0,0,0,0,0
2025,1,0,1,1,0,10,0,0,0,0,0,0,0,0,0,0,0,0,0,0,0
2025,1,0,1,1,0,15,1,1,0,0,0,0,0,1,1,0,0,0,0,0,0
2025,1,0,1,1,0,20,6,6,0,0,0,0,0,2,2,1,0,3,0,0,0
2025,1,0,1,1,0,25,20,20,1,0,0,0,2,11,6,0,0,1,0,0,0
2025,1,0,1,1,0,30,14,14,1,0,0,0,3,13,9,1,0,2,0,0,0
2025,1,0,1,1,0,35,12,12,2,0,1,1,2,11,8,1,0,1,0,0,0
2025,1,0,1,1,0,40,27,27,2,0,0,0,8,27,22,4,0,1,0,0,0
2025,1,0,1,1,0,45,9,9,0,0,0,0,1,8,5,1,0,0,0,0,0
2025,1,0,1,1,0,50,8,8,0,0,0,0,0,3,3,0,0,0,0,0,0
2025,1,0,1,1,0,55,6,6,0,0,0,0,0,0,0,0,0,0,0,0,0
2025,1,0,1,1,0,60,2,2,1,0,0,0,0,0,0,0,0,0,0,0,0
2025,1,0,1,1,0,100,0,0,0,0,0,0,0,0,0,0,0,0,0,0,0
2025,1,0,1,1,1,0,0,0,0,0,0,0,0,0,0,0,0,0,0,0,0
2025,1,0,1,1,1,5,0,0,0,0,0,0,0,0,0,0,0,0,0,0,0
2025,1,0,1,1,1,10,0,0,0,0,0,0,0,0,0,0,0,0,0,0,0
2025,1,0,1,1,1,15,0,0,0,0,0,0,0,0,0,0,0,0,0,0,0
2025,1,0,1,1,1,20,5,5,0,5,0,0,5,5,5,0,0,0,0,0,0
2025,1,0,1,1,1,25,22,22,0,22,0,0,22,22,22,0,0,1,0,0,0
2025,1,0,1,1,1,30,34,34,0,34,0,0,34,33,32,0,0,1,0,0,0
2025,1,0,1,1,1,35,64,64,0,64,0,0,64,59,58,0,0,1,0,0,0
2025,1,0,1,1,1,40,77,77,0,77,2,1,77,63,62,0,0,2,0,0,0
2025,1,0,1,1,1,45,71,71,0,71,0,0,71,58,56,0,0,3,0,0,0
2025,1,0,1,1,1,50,56,56,0,56,1,0,56,18,16,0,0,0,0,0,0
2025,1,0,1,1,1,55,35,35,0,35,2,1,35,4,4,0,0,0,0,0,0
2025,1,0,1,1,1,60,32,32,0,32,3,0,32,2,2,0,0,1,0,0,0
2025,1,0,1,1,1,100,0,0,0,0,0,0,0,0,0,0,0,0,0,0,0
2025,1,1,0,0,0,0,5920,0,0,0,18,0,472,1928,0,0,235,0,0,0,0
2025,1,1,0,0,0,5,5553,0,0,0,0,0,0,1899,0,0,0,0,0,0,0
2025,1,1,0,0,0,10,5639,0,0,0,2,0,109,1986,0,0,121,0,0,0,0
2025,1,1,0,0,0,15,4818,0,0,0,1,0,1209,2663,0,0,916,0,0,0,0
2025,1,1,0,0,0,20,4022,0,0,0,0,0,1952,3195,0,0,1484,0,0,0,0
2025,1,1,0,0,0,25,3288,0,0,0,0,0,2006,3149,0,0,1544,0,0,0,0
2025,1,1,0,0,0,30,2689,0,0,0,3,0,1785,2664,0,0,1305,0,0,0,0
2025,1,1,0,0,0,35,2058,0,0,0,1,0,1357,2049,0,0,1013,0,0,0,0
2025,1,1,0,0,0,40,1382,0,0,0,1,0,919,1379,0,0,672,0,0,0,0
2025,1,1,0,0,0,45,795,0,0,0,1,0,411,766,0,0,299,0,0,0,0
2025,1,1,0,0,0,50,580,0,0,0,2,0,94,398,0,0,74,0,0,0,0
2025,1,1,0,0,0,55,580,0,0,0,0,0,32,190,0,0,26,0,0,0,0
2025,1,1,0,0,0,60,1506,0,0,0,36,0,3,48,0,0,4,0,0,0,0
2025,1,1,0,0,0,100,1,0,0,0,0,0,0,0,0,0,0,0,0,0,0
2025,1,1,0,0,1,0,0,0,0,0,0,0,0,0,0,0,0,0,0,0,0
2025,1,1,0,0,1,5,0,0,0,0,0,0,0,0,0,0,0,0,0,0,0
2025,1,1,0,0,1,10,0,0,0,0,0,0,0,0,0,0,0,0,0,0,0
2025,1,1,0,0,1,15,0,0,0,0,0,0,0,0,0,0,0,0,0,0,0
2025,1,1,0,0,1,20,0,0,0,0,0,0,0,0,0,0,0,0,0,0,0
2025,1,1,0,0,1,25,0,0,0,0,0,0,0,0,0,0,0,0,0,0,0
2025,1,1,0,0,1,30,0,0,0,0,0,0,0,0,0,0,0,0,0,0,0
2025,1,1,0,0,1,35,0,0,0,0,0,0,0,0,0,0,0,0,0,0,0
2025,1,1,0,0,1,40,0,0,0,0,0,0,0,0,0,0,0,0,0,0,0
2025,1,1,0,0,1,45,0,0,0,0,0,0,0,0,0,0,0,0,0,0,0
2025,1,1,0,0,1,50,0,0,0,0,0,0,0,0,0,0,0,0,0,0,0
2025,1,1,0,0,1,55,0,0,0,0,0,0,0,0,0,0,0,0,0,0,0
2025,1,1,0,0,1,60,0,0,0,0,0,0,0,0,0,0,0,0,0,0,0
2025,1,1,0,0,1,100,0,0,0,0,0,0,0,0,0,0,0,0,0,0,0
2025,1,1,0,1,0,0,25,25,8,0,6,6,1,2,2,2,0,0,0,0,0
2025,1,1,0,1,0,5,16,16,0,0,0,0,1,2,2,1,0,0,0,0,0
2025,1,1,0,1,0,10,37,37,4,0,3,3,3,13,10,3,0,2,0,0,0
2025,1,1,0,1,0,15,137,137,31,0,3,3,28,73,32,23,0,17,0,0,0
2025,1,1,0,1,0,20,217,217,40,0,1,1,65,165,83,46,0,29,0,0,0
2025,1,1,0,1,0,25,213,213,23,0,1,1,64,194,123,49,0,14,0,0,0
2025,1,1,0,1,0,30,256,256,31,0,0,0,66,247,160,36,0,5,0,0,0
2025,1,1,0,1,0,35,166,166,29,0,1,1,27,156,100,13,0,1,0,0,0
2025,1,1,0,1,0,40,135,135,13,0,0,0,28,126,86,20,0,3,0,0,0
2025,1,1,0,1,0,45,115,115,14,0,1,0,13,103,61,7,0,4,0,0,0
2025,1,1,0,1,0,50,98,98,1,0,0,0,4,55,40,5,0,1,0,0,0
2025,1,1,0,1,0,55,52,52,5,0,1,1,2,20,14,4,0,0,0,0,0
2025,1,1,0,1,0,60,52,52,3,0,0,0,1,6,5,0,0,1,0,0,0
2025,1,1,0,1,0,100,0,0,0,0,0,0,0,0,0,0,0,0,0,0,0
2025,1,1,0,1,1,0,8,8,0,8,0,0,8,8,8,0,0,0,0,0,0
2025,1,1,0,1,1,5,8,8,0,8,0,0,8,8,8,0,0,0,0,0,0
2025,1,1,0,1,1,10,16,16,0,16,0,0,16,16,16,0,0,0,0,0,0
2025,1,1,0,1,1,15,128,128,0,128,1,1,128,104,96,0,0,3,0,0,0
2025,1,1,0,1,1,20,463,463,0,463,1,1,463,402,362,0,0,5,0,0,0
2025,1,1,0,1,1,25,856,856,0,856,2,2,856,772,647,0,0,8,0,0,0
2025,1,1,0,1,1,30,1315,1315,0,1315,2,2,1315,1203,995,0,0,4,0,0,0
2025,1,1,0,1,1,35,1632,1632,0,1632,3,1,1632,1522,1276,0,0,9,0,0,0
2025,1,1,0,1,1,40,1610,1610,0,1610,1,1,1610,1469,1198,0,0,14,0,0,0
2025,1,1,0,1,1,45,1149,1149,0,1149,2,1,1149,969,789,0,0,7,0,0,0
2025,1,1,0,1,1,50,793,793,0,793,3,2,793,479,366,0,0,2,0,0,0
2025,1,1,0,1,1,55,440,440,0,440,4,0,440,188,152,0,0,2,0,0,0
2025,1,1,0,1,1,60,406,406,0,406,3,0,406,98,87,0,0,3,0,0,0
2025,1,1,0,1,1,100,0,0,0,0,0,0,0,0,0,0,0,0,0,0,0
2025.5,1,0,0,0,0,0,5772,0,0,0,21,0,461,1952,0,0,234,0,0,0,0
2025.5,1,0,0,0,0,5,5739,0,0,0,2,0,0,1971,0,0,0,0,0,0,0
2025.5,1,0,0,0,0,10,5591,0,0,0,1,0,0,1854,0,0,0,0,0,0,5
2025.5,1,0,0,0,0,15,4943,0,0,0,2,0,387,1592,0,0,347,0,0,0,11
2025.5,1,0,0,0,0,20,4117,0,0,0,1,0,1650,2307,0,0,1262,0,0,0,13
2025.5,1,0,0,0,0,25,3363,0,0,0,4,0,1864,2758,0,0,1394,0,0,0,8
2025.5,1,0,0,0,0,30,2964,0,0,0,1,0,1813,2765,0,0,1311,0,0,0,1
2025.5,1,0,0,0,0,35,2529,0,0,0,4,0,1668,2461,0,0,1189,0,0,0,0
2025.5,1,0,0,0,0,40,1778,0,0,0,4,0,1144,1724,0,0,818,0,0,0,0
2025.5,1,0,0,0,0,45,1152,0,0,0,1,0,797,1116,0,0,544,0,0,0,0
2025.5,1,0,0,0,0,50,794,0,0,0,4,0,300,450,0,0,202,0,0,0,0
2025.5,1,0,0,0,0,55,525,0,0,0,9,0,0,0,0,0,0,0,0,0,0
2025.5,1,0,0,0,0,60,855,0,0,0,24,0,0,0,0,0,0,0,0,0,0
2025.5,1,0,0,0,0,100,0,0,0,0,0,0,0,0,0,0,0,0,0,0,0
2025.5,1,0,0,0,1,0,0,0,0,0,0,0,0,0,0,0,0,0,0,0,0
2025.5,1,0,0,0,1,5,0,0,0,0,0,0,0,0,0,0,0,0,0,0,0
2025.5,1,0,0,0,1,10,0,0,0,0,0,0,0,0,0,0,0,0,0,0,0
2025.5,1,0,0,0,1,15,0,0,0,0,0,0,0,0,0,0,0,0,0,0,0
2025.5,1,0,0,0,1,20,0,0,0,0,0,0,0,0,0,0,0,0,0,0,0
2025.5,1,0,0,0,1,25,0,0,0,0,0,0,0,0,0,0,0,0,0,0,0
2025.5,1,0,0,0,1,30,0,0,0,0,0,0,0,0,0,0,0,0,0,0,0
2025.5,1,0,0,0,1,35,0,0,0,0,0,0,0,0,0,0,0,0,0,0,0
2025.5,1,0,0,0,1,40,0,0,0,0,0,0,0,0,0,0,0,0,0,0,0
2025.5,1,0,0,0,1,45,0,0,0,0,0,0,0,0,0,0,0,0,0,0,0
2025.5,1,0,0,0,1,50,0,0,0,0,0,0,0,0,0,0,0,0,0,0,0
2025.5,1,0,0,0,1,55,0,0,0,0,0,0,0,0,0,0,0,0,0,0,0
2025.5,1,0,0,0,1,60,0,0,0,0,0,0,0,0,0,0,0,0,0,0,0
2025.5,1,0,0,0,1,100,0,0,0,0,0,0,0,0,0,0,0,0,0,0,0
2025.5,1,0,0,1,0,0,32,32,7,0,4,3,7,10,10,6,0,0,0,0,0
2025.5,1,0,0,1,0,5,23,23,0,0,0,0,1,8,8,1,0,0,0,0,0
2025.5,1,0,0,1,0,10,24,24,0,0,1,1,0,6,6,0,0,0,0,0,0
2025.5,1,0,0,1,0,15,67,67,4,0,2,2,6,19,15,6,0,4,0,0,0
2025.5,1,0,0,1,0,20,96,96,15,0,2,2,14,38,22,12,0,8,0,0,0
2025.5,1,0,0,1,0,25,155,155,20,0,2,2,33,110,71,27,0,26,0,0,0
2025.5,1,0,0,1,0,30,218,218,30,0,2,2,48,180,130,39,0,49,0,0,1
2025.5,1,0,0,1,0,35,233,233,12,0,4,3,29,207,174,28,0,20,0,0,0
2025.5,1,0,0,1,0,40,186,186,14,0,3,2,31,165,131,28,0,13,0,0,0
2025.5,1,0,0,1,0,45,90,90,5,0,1,1,13,76,50,9,0,4,0,0,0
2025.5,1,0,0,1,0,50,68,68,5,0,0,0,7,33,23,4,0,0,0,0,0
2025.5,1,0,0,1,0,55,33,33,3,0,1,1,3,3,3,3,0,0,0,0,0
2025.5,1,0,0,1,0,60,35,35,5,0,2,0,3,4,4,3,0,1,0,0,0
2025.5,1,0,0,1,0,100,0,0,0,0,0,0,0,0,0,0,0,0,0,0,0
2025.5,1,0,0,1,1,0,9,9,0,9,0,0,9,9,9,0,0,0,0,0,0
2025.5,1,0,0,1,1,5,8,8,0,8,1,1,8,8,8,0,0,0,0,0,0
2025.5,1,0,0,1,1,10,8,8,0,8,0,0,8,8,8,0,0,0,0,0,0
2025.5,1,0,0,1,1,15,31,31,0,31,4,4,31,31,31,0,0,0,0,0,1
2025.5,1,0,0,1,1,20,91,91,0,91,1,1,91,91,91,0,0,2,0,0,1
2025.5,1,0,0,1,1,25,230,230,0,230,1,1,230,219,219,0,0,5,0,0,0
2025.5,1,0,0,1,1,30,407,407,0,407,3,2,407,394,393,0,0,12,0,0,0
2025.5,1,0,0,1,1,35,606,606,0,606,2,2,606,584,572,0,0,16,0,0,0
2025.5,1,0,0,1,1,40,694,694,0,694,8,5,694,615,598,0,0,11,0,0,0
2025.5,1,0,0,1,1,45,721,721,0,721,5,4,721,595,553,0,0,8,0,0,0
2025.5,1,0,0,1,1,50,610,610,0,610,5,2,610,271,245,0,0,5,0,0,0
2025.5,1,0,0,1,1,55,402,402,0,402,5,0,402,69,69,0,0,4,0,0,0
2025.5,1,0,0,1,1,60,326,326,0,326,9,2,326,47,47,0,0,2,0,0,0
2025.5,1,0,0,1,1,100,0,0,0,0,0,0,0,0,0,0,0,0,0,0,0
2025.5,1,0,1,0,0,0,0,0,0,0,0,0,0,0,0,0,0,0,0,0,0
2025.5,1,0,1,0,0,5,2,0,0,0,0,0,0,0,0,0,0,0,0,0,0
2025.5,1,0,1,0,0,10,23,0,0,0,0,0,0,10,0,0,0,0,0,0,0
2025.5,1,0,1,0,0,15,113,0,0,0,0,0,9,33,0,0,11,0,0,0,0
2025.5,1,0,1,0,0,20,306,0,0,0,0,0,130,176,0,0,107,0,0,0,0
2025.5,1,0,1,0,0,25,413,0,0,0,0,0,243,351,0,0,188,0,0,0,0
2025.5,1,0,1,0,0,30,464,0,0,0,0,0,292,430,0,0,201,0,0,0,0
2025.5,1,0,1,0,0,35,374,0,0,0,0,0,236,364,0,0,178,0,0,0,0
2025.5,1,0,1,0,0,40,263,0,0,0,0,0,164,251,0,0,126,0,0,0,0
2025.5,1,0,1,0,0,45,212,0,0,0,0,0,139,206,0,0,112,0,0,0,0
2025.5,1,0,1,0,0,50,125,0,0,0,1,0,40,70,0,0,20,0,0,0,0
2025.5,1,0,1,0,0,55,99,0,0,0,2,0,0,0,0,0,0,0,0,0,0
2025.5,1,0,1,0,0,60,115,0,0,0,4,0,0,0,0,0,0,0,0,0,0
2025.5,1,0,1,0,0,100,0,0,0,0,0,0,0,0,0,0,0,0,0,0,0
2025.5,1,0,1,0,1,0,0,0,0,0,0,0,0,0,0,0,0,0,0,0,0
2025.5,1,0,1,0,1,5,0,0,0,0,0,0,0,0,0,0,0,0,0,0,0
2025.5,1,0,1,0,1,10,0,0,0,0,0,0,0,0,0,0,0,0,0,0,0
2025.5,1,0,1,0,1,15,0,0,0,0,0,0,0,0,0,0,0,0,0,0,0
2025.5,1,0,1,0,1,20,0,0,0,0,0,0,0,0,0,0,0,0,0,0,0
2025.5,1,0,1,0,1,25,0,0,0,0,0,0,0,0,0,0,0,0,0,0,0
2025.5,1,0,1,0,1,30,0,0,0,0,0,0,0,0,0,0,0,0,0,0,0
2025.5,1,0,1,0,1,35,0,0,0,0,0,0,0,0,0,0,0,0,0,0,0
2025.5,1,0,1,0,1,40,0,0,0,0,0,0,0,0,0,0,0,0,0,0,0
2025.5,1,0,1,0,1,45,0,0,0,0,0,0,0,0,0,0,0,0,0,0,0
2025.5,1,0,1,0,1,50,0,0,0,0,0,0,0,0,0,0,0,0,0,0,0
2025.5,1,0,1,0,1,55,0,0,0,0,0,0,0,0,0,0,0,0,0,0,0
2025.5,1,0,1,0,1,60,0,0,0,0,0,0,0,0,0,0,0,0,0,0,0
2025.5,1,0,1,0,1,100,0,0,0,0,0,0,0,0,0,0,0,0,0,0,0
2025.5,1,0,1,1,0,0,0,0,0,0,0,0,0,0,0,0,0,0,0,0,0
2025.5,1,0,1,1,0,5,0,0,0,0,0,0,0,0,0,0,0,0,0,0,0
2025.5,1,0,1,1,0,10,0,0,0,0,0,0,0,0,0,0,0,0,0,0,0
2025.5,1,0,1,1,0,15,1,1,0,0,0,0,1,1,1,1,0,0,0,0,0
2025.5,1,0,1,1,0,20,5,5,0,0,1,1,0,2,2,0,0,2,0,0,0
2025.5,1,0,1,1,0,25,14,14,1,0,0,0,3,9,6,5,0,1,0,0,0
2025.5,1,0,1,1,0,30,18,18,1,0,0,0,4,15,12,3,0,4,0,0,0
2025.5,1,0,1,1,0,35,10,10,1,0,1,1,2,9,8,2,0,1,0,0,0
2025.5,1,0,1,1,0,40,29,29,0,0,0,0,3,25,22,2,0,1,0,0,0
2025.5,1,0,1,1,0,45,11,11,3,0,0,0,5,11,7,5,0,0,0,0,0
2025.5,1,0,1,1,0,50,7,7,1,0,1,1,0,3,3,0,0,0,0,0,0
2025.5,1,0,1,1,0,55,6,6,0,0,0,0,0,0,0,0,0,0,0,0,0
2025.5,1,0,1,1,0,60,2,2,0,0,0,0,0,0,0,0,0,0,0,0,0
2025.5,1,0,1,1,0,100,0,0,0,0,0,0,0,0,0,0,0,0,0,0,0
2025.5,1,0,1,1,1,0,0,0,0,0,0,0,0,0,0,0,0,0,0,0,0
2025.5,1,0,1,1,1,5,0,0,0,0,0,0,0,0,0,0,0,0,0,0,0
2025.5,1,0,1,1,1,10,0,0,0,0,0,0,0,0,0,0,0,0,0,0,0
2025.5,1,0,1,1,1,15,1,1,0,1,0,0,1,1,1,0,0,0,0,0,0
2025.5,1,0,1,1,1,20,5,5,0,5,0,0,5,5,5,0,0,0,0,0,0
2025.5,1,0,1,1,1,25,25,25,0,25,0,0,25,25,25,0,0,0,0,0,0
2025.5,1,0,1,1,1,30,31,31,0,31,0,0,31,30,29,0,0,0,0,0,0
2025.5,1,0,1,1,1,35,59,59,0,59,0,0,59,57,56,0,0,3,0,0,0
2025.5,1,0,1,1,1,40,78,78,0,78,0,0,78,67,66,0,0,1,0,0,0
2025.5,1,0,1,1,1,45,74,74,0,74,0,0,74,60,57,0,0,0,0,0,0
2025.5,1,0,1,1,1,50,60,60,0,60,0,0,60,24,22,0,0,3,0,0,0
2025.5,1,0,1,1,1,55,36,36,0,36,1,0,36,4,4,0,0,0,0,0,0
2025.5,1,0,1,1,1,60,32,32,0,32,2,1,32,2,2,0,0,1,0,0,0
2025.5,1,0,1,1,1,100,0,0,0,0,0,0,0,0,0,0,0,0,0,0,0
2025.5,1,1,0,0,0,0,5920,0,0,0,13,0,480,1952,0,0,220,0,0,0,0
2025.5,1,1,0,0,0,5,5575,0,0,0,2,0,0,1876,0,0,0,0,0,0,0
2025.5,1,1,0,0,0,10,5700,0,0,0,1,0,112,2008,0,0,126,0,0,0,0
2025.5,1,1,0,0,0,15,4857,0,0,0,2,0,1221,2739,0,0,954,0,0,0,0
2025.5,1,1,0,0,0,20,4036,0,0,0,1,0,1932,3230,0,0,1488,0,0,0,0
2025.5,1,1,0,0,0,25,3349,0,0,0,5,0,2066,3197,0,0,1604,0,0,0,0
2025.5,1,1,0,0,0,30,2676,0,0,0,3,0,1775,2656,0,0,1378,0,0,0,0
2025.5,1,1,0,0,0,35,2110,0,0,0,2,0,1416,2104,0,0,1058,0,0,0,0
2025.5,1,1,0,0,0,40,1443,0,0,0,4,0,936,1439,0,0,660,0,0,0,0
2025.5,1,1,0,0,0,45,827,0,0,0,1,0,472,804,0,0,313,0,0,0,0
2025.5,1,1,0,0,0,50,602,0,0,0,2,0,129,444,0,0,79,0,0,0,0
2025.5,1,1,0,0,0,55,568,0,0,0,1,0,31,203,0,0,15,0,0,0,0
2025.5,1,1,0,0,0,60,1512,0,0,0,54,0,4,58,0,0,1,0,0,0,0
2025.5,1,1,0,0,0,100,2,0,0,0,0,0,0,0,0,0,0,0,0,0,0
2025.5,1,1,0,0,1,0,0,0,0,0,0,0,0,0,0,0,0,0,0,0,0
2025.5,1,1,0,0,1,5,0,0,0,0,0,0,0,0,0,0,0,0,0,0,0
2025.5,1,1,0,0,1,10,0,0,0,0,0,0,0,0,0,0,0,0,0,0,0
2025.5,1,1,0,0,1,15,0,0,0,0,0,0,0,0,0,0,0,0,0,0,0
2025.5,1,1,0,0,1,20,0,0,0,0,0,0,0,0,0,0,0,0,0,0,0
2025.5,1,1,0,0,1,25,0,0,0,0,0,0,0,0,0,0,0,0,0,0,0
2025.5,1,1,0,0,1,30,0,0,0,0,0,0,0,0,0,0,0,0,0,0,0
2025.5,1,1,0,0,1,35,0,0,0,0,0,0,0,0,0,0,0,0,0,0,0
2025.5,1,1,0,0,1,40,0,0,0,0,0,0,0,0,0,0,0,0,0,0,0
2025.5,1,1,0,0,1,45,0,0,0,0,0,0,0,0,0,0,0,0,0,0,0
2025.5,1,1,0,0,1,50,0,0,0,0,0,0,0,0,0,0,0,0,0,0,0
2025.5,1,1,0,0,1,55,0,0,0,0,0,0,0,0,0,0,0,0,0,0,0
2025.5,1,1,0,0,1,60,0,0,0,0,0,0,0,0,0,0,0,0,0,0,0
2025.5,1,1,0,0,1,100,0,0,0,0,0,0,0,0,0,0,0,0,0,0,0
2025.5,1,1,0,1,0,0,25,25,5,0,4,4,2,2,2,2,0,0,0,0,0
2025.5,1,1,0,1,0,5,17,17,0,0,0,0,0,2,2,0,0,0,0,0,0
2025.5,1,1,0,1,0,10,33,33,5,0,1,1,2,8,6,2,0,0,0,0,0
2025.5,1,1,0,1,0,15,126,126,25,0,2,2,30,75,36,21,0,13,0,0,0
2025.5,1,1,0,1,0,20,224,224,57,0,0,0,60,175,90,50,0,23,0,0,0
2025.5,1,1,0,1,0,25,198,198,33,0,1,1,54,176,98,37,0,11,0,0,0
2025.5,1,1,0,1,0,30,255,255,37,0,0,0,76,248,161,53,0,6,0,0,0
2025.5,1,1,0,1,0,35,178,178,24,0,2,2,32,169,100,15,0,11,0,0,0
2025.5,1,1,0,1,0,40,124,124,10,0,1,1,12,112,83,7,0,3,0,0,0
2025.5,1,1,0,1,0,45,103,103,8,0,2,2,11,95,57,15,0,2,0,0,0
2025.5,1,1,0,1,0,50,112,112,3,0,2,2,6,67,46,7,0,4,0,0,0
2025.5,1,1,0,1,0,55,60,60,2,0,1,1,6,28,22,5,0,1,0,0,0
2025.5,1,1,0,1,0,60,54,54,3,0,2,0,3,10,10,4,0,2,0,0,0
2025.5,1,1,0,1,0,100,0,0,0,0,0,0,0,0,0,0,0,0,0,0,0
2025.5,1,1,0,1,1,0,7,7,0,7,0,0,7,7,7,0,0,0,0,0,0
2025.5,1,1,0,1,1,5,9,9,0,9,1,1,9,9,9,0,0,0,0,0,0
2025.5,1,1,0,1,1,10,15,15,0,15,0,0,15,15,15,0,0,0,0,0,0
2025.5,1,1,0,1,1,15,136,136,0,136,1,1,136,110,101,0,0,1,0,0,0
2025.5,1,1,0,1,1,20,454,454,0,454,3,2,454,395,353,0,0,7,0,0,0
2025.5,1,1,0,1,1,25,856,856,0,856,1,1,856,774,653,0,0,4,0,0,0
2025.5,1,1,0,1,1,30,1297,1297,0,1297,4,3,1297,1188,992,0,0,8,0,0,0
2025.5,1,1,0,1,1,35,1647,1647,0,1647,0,0,1647,1535,1280,0,0,8,0,0,0
2025.5,1,1,0,1,1,40,1644,1644,0,1644,6,4,1644,1511,1221,0,0,5,0,0,0
2025.5,1,1,0,1,1,45,1228,1228,0,1228,6,2,1228,1046,862,0,0,4,0,0,0
2025.5,1,1,0,1,1,50,814,814,0,814,5,1,814,518,398,0,0,5,0,0,0
2025.5,1,1,0,1,1,55,459,459,0,459,2,2,459,205,165,0,0,0,0,0,0
2025.5,1,1,0,1,1,60,427,427,0,427,11,2,427,103,88,0,0,2,0,0,0
2025.5,1,1,0,1,1,100,0,0,0,0,0,0,0,0,0,0,0,0,0,0,0
2026,1,0,0,0,0,0,5835,0,0,0,19,0,479,1972,0,0,220,0,0,0,0
2026,1,0,0,0,0,5,5728,0,0,0,1,0,0,1974,0,0,0,0,0,0,0
2026,1,0,0,0,0,10,5598,0,0,0,2,0,0,1840,0,0,0,0,0,0,8
2026,1,0,0,0,0,15,5002,0,0,0,2,0,388,1727,0,0,344,0,0,0,24
2026,1,0,0,0,0,20,4144,0,0,0,4,0,1634,2334,0,0,1164,0,0,0,17
2026,1,0,0,0,0,25,3361,0,0,0,3,0,1868,2750,0,0,1383,0,0,0,12
2026,1,0,0,0,0,30,3034,0,0,0,7,0,1877,2842,0,0,1347,0,0,0,0
2026,1,0,0,0,0,35,2542,0,0,0,2,0,1644,2475,0,0,1206,0,0,0,0
2026,1,0,0,0,0,40,1818,0,0,0,7,0,1186,1766,0,0,871,0,0,0,0
2026,1,0,0,0,0,45,1184,0,0,0,3,0,769,1151,0,0,524,0,0,0,0
2026,1,0,0,0,0,50,821,0,0,0,4,0,370,541,0,0,250,0,0,0,0
2026,1,0,0,0,0,55,530,0,0,0,9,0,0,0,0,0,0,0,0,0,0
2026,1,0,0,0,0,60,874,0,0,0,25,0,0,0,0,0,0,0,0,0,0
2026,1,0,0,0,0,100,0,0,0,0,0,0,0,0,0,0,0,0,0,0,0
2026,1,0,0,0,1,0,0,0,0,0,0,0,0,0,0,0,0,0,0,0,0
2026,1,0,0,0,1,5,0,0,0,0,0,0,0,0,0,0,0,0,0,0,0
2026,1,0,0,0,1,10,0,0,0,0,0,0,0,0,0,0,0,0,0,0,0
2026,1,0,0,0,1,15,0,0,0,0,0,0,0,0,0,0,0,0,0,0,0
2026,1,0,0,0,1,20,0,0,0,0,0,0,0,0,0,0,0,0,0,0,0
2026,1,0,0,0,1,25,0,0,0,0,0,0,0,0,0,0,0,0,0,0,0
2026,1,0,0,0,1,30,0,0,0,0,0,0,0,0,0,0,0,0,0,0,0
2026,1,0,0,0,1,35,0,0,0,0,0,0,0,0,0,0,0,0,0,0,0
2026,1,0,0,0,1,40,0,0,0,0,0,0,0,0,0,0,0,0,0,0,0
2026,1,0,0,0,1,45,0,0,0,0,0,0,0,0,0,0,0,0,0,0,0
2026,1,0,0,0,1,50,0,0,0,0,0,0,0,0,0,0,0,0,0,0,0
2026,1,0,0,0,1,55,0,0,0,0,0,0,0,0,0,0,0,0,0,0,0
2026,1,0,0,0,1,60,0,0,0,0,0,0,0,0,0,0,0,0,0,0,0
2026,1,0,0,0,1,100,0,0,0,0,0,0,0,0,0,0,0,0,0,0,0
2026,1,0,0,1,0,0,21,21,4,0,4,4,1,2,2,0,0,0,0,0,0
2026,1,0,0,1,0,5,26,26,0,0,1,1,0,9,9,0,0,0,0,0,0
2026,1,0,0,1,0,10,21,21,0,0,0,0,0,7,7,0,0,0,0,0,0
2026,1,0,0,1,0,15,63,63,7,0,3,3,3,17,13,3,0,3,0,0,0
2026,1,0,0,1,0,20,100,100,18,0,1,1,25,43,30,23,0,18,0,0,1
2026,1,0,0,1,0,25,152,152,24,0,1,1,34,106,72,35,0,36,0,0,0
2026,1,0,0,1,0,30,201,201,15,0,5,5,41,169,128,38,0,22,0,0,0
2026,1,0,0,1,0,35,230,230,18,0,6,5,36,209,173,28,0,17,0,0,0
2026,1,0,0,1,0,40,202,202,18,0,6,5,34,181,146,32,0,8,0,0,0
2026,1,0,0,1,0,45,96,96,13,0,0,0,15,85,55,12,0,3,0,0,0
2026,1,0,0,1,0,50,70,70,6,0,0,0,11,41,30,5,0,2,0,0,0
2026,1,0,0,1,0,55,41,41,3,0,0,0,4,6,6,2,0,1,0,0,0
2026,1,0,0,1,0,60,32,32,3,0,2,0,2,5,5,1,0,1,0,0,0
2026,1,0,0,1,0,100,0,0,0,0,0,0,0,0,0,0,0,0,0,0,0
2026,1,0,0,1,1,0,12,12,0,12,0,0,12,12,12,0,0,0,0,0,0
2026,1,0,0,1,1,5,8,8,0,8,0,0,8,8,8,0,0,0,0,0,0
2026,1,0,0,1,1,10,8,8,0,8,0,0,8,8,8,0,0,0,0,0,0
2026,1,0,0,1,1,15,29,29,0,29,2,2,29,29,29,0,0,0,0,0,0
2026,1,0,0,1,1,20,80,80,0,80,1,1,80,80,80,0,0,2,0,0,0
2026,1,0,0,1,1,25,228,228,0,228,0,0,228,218,218,0,0,8,0,0,0
2026,1,0,0,1,1,30,429,429,0,429,2,1,429,417,416,0,0,20,0,0,1
2026,1,0,0,1,1,35,592,592,0,592,6,3,592,574,565,0,0,8,0,0,0
2026,1,0,0,1,1,40,699,699,0,699,6,3,699,626,606,0,0,18,0,0,0
2026,1,0,0,1,1,45,722,722,0,722,7,6,722,603,563,0,0,5,0,0,0
2026,1,0,0,1,1,50,621,621,0,621,5,1,621,315,280,0,0,2,0,0,0
2026,1,0,0,1,1,55,405,405,0,405,7,2,405,69,69,0,0,2,0,0,0
2026,1,0,0,1,1,60,358,358,0,358,14,3,358,49,49,0,0,2,0,0,0
2026,1,0,0,1,1,100,0,0,0,0,0,0,0,0,0,0,0,0,0,0,0
2026,1,0,1,0,0,0,0,0,0,0,0,0,0,0,0,0,0,0,0,0,0
2026,1,0,1,0,0,5,2,0,0,0,0,0,0,0,0,0,0,0,0,0,0
2026,1,0,1,0,0,10,21,0,0,0,0,0,0,9,0,0,0,0,0,0,0
2026,1,0,1,0,0,15,128,0,0,0,0,0,13,46,0,0,9,0,0,0,0
2026,1,0,1,0,0,20,295,0,0,0,0,0,129,177,0,0,96,0,0,0,0
2026,1,0,1,0,0,25,421,0,0,0,0,0,238,348,0,0,170,0,0,0,0
2026,1,0,1,0,0,30,470,0,0,0,1,0,298,436,0,0,236,0,0,0,0
2026,1,0,1,0,0,35,386,0,0,0,0,0,236,376,0,0,170,0,0,0,0
2026,1,0,1,0,0,40,274,0,0,0,0,0,193,262,0,0,127,0,0,0,0
2026,1,0,1,0,0,45,208,0,0,0,0,0,132,202,0,0,93,0,0,0,0
2026,1,0,1,0,0,50,136,0,0,0,0,0,55,91,0,0,37,0,0,0,0
2026,1,0,1,0,0,55,101,0,0,0,2,0,0,0,0,0,0,0,0,0,0
2026,1,0,1,0,0,60,119,0,0,0,2,0,0,0,0,0,0,0,0,0,0
2026,1,0,1,0,0,100,0,0,0,0,0,0,0,0,0,0,0,0,0,0,0
2026,1,0,1,0,1,0,0,0,0,0,0,0,0,0,0,0,0,0,0,0,0
2026,1,0,1,0,1,5,0,0,0,0,0,0,0,0,0,0,0,0,0,0,0
2026,1,0,1,0,1,10,0,0,0,0,0,0,0,0,0,0,0,0,0,0,0
2026,1,0,1,0,1,15,0,0,0,0,0,0,0,0,0,0,0,0,0,0,0
2026,1,0,1,0,1,20,0,0,0,0,0,0,0,0,0,0,0,0,0,0,0
2026,1,0,1,0,1,25,0,0,0,0,0,0,0,0,0,0,0,0,0,0,0
2026,1,0,1,0,1,30,0,0,0,0,0,0,0,0,0,0,0,0,0,0,0
2026,1,0,1,0,1,35,0,0,0,0,0,0,0,0,0,0,0,0,0,0,0
2026,1,0,1,0,1,40,0,0,0,0,0,0,0,0,0,0,0,0,0,0,0
2026,1,0,1,0,1,45,0,0,0,0,0,0,0,0,0,0,0,0,0,0,0
2026,1,0,1,0,1,50,0,0,0,0,0,0,0,0,0,0,0,0,0,0,0
2026,1,0,1,0,1,55,0,0,0,0,0,0,0,0,0,0,0,0,0,0,0
2026,1,0,1,0,1,60,0,0,0,0,0,0,0,0,0,0,0,0,0,0,0
2026,1,0,1,0,1,100,0,0,0,0,0,0,0,0,0,0,0,0,0,0,0
2026,1,0,1,1,0,0,0,0,0,0,0,0,0,0,0,0,0,0,0,0,0
2026,1,0,1,1,0,5,0,0,0,0,0,0,0,0,0,0,0,0,0,0,0
2026,1,0,1,1,0,10,0,0,0,0,0,0,0,0,0,0,0,0,0,0,0
2026,1,0,1,1,0,15,1,1,0,0,0,0,1,1,1,0,0,0,0,0,0
2026,1,0,1,1,0,20,6,6,0,0,0,0,1,3,2,1,0,1,0,0,0
2026,1,0,1,1,0,25,15,15,3,0,0,0,4,10,5,1,0,1,0,0,0
2026,1,0,1,1,0,30,14,14,0,0,0,0,2,12,10,3,0,0,0,0,0
2026,1,0,1,1,0,35,10,10,1,0,0,0,1,9,7,0,0,1,0,0,0
2026,1,0,1,1,0,40,27,27,0,0,0,0,2,22,19,2,0,1,0,0,0
2026,1,0,1,1,0,45,12,12,0,0,1,1,3,12,10,1,0,0,0,0,0
2026,1,0,1,1,0,50,5,5,0,0,1,1,1,5,5,1,0,0,0,0,0
2026,1,0,1,1,0,55,3,3,0,0,0,0,0,0,0,0,0,0,0,0,0
2026,1,0,1,1,0,60,4,4,0,0,0,0,1,1,1,1,0,0,0,0,0
2026,1,0,1,1,0,100,0,0,0,0,0,0,0,0,0,0,0,0,0,0,0
2026,1,0,1,1,1,0,0,0,0,0,0,0,0,0,0,0,0,0,0,0,0
2026,1,0,1,1,1,5,0,0,0,0,0,0,0,0,0,0,0,0,0,0,0
2026,1,0,1,1,1,10,0,0,0,0,0,0,0,0,0,0,0,0,0,0,0
2026,1,0,1,1,1,15,1,1,0,1,0,0,1,1,1,0,0,0,0,0,0
2026,1,0,1,1,1,20,4,4,0,4,0,0,4,4,4,0,0,0,0,0,0
2026,1,0,1,1,1,25,26,26,0,26,0,0,26,26,26,0,0,2,0,0,0
2026,1,0,1,1,1,30,37,37,0,37,0,0,37,36,35,0,0,3,0,0,0
2026,1,0,1,1,1,35,55,55,0,55,0,0,55,53,52,0,0,0,0,0,0
2026,1,0,1,1,1,40,69,69,0,69,0,0,69,61,61,0,0,2,0,0,0
2026,1,0,1,1,1,45,82,82,0,82,2,0,82,69,64,0,0,3,0,0,0
2026,1,0,1,1,1,50,58,58,0,58,1,1,58,26,24,0,0,0,0,0,0
2026,1,0,1,1,1,55,41,41,0,41,0,0,41,3,3,0,0,0,0,0,0
2026,1,0,1,1,1,60,34,34,0,34,3,0,34,3,3,0,0,0,0,0,0
2026,1,0,1,1,1,100,0,0,0,0,0,0,0,0,0,0,0,0,0,0,0
2026,1,1,0,0,0,0,5905,0,0,0,16,0,461,1955,0,0,207,0,0,0,0
2026,1,1,0,0,0,5,5650,0,0,0,2,0,0,1891,0,0,0,0,0,0,0
2026,1,1,0,0,0,10,5700,0,0,0,0,0,105,2017,0,0,117,0,0,0,0
2026,1,1,0,0,0,15,4943,0,0,0,2,0,1249,2838,0,0,899,0,0,0,0
2026,1,1,0,0,0,20,4055,0,0,0,0,0,1992,3255,0,0,1550,0,0,0,0
2026,1,1,0,0,0,25,3348,0,0,0,3,0,2062,3204,0,0,1555,0,0,0,0
2026,1,1,0,0,0,30,2686,0,0,0,1,0,1781,2665,0,0,1342,0,0,0,0
2026,1,1,0,0,0,35,2180,0,0,0,4,0,1489,2176,0,0,1047,0,0,0,0
2026,1,1,0,0,0,40,1472,0,0,0,1,0,944,1468,0,0,672,0,0,0,0
2026,1,1,0,0,0,45,875,0,0,0,5,0,522,860,0,0,399,0,0,0,0
2026,1,1,0,0,0,50,610,0,0,0,4,0,159,465,0,0,112,0,0,0,0
2026,1,1,0,0,0,55,572,0,0,0,1,0,24,223,0,0,17,0,0,0,0
2026,1,1,0,0,0,60,1516,0,0,0,40,0,2,72,0,0,1,0,0,0,0
2026,1,1,0,0,0,100,2,0,0,0,0,0,0,0,0,0,0,0,0,0,0
2026,1,1,0,0,1,0,0,0,0,0,0,0,0,0,0,0,0,0,0,0,0
2026,1,1,0,0,1,5,0,0,0,0,0,0,0,0,0,0,0,0,0,0,0
2026,1,1,0,0,1,10,0,0,0,0,0,0,0,0,0,0,0,0,0,0,0
2026,1,1,0,0,1,15,0,0,0,0,0,0,0,0,0,0,0,0,0,0,0
2026,1,1,0,0,1,20,0,0,0,0,0,0,0,0,0,0,0,0,0,0,0
2026,1,1,0,0,1,25,0,0,0,0,0,0,0,0,0,0,0,0,0,0,0
2026,1,1,0,0,1,30,0,0,0,0,0,0,0,0,0,0,0,0,0,0,0
2026,1,1,0,0,1,35,0,0,0,0,0,0,0,0,0,0,0,0,0,0,0
2026,1,1,0,0,1,40,0,0,0,0,0,0,0,0,0,0,0,0,0,0,0
2026,1,1,0,0,1,45,0,0,0,0,0,0,0,0,0,0,0,0,0,0,0
2026,1,1,0,0,1,50,0,0,0,0,0,0,0,0,0,0,0,0,0,0,0
2026,1,1,0,0,1,55,0,0,0,0,0,0,0,0,0,0,0,0,0,0,0
2026,1,1,0,0,1,60,0,0,0,0,0,0,0,0,0,0,0,0,0,0,0
2026,1,1,0,0,1,100,0,0,0,0,0,0,0,0,0,0,0,0,0,0,0
2026,1,1,0,1,0,0,29,29,8,0,2,2,4,4,4,4,0,0,0,0,0
2026,1,1,0,1,0,5,17,17,0,0,0,0,0,2,2,0,0,0,0,0,0
2026,1,1,0,1,0,10,33,33,5,0,4,4,2,7,6,3,0,1,0,0,0
2026,1,1,0,1,0,15,122,122,24,0,4,4,25,72,32,12,0,13,0,0,0
2026,1,1,0,1,0,20,222,222,48,0,1,1,65,173,93,53,0,27,0,0,0
2026,1,1,0,1,0,25,236,236,43,0,1,1,62,206,113,40,0,10,0,0,0
2026,1,1,0,1,0,30,257,257,34,0,1,1,56,250,161,40,0,8,0,0,0
2026,1,1,0,1,0,35,181,181,19,0,0,0,32,174,113,27,0,4,0,0,0
2026,1,1,0,1,0,40,128,128,7,0,0,0,12,117,82,5,0,1,0,0,0
2026,1,1,0,1,0,45,101,101,5,0,2,2,5,89,61,4,0,3,0,0,0
2026,1,1,0,1,0,50,103,103,2,0,2,1,7,69,52,6,0,4,0,0,0
2026,1,1,0,1,0,55,71,71,1,0,2,1,4,36,26,5,0,1,0,0,0
2026,1,1,0,1,0,60,61,61,4,0,2,1,1,8,8,2,0,1,0,0,0
2026,1,1,0,1,0,100,0,0,0,0,0,0,0,0,0,0,0,0,0,0,0
2026,1,1,0,1,1,0,8,8,0,8,0,0,8,8,8,0,0,0,0,0,0
2026,1,1,0,1,1,5,7,7,0,7,0,0,7,7,7,0,0,0,0,0,0
2026,1,1,0,1,1,10,18,18,0,18,0,0,18,18,18,0,0,0,0,0,0
2026,1,1,0,1,1,15,116,116,0,116,1,1,116,95,86,0,0,1,0,0,0
2026,1,1,0,1,1,20,454,454,0,454,0,0,454,395,354,0,0,7,0,0,0
2026,1,1,0,1,1,25,840,840,0,840,3,3,840,756,637,0,0,11,0,0,0
2026,1,1,0,1,1,30,1271,1271,0,1271,1,0,1271,1170,984,0,0,6,0,0,0
2026,1,1,0,1,1,35,1650,1650,0,1650,6,2,1650,1541,1279,0,0,8,0,0,0
2026,1,1,0,1,1,40,1645,1645,0,1645,3,3,1645,1509,1220,0,0,11,0,0,0
2026,1,1,0,1,1,45,1284,1284,0,1284,6,3,1284,1123,920,0,0,8,0,0,0
2026,1,1,0,1,1,50,861,861,0,861,6,3,861,565,435,0,0,2,0,0,0
2026,1,1,0,1,1,55,464,464,0,464,6,4,464,220,177,0,0,1,0,0,0
2026,1,1,0,1,1,60,465,465,0,465,7,0,465,118,99,0,0,1,0,0,0
2026,1,1,0,1,1,100,0,0,0,0,0,0,0,0,0,0,0,0,0,0,0
2026.5,1,0,0,0,0,0,5884,0,0,0,25,0,443,1982,0,0,191,0,0,0,0
2026.5,1,0,0,0,0,5,5672,0,0,0,2,0,0,1928,0,0,0,0,0,0,1
2026.5,1,0,0,0,0,10,5647,0,0,0,3,0,0,1873,0,0,0,0,0,0,5
2026.5,1,0,0,0,0,15,5027,0,0,0,0,0,380,1837,0,0,351,0,0,0,16
2026.5,1,0,0,0,0,20,4201,0,0,0,6,0,1671,2406,0,0,1273,0,0,0,9
2026.5,1,0,0,0,0,25,3423,0,0,0,3,0,1913,2811,0,0,1375,0,0,0,7
2026.5,1,0,0,0,0,30,2982,0,0,0,4,0,1867,2791,0,0,1419,0,0,0,2
2026.5,1,0,0,0,0,35,2602,0,0,0,7,0,1688,2528,0,0,1252,0,0,0,0
2026.5,1,0,0,0,0,40,1881,0,0,0,6,0,1224,1833,0,0,866,0,0,0,0
2026.5,1,0,0,0,0,45,1180,0,0,0,6,0,792,1153,0,0,578,0,0,0,0
2026.5,1,0,0,0,0,50,845,0,0,0,8,0,422,636,0,0,293,0,0,0,0
2026.5,1,0,0,0,0,55,555,0,0,0,4,0,1,1,0,0,1,0,0,0,0
2026.5,1,0,0,0,0,60,878,0,0,0,28,0,0,0,0,0,0,0,0,0,0
2026.5,1,0,0,0,0,100,0,0,0,0,0,0,0,0,0,0,0,0,0,0,0
2026.5,1,0,0,0,1,0,0,0,0,0,0,0,0,0,0,0,0,0,0,0,0
2026.5,1,0,0,0,1,5,0,0,0,0,0,0,0,0,0,0,0,0,0,0,0
2026.5,1,0,0,0,1,10,0,0,0,0,0,0,0,0,0,0,0,0,0,0,0
2026.5,1,0,0,0,1,15,0,0,0,0,0,0,0,0,0,0,0,0,0,0,0
2026.5,1,0,0,0,1,20,0,0,0,0,0,0,0,0,0,0,0,0,0,0,0
2026.5,1,0,0,0,1,25,0,0,0,0,0,0,0,0,0,0,0,0,0,0,0
2026.5,1,0,0,0,1,30,0,0,0,0,0,0,0,0,0,0,0,0,0,0,0
2026.5,1,0,0,0,1,35,0,0,0,0,0,0,0,0,0,0,0,0,0,0,0
2026.5,1,0,0,0,1,40,0,0,0,0,0,0,0,0,0,0,0,0,0,0,0
2026.5,1,0,0,0,1,45,0,0,0,0,0,0,0,0,0,0,0,0,0,0,0
2026.5,1,0,0,0,1,50,0,0,0,0,0,0,0,0,0,0,0,0,0,0,0
2026.5,1,0,0,0,1,55,0,0,0,0,0,0,0,0,0,0,0,0,0,0,0
2026.5,1,0,0,0,1,60,0,0,0,0,0,0,0,0,0,0,0,0,0,0,0
2026.5,1,0,0,0,1,100,0,0,0,0,0,0,0,0,0,0,0,0,0,0,0
2026.5,1,0,0,1,0,0,26,26,7,0,1,1,3,4,4,1,0,0,0,0,0
2026.5,1,0,0,1,0,5,24,24,0,0,1,1,0,8,8,1,0,0,0,0,0
2026.5,1,0,0,1,0,10,19,19,0,0,1,1,2,8,8,2,0,0,0,0,0
2026.5,1,0,0,1,0,15,54,54,2,0,3,3,3,15,11,1,0,2,0,0,0
2026.5,1,0,0,1,0,20,105,105,25,0,1,1,17,40,26,11,0,22,0,0,0
2026.5,1,0,0,1,0,25,150,150,17,0,2,2,30,103,68,22,0,28,0,0,0
2026.5,1,0,0,1,0,30,204,204,33,0,3,2,49,169,129,40,0,45,0,0,1
2026.5,1,0,0,1,0,35,228,228,22,0,0,0,41,212,174,36,0,25,0,0,0
2026.5,1,0,0,1,0,40,213,213,24,0,6,6,43,192,146,31,0,9,0,0,0
2026.5,1,0,0,1,0,45,92,92,10,0,3,1,14,80,55,10,0,1,0,0,0
2026.5,1,0,0,1,0,50,69,69,10,0,2,1,12,46,29,9,0,2,0,0,0
2026.5,1,0,0,1,0,55,44,44,2,0,1,1,3,9,9,2,0,1,0,0,0
2026.5,1,0,0,1,0,60,43,43,4,0,0,0,4,9,9,5,0,2,0,0,0
2026.5,1,0,0,1,0,100,0,0,0,0,0,0,0,0,0,0,0,0,0,0,0
2026.5,1,0,0,1,1,0,9,9,0,9,0,0,9,9,9,0,0,0,0,0,0
2026.5,1,0,0,1,1,5,11,11,0,11,0,0,11,11,11,0,0,0,0,0,0
2026.5,1,0,0,1,1,10,8,8,0,8,0,0,8,8,8,0,0,0,0,0,0
2026.5,1,0,0,1,1,15,25,25,0,25,2,2,25,25,25,0,0,0,0,0,0
2026.5,1,0,0,1,1,20,80,80,0,80,1,1,80,80,80,0,0,3,0,0,0
2026.5,1,0,0,1,1,25,229,229,0,229,1,1,229,223,223,0,0,7,0,0,1
2026.5,1,0,0,1,1,30,431,431,0,431,3,3,431,418,417,0,0,13,0,0,0
2026.5,1,0,0,1,1,35,594,594,0,594,3,3,594,576,567,0,0,8,0,0,0
2026.5,1,0,0,1,1,40,702,702,0,702,2,1,702,633,618,0,0,6,0,0,0
2026.5,1,0,0,1,1,45,745,745,0,745,7,5,745,634,584,0,0,7,0,0,0
2026.5,1,0,0,1,1,50,632,632,0,632,2,1,632,365,327,0,0,2,0,0,0
2026.5,1,0,0,1,1,55,421,421,0,421,4,1,421,67,67,0,0,2,0,0,0
2026.5,1,0,0,1,1,60,381,381,0,381,10,2,381,56,56,0,0,7,0,0,0
2026.5,1,0,0,1,1,100,0,0,0,0,0,0,0,0,0,0,0,0,0,0,0
2026.5,1,0,1,0,0,0,0,0,0,0,0,0,0,0,0,0,0,0,0,0,0
2026.5,1,0,1,0,0,5,1,0,0,0,0,0,0,1,0,0,0,0,0,0,0
2026.5,1,0,1,0,0,10,20,0,0,0,0,0,0,6,0,0,0,0,0,0,0
2026.5,1,0,1,0,0,15,141,0,0,0,0,0,17,53,0,0,16,0,0,0,0
2026.5,1,0,1,0,0,20,276,0,0,0,1,0,126,173,0,0,91,0,0,0,0
2026.5,1,0,1,0,0,25,417,0,0,0,0,0,220,342,0,0,188,0,0,0,0
2026.5,1,0,1,0,0,30,469,0,0,0,0,0,289,436,0,0,208,0,0,0,0
2026.5,1,0,1,0,0,35,394,0,0,0,1,0,265,385,0,0,199,0,0,0,0
2026.5,1,0,1,0,0,40,282,0,0,0,0,0,173,270,0,0,114,0,0,0,0
2026.5,1,0,1,0,0,45,218,0,0,0,0,0,132,210,0,0,90,0,0,0,0
2026.5,1,0,1,0,0,50,140,0,0,0,0,0,73,105,0,0,58,0,0,0,0
2026.5,1,0,1,0,0,55,101,0,0,0,0,0,0,0,0,0,0,0,0,0,0
2026.5,1,0,1,0,0,60,124,0,0,0,6,0,0,0,0,0,0,0,0,0,0
2026.5,1,0,1,0,0,100,0,0,0,0,0,0,0,0,0,0,0,0,0,0,0
2026.5,1,0,1,0,1,0,0,0,0,0,0,0,0,0,0,0,0,0,0,0,0
2026.5,1,0,1,0,1,5,0,0,0,0,0,0,0,0,0,0,0,0,0,0,0
2026.5,1,0,1,0,1,10,0,0,0,0,0,0,0,0,0,0,0,0,0,0,0
2026.5,1,0,1,0,1,15,0,0,0,0,0,0,0,0,0,0,0,0,0,0,0
2026.5,1,0,1,0,1,20,0,0,0,0,0,0,0,0,0,0,0,0,0,0,0
2026.5,1,0,1,0,1,25,0,0,0,0,0,0,0,0,0,0,0,0,0,0,0
2026.5,1,0,1,0,1,30,0,0,0,0,0,0,0,0,0,0,0,0,0,0,0
2026.5,1,0,1,0,1,35,0,0,0,0,0,0,0,0,0,0,0,0,0,0,0
2026.5,1,0,1,0,1,40,0,0,0,0,0,0,0,0,0,0,0,0,0,0,0
2026.5,1,0,1,0,1,45,0,0,0,0,0,0,0,0,0,0,0,0,0,0,0
2026.5,1,0,1,0,1,50,0,0,0,0,0,0,0,0,0,0,0,0,0,0,0
2026.5,1,0,1,0,1,55,0,0,0,0,0,0,0,0,0,0,0,0,0,0,0
2026.5,1,0,1,0,1,60,0,0,0,0,0,0,0,0,0,0,0,0,0,0,0
2026.5,1,0,1,0,1,100,0,0,0,0,0,0,0,0,0,0,0,0,0,0,0
2026.5,1,0,1,1,0,0,0,0,0,0,0,0,0,0,0,0,0,0,0,0,0
2026.5,1,0,1,1,0,5,0,0,0,0,0,0,0,0,0,0,0,0,0,0,0
2026.5,1,0,1,1,0,10,0,0,1,0,0,0,0,0,0,0,0,0,0,0,0
2026.5,1,0,1,1,0,15,2,2,0,0,0,0,1,2,2,1,0,0,0,0,0
2026.5,1,0,1,1,0,20,8,8,2,0,0,0,2,5,4,2,0,1,0,0,0
2026.5,1,0,1,1,0,25,16,16,2,0,0,0,4,12,7,2,0,3,0,0,0
2026.5,1,0,1,1,0,30,15,15,1,0,2,0,2,12,10,2,0,1,0,0,0
2026.5,1,0,1,1,0,35,11,11,1,0,0,0,1,10,8,1,0,1,0,0,0
2026.5,1,0,1,1,0,40,25,25,3,0,0,0,6,21,17,2,0,1,0,0,0
2026.5,1,0,1,1,0,45,22,22,3,0,1,1,2,21,16,0,0,2,0,0,0
2026.5,1,0,1,1,0,50,7,7,0,0,0,0,2,6,6,0,0,0,0,0,0
2026.5,1,0,1,1,0,55,2,2,0,0,0,0,0,0,0,0,0,0,0,0,0
2026.5,1,0,1,1,0,60,4,4,0,0,0,0,0,0,0,0,0,0,0,0,0
2026.5,1,0,1,1,0,100,0,0,0,0,0,0,0,0,0,0,0,0,0,0,0
2026.5,1,0,1,1,1,0,0,0,0,0,0,0,0,0,0,0,0,0,0,0,0
2026.5,1,0,1,1,1,5,0,0,0,0,0,0,0,0,0,0,0,0,0,0,0
2026.5,1,0,1,1,1,10,0,0,0,0,0,0,0,0,0,0,0,0,0,0,0
2026.5,1,0,1,1,1,15,1,1,0,1,0,0,1,1,1,0,0,0,0,0,0
2026.5,1,0,1,1,1,20,2,2,0,2,0,0,2,2,2,0,0,0,0,0,0
2026.5,1,0,1,1,1,25,23,23,0,23,1,0,23,23,23,0,0,1,0,0,0
2026.5,1,0,1,1,1,30,39,39,0,39,0,0,39,38,37,0,0,4,0,0,0
2026.5,1,0,1,1,1,35,47,47,0,47,1,0,47,46,45,0,0,1,0,0,0
2026.5,1,0,1,1,1,40,70,70,0,70,1,1,70,62,62,0,0,0,0,0,0
2026.5,1,0,1,1,1,45,80,80,0,80,0,0,80,66,61,0,0,1,0,0,0
2026.5,1,0,1,1,1,50,58,58,0,58,1,0,58,32,30,0,0,0,0,0,0
2026.5,1,0,1,1,1,55,40,40,0,40,0,0,40,3,3,0,0,0,0,0,0
2026.5,1,0,1,1,1,60,38,38,0,38,1,0,38,3,3,0,0,0,0,0,0
2026.5,1,0,1,1,1,100,0,0,0,0,0,0,0,0,0,0,0,0,0,0,0
2026.5,1,1,0,0,0,0,5925,0,0,0,15,0,460,1977,0,0,216,0,0,0,0
2026.5,1,1,0,0,0,5,5638,0,0,0,0,0,0,1874,0,0,0,0,0,0,0
2026.5,1,1,0,0,0,10,5744,0,0,0,1,0,115,2050,0,0,116,0,0,0,0
2026.5,1,1,0,0,0,15,5000,0,0,0,0,0,1244,2920,0,0,907,0,0,0,0
2026.5,1,1,0,0,0,20,4077,0,0,0,0,0,1997,3277,0,0,1494,0,0,0,0
2026.5,1,1,0,0,0,25,3368,0,0,0,1,0,2076,3224,0,0,1693,0,0,0,0
2026.5,1,1,0,0,0,30,2708,0,0,0,0,0,1825,2690,0,0,1415,0,0,0,0
2026.5,1,1,0,0,0,35,2221,0,0,0,1,0,1502,2217,0,0,1096,0,0,0,0
2026.5,1,1,0,0,0,40,1521,0,0,0,1,0,986,1518,0,0,729,0,0,0,0
2026.5,1,1,0,0,0,45,929,0,0,0,2,0,581,921,0,0,411,0,0,0,0
2026.5,1,1,0,0,0,50,620,0,0,0,1,0,176,491,0,0,123,0,0,0,0
2026.5,1,1,0,0,0,55,549,0,0,0,1,0,35,236,0,0,21,0,0,0,0
2026.5,1,1,0,0,0,60,1544,0,0,0,39,0,2,83,0,0,2,0,0,0,0
2026.5,1,1,0,0,0,100,2,0,0,0,0,0,0,0,0,0,0,0,0,0,0
2026.5,1,1,0,0,1,0,0,0,0,0,0,0,0,0,0,0,0,0,0,0,0
2026.5,1,1,0,0,1,5,0,0,0,0,0,0,0,0,0,0,0,0,0,0,0
2026.5,1,1,0,0,1,10,0,0,0,0,0,0,0,0,0,0,0,0,0,0,0
2026.5,1,1,0,0,1,15,0,0,0,0,0,0,0,0,0,0,0,0,0,0,0
2026.5,1,1,0,0,1,20,0,0,0,0,0,0,0,0,0,0,0,0,0,0,0
2026.5,1,1,0,0,1,25,0,0,0,0,0,0,0,0,0,0,0,0,0,0,0
2026.5,1,1,0,0,1,30,0,0,0,0,0,0,0,0,0,0,0,0,0,0,0
2026.5,1,1,0,0,1,35,0,0,0,0,0,0,0,0,0,0,0,0,0,0,0
2026.5,1,1,0,0,1,40,0,0,0,0,0,0,0,0,0,0,0,0,0,0,0
2026.5,1,1,0,0,1,45,0,0,0,0,0,0,0,0,0,0,0,0,0,0,0
2026.5,1,1,0,0,1,50,0,0,0,0,0,0,0,0,0,0,0,0,0,0,0
2026.5,1,1,0,0,1,55,0,0,0,0,0,0,0,0,0,0,0,0,0,0,0
2026.5,1,1,0,0,1,60,0,0,0,0,0,0,0,0,0,0,0,0,0,0,0
2026.5,1,1,0,0,1,100,0,0,0,0,0,0,0,0,0,0,0,0,0,0,0
2026.5,1,1,0,1,0,0,23,23,3,0,3,3,0,0,0,0,0,0,0,0,0
2026.5,1,1,0,1,0,5,20,20,0,0,0,0,0,3,3,0,0,0,0,0,0
2026.5,1,1,0,1,0,10,29,29,7,0,2,2,1,7,5,4,0,2,0,0,0
2026.5,1,1,0,1,0,15,132,132,38,0,1,1,31,79,34,21,0,24,0,0,0
2026.5,1,1,0,1,0,20,219,219,50,0,1,1,62,165,83,44,0,23,0,0,0
2026.5,1,1,0,1,0,25,243,243,40,0,3,3,59,214,114,39,0,19,0,0,0
2026.5,1,1,0,1,0,30,249,249,31,0,2,2,62,242,158,37,0,15,0,0,0
2026.5,1,1,0,1,0,35,181,181,17,0,3,3,37,174,105,14,0,9,0,0,0
2026.5,1,1,0,1,0,40,137,137,10,0,1,1,19,128,92,12,0,5,0,0,0
2026.5,1,1,0,1,0,45,118,118,5,0,0,0,9,106,77,9,0,5,0,0,0
2026.5,1,1,0,1,0,50,93,93,1,0,1,1,2,62,46,3,0,1,0,0,0
2026.5,1,1,0,1,0,55,81,81,2,0,0,0,2,41,30,3,0,2,0,0,0
2026.5,1,1,0,1,0,60,79,79,7,0,2,1,5,17,17,6,0,1,0,0,0
2026.5,1,1,0,1,0,100,0,0,0,0,0,0,0,0,0,0,0,0,0,0,0
2026.5,1,1,0,1,1,0,9,9,0,9,0,0,9,9,9,0,0,0,0,0,0
2026.5,1,1,0,1,1,5,6,6,0,6,0,0,6,6,6,0,0,0,0,0,0
2026.5,1,1,0,1,1,10,22,22,0,22,0,0,22,22,22,0,0,0,0,0,0
2026.5,1,1,0,1,1,15,110,110,0,110,2,2,110,90,82,0,0,1,0,0,0
2026.5,1,1,0,1,1,20,446,446,0,446,3,3,446,387,346,0,0,4,0,0,0
2026.5,1,1,0,1,1,25,843,843,0,843,1,0,843,766,650,0,0,6,0,0,0
2026.5,1,1,0,1,1,30,1243,1243,0,1243,3,3,1243,1147,961,0,0,13,0,0,0
2026.5,1,1,0,1,1,35,1651,1651,0,1651,0,0,1651,1537,1264,0,0,7,0,0,0
2026.5,1,1,0,1,1,40,1666,1666,0,1666,5,5,1666,1537,1250,0,0,9,0,0,0
2026.5,1,1,0,1,1,45,1332,1332,0,1332,3,0,1332,1171,956,0,0,10,0,0,0
2026.5,1,1,0,1,1,50,880,880,0,880,6,3,880,608,473,0,0,3,0,0,0
2026.5,1,1,0,1,1,55,495,495,0,495,2,1,495,232,182,0,0,1,0,0,0
2026.5,1,1,0,1,1,60,491,491,0,491,7,0,491,141,118,0,0,2,0,0,0
2026.5,1,1,0,1,1,100,0,0,0,0,0,0,0,0,0,0,0,0,0,0,0
2027,1,0,0,0,0,0,5855,0,0,0,18,0,410,1953,0,0,185,0,0,0,0
2027,1,0,0,0,0,5,5696,0,0,0,3,0,0,1963,0,0,0,0,0,0,0
2027,1,0,0,0,0,10,5711,0,0,0,4,0,0,1865,0,0,0,0,0,0,5
2027,1,0,0,0,0,15,5056,0,0,0,2,0,393,1919,0,0,365,0,0,0,18
2027,1,0,0,0,0,20,4233,0,0,0,1,0,1648,2445,0,0,1206,0,0,0,19
2027,1,0,0,0,0,25,3458,0,0,0,1,0,1949,2843,0,0,1451,0,0,0,7
2027,1,0,0,0,0,30,3002,0,0,0,2,0,1915,2810,0,0,1385,0,0,0,0
2027,1,0,0,0,0,35,2606,0,0,0,3,0,1713,2535,0,0,1188,0,0,0,0
2027,1,0,0,0,0,40,1942,0,0,0,7,0,1283,1898,0,0,961,0,0,0,0
2027,1,0,0,0,0,45,1214,0,0,0,5,0,806,1192,0,0,590,0,0,0,0
2027,1,0,0,0,0,50,847,0,0,0,10,0,465,702,0,0,302,0,0,0,0
2027,1,0,0,0,0,55,564,0,0,0,9,0,3,3,0,0,1,0,0,0,0
2027,1,0,0,0,0,60,889,0,0,0,30,0,0,0,0,0,0,0,0,0,0
2027,1,0,0,0,0,100,0,0,0,0,0,0,0,0,0,0,0,0,0,0,0
2027,1,0,0,0,1,0,0,0,0,0,0,0,0,0,0,0,0,0,0,0,0
2027,1,0,0,0,1,5,0,0,0,0,0,0,0,0,0,0,0,0,0,0,0
2027,1,0,0,0,1,10,0,0,0,0,0,0,0,0,0,0,0,0,0,0,0
2027,1,0,0,0,1,15,0,0,0,0,0,0,0,0,0,0,0,0,0,0,0
2027,1,0,0,0,1,20,0,0,0,0,0,0,0,0,0,0,0,0,0,0,0
2027,1,0,0,0,1,25,0,0,0,0,0,0,0,0,0,0,0,0,0,0,0
2027,1,0,0,0,1,30,0,0,0,0,0,0,0,0,0,0,0,0,0,0,0
2027,1,0,0,0,1,35,0,0,0,0,0,0,0,0,0,0,0,0,0,0,0
2027,1,0,0,0,1,40,0,0,0,0,0,0,0,0,0,0,0,0,0,0,0
2027,1,0,0,0,1,45,0,0,0,0,0,0,0,0,0,0,0,0,0,0,0
2027,1,0,0,0,1,50,0,0,0,0,0,0,0,0,0,0,0,0,0,0,0
2027,1,0,0,0,1,55,0,0,0,0,0,0,0,0,0,0,0,0,0,0,0
2027,1,0,0,0,1,60,0,0,0,0,0,0,0,0,0,0,0,0,0,0,0
2027,1,0,0,0,1,100,0,0,0,0,0,0,0,0,0,0,0,0,0,0,0
2027,1,0,0,1,0,0,25,25,5,0,6,6,3,4,4,3,0,0,0,0,0
2027,1,0,0,1,0,5,24,24,0,0,1,1,0,8,8,1,0,0,0,0,0
2027,1,0,0,1,0,10,15,15,0,0,2,2,0,6,6,0,0,0,0,0,0
2027,1,0,0,1,0,15,53,53,8,0,2,2,3,16,11,3,0,2,0,0,0
2027,1,0,0,1,0,20,111,111,23,0,4,4,19,46,30,17,0,19,0,0,0
2027,1,0,0,1,0,25,143,143,18,0,0,0,31,95,69,33,0,23,0,0,0
2027,1,0,0,1,0,30,201,201,22,0,1,1,37,168,127,33,0,27,0,0,0
2027,1,0,0,1,0,35,226,226,16,0,4,4,37,208,165,28,0,23,0,0,0
2027,1,0,0,1,0,40,213,213,25,0,4,3,47,194,155,33,0,15,0,0,0
2027,1,0,0,1,0,45,112,112,12,0,1,0,23,97,70,15,0,5,0,0,0
2027,1,0,0,1,0,50,78,78,8,0,2,2,10,57,41,5,0,1,0,0,0
2027,1,0,0,1,0,55,47,47,4,0,1,0,3,9,9,3,0,2,0,0,0
2027,1,0,0,1,0,60,39,39,3,0,1,1,2,5,5,1,0,1,0,0,0
2027,1,0,0,1,0,100,0,0,0,0,0,0,0,0,0,0,0,0,0,0,0
2027,1,0,0,1,1,0,10,10,0,10,0,0,10,10,10,0,0,0,0,0,0
2027,1,0,0,1,1,5,10,10,0,10,1,1,10,10,10,0,0,0,0,0,0
2027,1,0,0,1,1,10,8,8,0,8,1,1,8,8,8,0,0,0,0,0,0
2027,1,0,0,1,1,15,24,24,0,24,0,0,24,24,24,0,0,0,0,0,0
2027,1,0,0,1,1,20,78,78,0,78,0,0,78,78,78,0,0,3,0,0,0
2027,1,0,0,1,1,25,232,232,0,232,1,1,232,227,227,0,0,2,0,0,1
2027,1,0,0,1,1,30,430,430,0,430,1,1,430,416,415,0,0,12,0,0,0
2027,1,0,0,1,1,35,601,601,0,601,1,0,601,586,576,0,0,13,0,0,0
2027,1,0,0,1,1,40,695,695,0,695,10,6,695,633,620,0,0,10,0,0,0
2027,1,0,0,1,1,45,731,731,0,731,5,2,731,632,585,0,0,1,0,0,0
2027,1,0,0,1,1,50,649,649,0,649,2,1,649,414,364,0,0,10,0,0,0
2027,1,0,0,1,1,55,451,451,0,451,9,3,451,77,76,0,0,5,0,0,0
2027,1,0,0,1,1,60,413,413,0,413,14,3,413,65,65,0,0,4,0,0,0
2027,1,0,0,1,1,100,0,0,0,0,0,0,0,0,0,0,0,0,0,0,0
2027,1,0,1,0,0,0,0,0,0,0,0,0,0,0,0,0,0,0,0,0,0
2027,1,0,1,0,0,5,1,0,0,0,0,0,0,1,0,0,0,0,0,0,0
2027,1,0,1,0,0,10,20,0,0,0,0,0,0,7,0,0,0,0,0,0,0
2027,1,0,1,0,0,15,143,0,0,0,0,0,20,59,0,0,14,0,0,0,0
2027,1,0,1,0,0,20,278,0,0,0,0,0,122,175,0,0,97,0,0,0,0
2027,1,0,1,0,0,25,409,0,0,0,1,0,233,334,0,0,174,0,0,0,0
2027,1,0,1,0,0,30,465,0,0,0,1,0,301,437,0,0,207,0,0,0,0
2027,1,0,1,0,0,35,402,0,0,0,2,0,245,394,0,0,160,0,0,0,0
2027,1,0,1,0,0,40,288,0,0,0,1,0,177,277,0,0,113,0,0,0,0
2027,1,0,1,0,0,45,221,0,0,0,1,0,139,214,0,0,106,0,0,0,0
2027,1,0,1,0,0,50,147,0,0,0,1,0,86,121,0,0,53,0,0,0,0
2027,1,0,1,0,0,55,106,0,0,0,0,0,1,2,0,0,1,0,0,0,0
2027,1,0,1,0,0,60,126,0,0,0,1,0,0,0,0,0,0,0,0,0,0
2027,1,0,1,0,0,100,0,0,0,0,0,0,0,0,0,0,0,0,0,0,0
2027,1,0,1,0,1,0,0,0,0,0,0,0,0,0,0,0,0,0,0,0,0
2027,1,0,1,0,1,5,0,0,0,0,0,0,0,0,0,0,0,0,0,0,0
2027,1,0,1,0,1,10,0,0,0,0,0,0,0,0,0,0,0,0,0,0,0
2027,1,0,1,0,1,15,0,0,0,0,0,0,0,0,0,0,0,0,0,0,0
2027,1,0,1,0,1,20,0,0,0,0,0,0,0,0,0,0,0,0,0,0,0
2027,1,0,1,0,1,25,0,0,0,0,0,0,0,0,0,0,0,0,0,0,0
2027,1,0,1,0,1,30,0,0,0,0,0,0,0,0,0,0,0,0,0,0,0
2027,1,0,1,0,1,35,0,0,0,0,0,0,0,0,0,0,0,0,0,0,0
2027,1,0,1,0,1,40,0,0,0,0,0,0,0,0,0,0,0,0,0,0,0
2027,1,0,1,0,1,45,0,0,0,0,0,0,0,0,0,0,0,0,0,0,0
2027,1,0,1,0,1,50,0,0,0,0,0,0,0,0,0,0,0,0,0,0,0
2027,1,0,1,0,1,55,0,0,0,0,0,0,0,0,0,0,0,0,0,0,0
2027,1,0,1,0,1,60,0,0,0,0,0,0,0,0,0,0,0,0,0,0,0
2027,1,0,1,0,1,100,0,0,0,0,0,0,0,0,0,0,0,0,0,0,0
2027,1,0,1,1,0,0,0,0,0,0,0,0,0,0,0,0,0,0,0,0,0
2027,1,0,1,1,0,5,0,0,0,0,0,0,0,0,0,0,0,0,0,0,0
2027,1,0,1,1,0,10,0,0,0,0,0,0,0,0,0,0,0,0,0,0,0
2027,1,0,1,1,0,15,1,1,0,0,0,0,0,1,1,0,0,0,0,0,0
2027,1,0,1,1,0,20,7,7,1,0,0,0,0,3,2,0,0,1,0,0,0
2027,1,0,1,1,0,25,17,17,4,0,0,0,5,13,6,2,0,2,0,0,0
2027,1,0,1,1,0,30,14,14,1,0,2,2,3,11,9,4,0,2,0,0,0
2027,1,0,1,1,0,35,9,9,2,0,1,1,1,8,6,3,0,0,0,0,0
2027,1,0,1,1,0,40,27,27,4,0,0,0,10,23,18,6,0,2,0,0,0
2027,1,0,1,1,0,45,18,18,3,0,0,0,1,15,9,1,0,3,0,0,0
2027,1,0,1,1,0,50,8,8,0,0,0,0,0,7,5,0,0,0,0,0,0
2027,1,0,1,1,0,55,4,4,0,0,0,0,1,1,1,1,0,1,0,0,0
2027,1,0,1,1,0,60,6,6,0,0,0,0,0,0,0,0,0,0,0,0,0
2027,1,0,1,1,0,100,0,0,0,0,0,0,0,0,0,0,0,0,0,0,0
2027,1,0,1,1,1,0,0,0,0,0,0,0,0,0,0,0,0,0,0,0,0
2027,1,0,1,1,1,5,0,0,0,0,0,0,0,0,0,0,0,0,0,0,0
2027,1,0,1,1,1,10,0,0,0,0,0,0,0,0,0,0,0,0,0,0,0
2027,1,0,1,1,1,15,2,2,0,2,0,0,2,2,2,0,0,0,0,0,0
2027,1,0,1,1,1,20,3,3,0,3,0,0,3,3,3,0,0,0,0,0,0
2027,1,0,1,1,1,25,22,22,0,22,0,0,22,22,22,0,0,1,0,0,0
2027,1,0,1,1,1,30,42,42,0,42,0,0,42,41,41,0,0,2,0,0,0
2027,1,0,1,1,1,35,48,48,0,48,1,1,48,47,46,0,0,1,0,0,0
2027,1,0,1,1,1,40,69,69,0,69,0,0,69,63,62,0,0,0,0,0,0
2027,1,0,1,1,1,45,82,82,0,82,1,1,82,68,65,0,0,0,0,0,0
2027,1,0,1,1,1,50,61,61,0,61,1,0,61,38,35,0,0,0,0,0,0
2027,1,0,1,1,1,55,43,43,0,43,1,0,43,6,6,0,0,0,0,0,0
2027,1,0,1,1,1,60,37,37,0,37,0,0,37,3,3,0,0,0,0,0,0
2027,1,0,1,1,1,100,0,0,0,0,0,0,0,0,0,0,0,0,0,0,0
2027,1,1,0,0,0,0,5966,0,0,0,14,0,437,1963,0,0,193,0,0,0,0
2027,1,1,0,0,0,5,5605,0,0,0,0,0,0,1887,0,0,0,0,0,0,0
2027,1,1,0,0,0,10,5779,0,0,0,0,0,111,2049,0,0,118,0,0,0,0
2027,1,1,0,0,0,15,5025,0,0,0,1,0,1246,2972,0,0,974,0,0,0,0
2027,1,1,0,0,0,20,4146,0,0,0,0,0,2057,3336,0,0,1596,0,0,0,0
2027,1,1,0,0,0,25,3412,0,0,0,0,0,2127,3265,0,0,1634,0,0,0,0
2027,1,1,0,0,0,30,2767,0,0,0,4,0,1867,2750,0,0,1383,0,0,0,0
2027,1,1,0,0,0,35,2228,0,0,0,3,0,1461,2223,0,0,1071,0,0,0,0
2027,1,1,0,0,0,40,1569,0,0,0,0,0,1044,1566,0,0,748,0,0,0,0
2027,1,1,0,0,0,45,943,0,0,0,2,0,605,940,0,0,458,0,0,0,0
2027,1,1,0,0,0,50,647,0,0,0,4,0,191,539,0,0,127,0,0,0,0
2027,1,1,0,0,0,55,527,0,0,0,1,0,38,246,0,0,27,0,0,0,0
2027,1,1,0,0,0,60,1571,0,0,0,37,0,3,103,0,0,0,0,0,0,0
2027,1,1,0,0,0,100,2,0,0,0,0,0,0,0,0,0,0,0,0,0,0
2027,1,1,0,0,1,0,0,0,0,0,0,0,0,0,0,0,0,0,0,0,0
2027,1,1,0,0,1,5,0,0,0,0,0,0,0,0,0,0,0,0,0,0,0
2027,1,1,0,0,1,10,0,0,0,0,0,0,0,0,0,0,0,0,0,0,0
2027,1,1,0,0,1,15,0,0,0,0,0,0,0,0,0,0,0,0,0,0,0
2027,1,1,0,0,1,20,0,0,0,0,0,0,0,0,0,0,0,0,0,0,0
2027,1,1,0,0,1,25,0,0,0,0,0,0,0,0,0,0,0,0,0,0,0
2027,1,1,0,0,1,30,0,0,0,0,0,0,0,0,0,0,0,0,0,0,0
2027,1,1,0,0,1,35,0,0,0,0,0,0,0,0,0,0,0,0,0,0,0
2027,1,1,0,0,1,40,0,0,0,0,0,0,0,0,0,0,0,0,0,0,0
2027,1,1,0,0,1,45,0,0,0,0,0,0,0,0,0,0,0,0,0,0,0
2027,1,1,0,0,1,50,0,0,0,0,0,0,0,0,0,0,0,0,0,0,0
2027,1,1,0,0,1,55,0,0,0,0,0,0,0,0,0,0,0,0,0,0,0
2027,1,1,0,0,1,60,0,0,0,0,0,0,0,0,0,0,0,0,0,0,0
2027,1,1,0,0,1,100,0,0,0,0,0,0,0,0,0,0,0,0,0,0,0
2027,1,1,0,1,0,0,23,23,4,0,0,0,2,2,2,2,0,0,0,0,0
2027,1,1,0,1,0,5,22,22,0,0,0,0,0,3,3,0,0,0,0,0,0
2027,1,1,0,1,0,10,35,35,11,0,2,2,4,12,6,4,0,4,0,0,0
2027,1,1,0,1,0,15,118,118,31,0,0,0,25,68,29,20,0,18,0,0,0
2027,1,1,0,1,0,20,217,217,43,0,3,3,60,170,82,49,0,21,0,0,0
2027,1,1,0,1,0,25,217,217,25,0,2,2,59,193,117,45,0,16,0,0,0
2027,1,1,0,1,0,30,234,234,29,0,4,3,61,227,149,42,0,12,0,0,0
2027,1,1,0,1,0,35,174,174,19,0,0,0,23,167,110,15,0,5,0,0,0
2027,1,1,0,1,0,40,149,149,18,0,3,3,27,140,93,13,0,8,0,0,0
2027,1,1,0,1,0,45,139,139,6,0,0,0,16,130,94,12,0,4,0,0,0
2027,1,1,0,1,0,50,79,79,4,0,3,2,3,57,43,6,0,4,0,0,0
2027,1,1,0,1,0,55,86,86,5,0,3,2,3,44,32,6,0,0,0,0,0
2027,1,1,0,1,0,60,72,72,2,0,1,1,3,16,13,3,0,2,0,0,0
2027,1,1,0,1,0,100,0,0,0,0,0,0,0,0,0,0,0,0,0,0,0
2027,1,1,0,1,1,0,7,7,0,7,0,0,7,7,7,0,0,0,0,0,0
2027,1,1,0,1,1,5,8,8,0,8,0,0,8,8,8,0,0,0,0,0,0
2027,1,1,0,1,1,10,16,16,0,16,0,0,16,16,16,0,0,0,0,0,0
2027,1,1,0,1,1,15,116,116,0,116,0,0,116,101,90,0,0,2,0,0,0
2027,1,1,0,1,1,20,454,454,0,454,2,2,454,385,346,0,0,5,0,0,0
2027,1,1,0,1,1,25,861,861,0,861,1,0,861,776,657,0,0,6,0,0,0
2027,1,1,0,1,1,30,1235,1235,0,1235,2,2,1235,1143,953,0,0,10,0,0,0
2027,1,1,0,1,1,35,1635,1635,0,1635,4,1,1635,1535,1248,0,0,6,0,0,0
2027,1,1,0,1,1,40,1678,1678,0,1678,8,1,1678,1549,1270,0,0,14,0,0,0
2027,1,1,0,1,1,45,1379,1379,0,1379,4,2,1379,1223,990,0,0,10,0,0,0
2027,1,1,0,1,1,50,926,926,0,926,5,3,926,659,510,0,0,6,0,0,0
2027,1,1,0,1,1,55,539,539,0,539,0,0,539,260,205,0,0,0,0,0,0
2027,1,1,0,1,1,60,527,527,0,527,6,1,527,161,139,0,0,1,0,0,0
2027,1,1,0,1,1,100,0,0,0,0,0,0,0,0,0,0,0,0,0,0,0
2027.5,1,0,0,0,0,0,5849,0,0,0,21,0,418,1944,0,0,203,0,0,0,0
2027.5,1,0,0,0,0,5,5721,0,0,0,2,0,0,1975,0,0,0,0,0,0,0
2027.5,1,0,0,0,0,10,5747,0,0,0,2,0,0,1887,0,0,1,0,0,0,7
2027.5,1,0,0,0,0,15,5070,0,0,0,4,0,370,1972,0,0,322,0,0,0,12
2027.5,1,0,0,0,0,20,4282,0,0,0,6,0,1645,2502,0,0,1249,0,0,0,26
2027.5,1,0,0,0,0,25,3472,0,0,0,8,0,1977,2861,0,0,1464,0,0,0,9
2027.5,1,0,0,0,0,30,3009,0,0,0,7,0,1874,2818,0,0,1357,0,0,0,1
2027.5,1,0,0,0,0,35,2628,0,0,0,3,0,1704,2555,0,0,1232,0,0,0,0
2027.5,1,0,0,0,0,40,1968,0,0,0,4,0,1294,1924,0,0,948,0,0,0,0
2027.5,1,0,0,0,0,45,1296,0,0,0,2,0,869,1276,0,0,608,0,0,0,0
2027.5,1,0,0,0,0,50,844,0,0,0,2,0,493,764,0,0,340,0,0,0,0
2027.5,1,0,0,0,0,55,592,0,0,0,6,0,16,23,0,0,10,0,0,0,0
2027.5,1,0,0,0,0,60,912,0,0,0,18,0,0,0,0,0,0,0,0,0,0
2027.5,1,0,0,0,0,100,0,0,0,0,0,0,0,0,0,0,0,0,0,0,0
2027.5,1,0,0,0,1,0,0,0,0,0,0,0,0,0,0,0,0,0,0,0,0
2027.5,1,0,0,0,1,5,0,0,0,0,0,0,0,0,0,0,0,0,0,0,0
2027.5,1,0,0,0,1,10,0,0,0,0,0,0,0,0,0,0,0,0,0,0,0
2027.5,1,0,0,0,1,15,0,0,0,0,0,0,0,0,0,0,0,0,0,0,0
2027.5,1,0,0,0,1,20,0,0,0,0,0,0,0,0,0,0,0,0,0,0,0
2027.5,1,0,0,0,1,25,0,0,0,0,0,0,0,0,0,0,0,0,0,0,0
2027.5,1,0,0,0,1,30,0,0,0,0,0,0,0,0,0,0,0,0,0,0,0
2027.5,1,0,0,0,1,35,0,0,0,0,0,0,0,0,0,0,0,0,0,0,0
2027.5,1,0,0,0,1,40,0,0,0,0,0,0,0,0,0,0,0,0,0,0,0
2027.5,1,0,0,0,1,45,0,0,0,0,0,0,0,0,0,0,0,0,0,0,0
2027.5,1,0,0,0,1,50,0,0,0,0,0,0,0,0,0,0,0,0,0,0,0
2027.5,1,0,0,0,1,55,0,0,0,0,0,0,0,0,0,0,0,0,0,0,0
2027.5,1,0,0,0,1,60,0,0,0,0,0,0,0,0,0,0,0,0,0,0,0
2027.5,1,0,0,0,1,100,0,0,0,0,0,0,0,0,0,0,0,0,0,0,0
2027.5,1,0,0,1,0,0,24,24,4,0,2,2,2,3,3,2,0,0,0,0,0
2027.5,1,0,0,1,0,5,22,22,0,0,0,0,0,7,7,1,0,0,0,0,0
2027.5,1,0,0,1,0,10,13,13,0,0,0,0,0,5,5,0,0,0,0,0,0
2027.5,1,0,0,1,0,15,55,55,10,0,2,2,9,23,13,9,0,6,0,0,0
2027.5,1,0,0,1,0,20,122,122,28,0,0,0,22,53,31,14,0,23,0,0,1
2027.5,1,0,0,1,0,25,151,151,26,0,0,0,37,97,66,22,0,22,0,0,0
2027.5,1,0,0,1,0,30,204,204,28,0,1,1,46,174,127,31,0,36,0,0,0
2027.5,1,0,0,1,0,35,216,216,16,0,6,6,48,198,162,37,0,19,0,0,0
2027.5,1,0,0,1,0,40,212,212,18,0,3,3,42,196,156,33,0,13,0,0,0
2027.5,1,0,0,1,0,45,111,111,7,0,4,3,20,103,82,19,0,9,0,0,0
2027.5,1,0,0,1,0,50,80,80,7,0,0,0,11,63,49,7,0,2,0,0,0
2027.5,1,0,0,1,0,55,47,47,2,0,1,0,3,9,9,2,0,1,0,0,0
2027.5,1,0,0,1,0,60,35,35,4,0,0,0,2,5,5,2,0,0,0,0,0
2027.5,1,0,0,1,0,100,0,0,0,0,0,0,0,0,0,0,0,0,0,0,0
2027.5,1,0,0,1,1,0,8,8,0,8,0,0,8,8,8,0,0,0,0,0,0
2027.5,1,0,0,1,1,5,14,14,0,14,0,0,14,14,14,0,0,0,0,0,0
2027.5,1,0,0,1,1,10,7,7,0,7,0,0,7,7,7,0,0,0,0,0,0
2027.5,1,0,0,1,1,15,24,24,0,24,0,0,24,24,24,0,0,1,0,0,0
2027.5,1,0,0,1,1,20,82,82,0,82,1,1,82,82,82,0,0,2,0,0,0
2027.5,1,0,0,1,1,25,231,231,0,231,1,1,231,226,226,0,0,7,0,0,2
2027.5,1,0,0,1,1,30,418,418,0,418,1,0,418,404,403,0,0,12,0,0,0
2027.5,1,0,0,1,1,35,602,602,0,602,4,2,602,589,580,0,0,16,0,0,0
2027.5,1,0,0,1,1,40,692,692,0,692,9,4,692,639,626,0,0,12,0,0,0
2027.5,1,0,0,1,1,45,748,748,0,748,9,4,748,641,592,0,0,15,0,0,0
2027.5,1,0,0,1,1,50,662,662,0,662,7,1,662,457,399,0,0,4,0,0,0
2027.5,1,0,0,1,1,55,468,468,0,468,9,2,468,86,85,0,0,0,0,0,0
2027.5,1,0,0,1,1,60,441,441,0,441,12,2,441,73,73,0,0,4,0,0,0
2027.5,1,0,0,1,1,100,0,0,0,0,0,0,0,0,0,0,0,0,0,0,0
2027.5,1,0,1,0,0,0,0,0,0,0,0,0,0,0,0,0,0,0,0,0,0
2027.5,1,0,1,0,0,5,0,0,0,0,0,0,0,0,0,0,0,0,0,0,0
2027.5,1,0,1,0,0,10,24,0,0,0,0,0,0,9,0,0,0,0,0,0,0
2027.5,1,0,1,0,0,15,139,0,0,0,0,0,15,58,0,0,14,0,0,0,0
2027.5,1,0,1,0,0,20,293,0,0,0,0,0,118,185,0,0,73,0,0,0,0
2027.5,1,0,1,0,0,25,403,0,0,0,0,0,239,330,0,0,145,0,0,0,0
2027.5,1,0,1,0,0,30,453,0,0,0,0,0,281,421,0,0,209,0,0,0,0
2027.5,1,0,1,0,0,35,416,0,0,0,1,0,263,410,0,0,209,0,0,0,0
2027.5,1,0,1,0,0,40,296,0,0,0,0,0,179,285,0,0,120,0,0,0,0
2027.5,1,0,1,0,0,45,229,0,0,0,1,0,146,223,0,0,100,0,0,0,0
2027.5,1,0,1,0,0,50,151,0,0,0,3,0,100,136,0,0,62,0,0,0,0
2027.5,1,0,1,0,0,55,107,0,0,0,1,0,2,3,0,0,1,0,0,0,0
2027.5,1,0,1,0,0,60,132,0,0,0,2,0,0,0,0,0,0,0,0,0,0
2027.5,1,0,1,0,0,100,0,0,0,0,0,0,0,0,0,0,0,0,0,0,0
2027.5,1,0,1,0,1,0,0,0,0,0,0,0,0,0,0,0,0,0,0,0,0
2027.5,1,0,1,0,1,5,0,0,0,0,0,0,0,0,0,0,0,0,0,0,0
2027.5,1,0,1,0,1,10,0,0,0,0,0,0,0,0,0,0,0,0,0,0,0
2027.5,1,0,1,0,1,15,0,0,0,0,0,0,0,0,0,0,0,0,0,0,0
2027.5,1,0,1,0,1,20,0,0,0,0,0,0,0,0,0,0,0,0,0,0,0
2027.5,1,0,1,0,1,25,0,0,0,0,0,0,0,0,0,0,0,0,0,0,0
2027.5,1,0,1,0,1,30,0,0,0,0,0,0,0,0,0,0,0,0,0,0,0
2027.5,1,0,1,0,1,35,0,0,0,0,0,0,0,0,0,0,0,0,0,0,0
2027.5,1,0,1,0,1,40,0,0,0,0,0,0,0,0,0,0,0,0,0,0,0
2027.5,1,0,1,0,1,45,0,0,0,0,0,0,0,0,0,0,0,0,0,0,0
2027.5,1,0,1,0,1,50,0,0,0,0,0,0,0,0,0,0,0,0,0,0,0
2027.5,1,0,1,0,1,55,0,0,0,0,0,0,0,0,0,0,0,0,0,0,0
2027.5,1,0,1,0,1,60,0,0,0,0,0,0,0,0,0,0,0,0,0,0,0
2027.5,1,0,1,0,1,100,0,0,0,0,0,0,0,0,0,0,0,0,0,0,0
2027.5,1,0,1,1,0,0,0,0,0,0,0,0,0,0,0,0,0,0,0,0,0
2027.5,1,0,1,1,0,5,0,0,0,0,0,0,0,0,0,0,0,0,0,0,0
2027.5,1,0,1,1,0,10,0,0,0,0,0,0,0,0,0,0,0,0,0,0,0
2027.5,1,0,1,1,0,15,1,1,0,0,0,0,0,1,1,0,0,1,0,0,0
2027.5,1,0,1,1,0,20,7,7,0,0,0,0,0,4,3,0,0,0,0,0,0
2027.5,1,0,1,1,0,25,16,16,1,0,0,0,4,12,9,4,0,2,0,0,0
2027.5,1,0,1,1,0,30,16,16,4,0,0,0,3,13,7,2,0,1,0,0,0
2027.5,1,0,1,1,0,35,12,12,4,0,0,0,4,10,7,2,0,6,0,0,0
2027.5,1,0,1,1,0,40,21,21,2,0,2,2,4,15,12,5,0,2,0,0,0
2027.5,1,0,1,1,0,45,13,13,0,0,0,0,4,11,7,4,0,0,0,0,0
2027.5,1,0,1,1,0,50,10,10,0,0,0,0,0,9,7,0,0,1,0,0,0
2027.5,1,0,1,1,0,55,5,5,0,0,1,1,1,2,2,0,0,0,0,0,0
2027.5,1,0,1,1,0,60,9,9,0,0,0,0,0,0,0,0,0,0,0,0,0
2027.5,1,0,1,1,0,100,0,0,0,0,0,0,0,0,0,0,0,0,0,0,0
2027.5,1,0,1,1,1,0,0,0,0,0,0,0,0,0,0,0,0,0,0,0,0
2027.5,1,0,1,1,1,5,0,0,0,0,0,0,0,0,0,0,0,0,0,0,0
2027.5,1,0,1,1,1,10,0,0,0,0,0,0,0,0,0,0,0,0,0,0,0
2027.5,1,0,1,1,1,15,1,1,0,1,0,0,1,1,1,0,0,0,0,0,0
2027.5,1,0,1,1,1,20,3,3,0,3,0,0,3,3,3,0,0,0,0,0,0
2027.5,1,0,1,1,1,25,26,26,0,26,0,0,26,26,26,0,0,0,0,0,0
2027.5,1,0,1,1,1,30,39,39,0,39,0,0,39,38,38,0,0,0,0,0,0
2027.5,1,0,1,1,1,35,44,44,0,44,0,0,44,44,43,0,0,1,0,0,0
2027.5,1,0,1,1,1,40,78,78,0,78,0,0,78,74,73,0,0,2,0,0,0
2027.5,1,0,1,1,1,45,82,82,0,82,3,2,82,67,63,0,0,1,0,0,0
2027.5,1,0,1,1,1,50,58,58,0,58,1,0,58,44,41,0,0,0,0,0,0
2027.5,1,0,1,1,1,55,43,43,0,43,0,0,43,7,7,0,0,0,0,0,0
2027.5,1,0,1,1,1,60,40,40,0,40,2,0,40,3,3,0,0,0,0,0,0
2027.5,1,0,1,1,1,100,0,0,0,0,0,0,0,0,0,0,0,0,0,0,0
2027.5,1,1,0,0,0,0,5988,0,0,0,16,0,421,1992,0,0,208,0,0,0,0
2027.5,1,1,0,0,0,5,5578,0,0,0,0,0,0,1867,0,0,0,0,0,0,0
2027.5,1,1,0,0,0,10,5799,0,0,0,0,0,114,2063,0,0,130,0,0,0,0
2027.5,1,1,0,0,0,15,5054,0,0,0,2,0,1254,2975,0,0,959,0,0,0,0
2027.5,1,1,0,0,0,20,4222,0,0,0,1,0,2104,3435,0,0,1609,0,0,0,0
2027.5,1,1,0,0,0,25,3412,0,0,0,1,0,2149,3250,0,0,1578,0,0,0,0
2027.5,1,1,0,0,0,30,2799,0,0,0,3,0,1840,2782,0,0,1348,0,0,0,0
2027.5,1,1,0,0,0,35,2244,0,0,0,0,0,1482,2241,0,0,1106,0,0,0,0
2027.5,1,1,0,0,0,40,1615,0,0,0,2,0,1065,1611,0,0,776,0,0,0,0
2027.5,1,1,0,0,0,45,1007,0,0,0,0,0,638,1004,0,0,474,0,0,0,0
2027.5,1,1,0,0,0,50,656,0,0,0,1,0,231,567,0,0,167,0,0,0,0
2027.5,1,1,0,0,0,55,525,0,0,0,3,0,45,260,0,0,24,0,0,0,0
2027.5,1,1,0,0,0,60,1589,0,0,0,31,0,5,121,0,0,4,0,0,0,0
2027.5,1,1,0,0,0,100,5,0,0,0,0,0,0,0,0,0,0,0,0,0,0
2027.5,1,1,0,0,1,0,0,0,0,0,0,0,0,0,0,0,0,0,0,0,0
2027.5,1,1,0,0,1,5,0,0,0,0,0,0,0,0,0,0,0,0,0,0,0
2027.5,1,1,0,0,1,10,0,0,0,0,0,0,0,0,0,0,0,0,0,0,0
2027.5,1,1,0,0,1,15,0,0,0,0,0,0,0,0,0,0,0,0,0,0,0
2027.5,1,1,0,0,1,20,0,0,0,0,0,0,0,0,0,0,0,0,0,0,0
2027.5,1,1,0,0,1,25,0,0,0,0,0,0,0,0,0,0,0,0,0,0,0
2027.5,1,1,0,0,1,30,0,0,0,0,0,0,0,0,0,0,0,0,0,0,0
2027.5,1,1,0,0,1,35,0,0,0,0,0,0,0,0,0,0,0,0,0,0,0
2027.5,1,1,0,0,1,40,0,0,0,0,0,0,0,0,0,0,0,0,0,0,0
2027.5,1,1,0,0,1,45,0,0,0,0,0,0,0,0,0,0,0,0,0,0,0
2027.5,1,1,0,0,1,50,0,0,0,0,0,0,0,0,0,0,0,0,0,0,0
2027.5,1,1,0,0,1,55,0,0,0,0,0,0,0,0,0,0,0,0,0,0,0
2027.5,1,1,0,0,1,60,0,0,0,0,0,0,0,0,0,0,0,0,0,0,0
2027.5,1,1,0,0,1,100,0,0,0,0,0,0,0,0,0,0,0,0,0,0,0
2027.5,1,1,0,1,0,0,21,21,2,0,2,2,1,1,1,1,0,0,0,0,0
2027.5,1,1,0,1,0,5,21,21,0,0,0,0,0,2,2,0,0,0,0,0,0
2027.5,1,1,0,1,0,10,27,27,5,0,3,3,2,10,6,3,0,4,0,0,0
2027.5,1,1,0,1,0,15,127,127,40,0,3,3,36,74,21,13,0,29,0,0,0
2027.5,1,1,0,1,0,20,234,234,49,0,2,2,70,185,97,57,0,30,0,0,0
2027.5,1,1,0,1,0,25,221,221,33,0,2,2,53,195,116,34,0,18,0,0,0
2027.5,1,1,0,1,0,30,220,220,29,0,3,2,49,209,136,34,0,13,0,0,0
2027.5,1,1,0,1,0,35,196,196,38,0,1,1,36,189,111,18,0,4,0,0,0
2027.5,1,1,0,1,0,40,146,146,11,0,3,2,24,138,95,12,0,5,0,0,0
2027.5,1,1,0,1,0,45,140,140,8,0,1,0,13,130,93,8,0,3,0,0,0
2027.5,1,1,0,1,0,50,95,95,5,0,1,0,14,73,54,11,0,3,0,0,0
2027.5,1,1,0,1,0,55,77,77,0,0,1,1,5,44,30,6,0,1,0,0,0
2027.5,1,1,0,1,0,60,83,83,3,0,1,0,4,22,19,4,0,0,0,0,0
2027.5,1,1,0,1,0,100,0,0,0,0,0,0,0,0,0,0,0,0,0,0,0
2027.5,1,1,0,1,1,0,9,9,0,9,0,0,9,9,9,0,0,0,0,0,0
2027.5,1,1,0,1,1,5,8,8,0,8,0,0,8,8,8,0,0,0,0,0,0
2027.5,1,1,0,1,1,10,16,16,0,16,0,0,16,16,16,0,0,0,0,0,0
2027.5,1,1,0,1,1,15,108,108,0,108,0,0,108,96,87,0,0,1,0,0,0
2027.5,1,1,0,1,1,20,438,438,0,438,2,2,438,376,338,0,0,6,0,0,0
2027.5,1,1,0,1,1,25,844,844,0,844,0,0,844,760,643,0,0,6,0,0,0
2027.5,1,1,0,1,1,30,1220,1220,0,1220,2,2,1220,1133,946,0,0,8,0,0,0
2027.5,1,1,0,1,1,35,1675,1675,0,1675,4,1,1675,1577,1268,0,0,8,0,0,0
2027.5,1,1,0,1,1,40,1682,1682,0,1682,4,2,1682,1554,1271,0,0,10,0,0,0
2027.5,1,1,0,1,1,45,1424,1424,0,1424,5,3,1424,1270,1031,0,0,3,0,0,0
2027.5,1,1,0,1,1,50,954,954,0,954,2,0,954,706,555,0,0,2,0,0,0
2027.5,1,1,0,1,1,55,571,571,0,571,1,0,571,298,235,0,0,1,0,0,0
2027.5,1,1,0,1,1,60,560,560,0,560,9,1,560,169,145,0,0,2,0,0,0
2027.5,1,1,0,1,1,100,0,0,0,0,0,0,0,0,0,0,0,0,0,0,0
2028,1,0,0,0,0,0,5849,0,0,0,17,0,433,1937,0,0,204,0,0,0,0
2028,1,0,0,0,0,5,5753,0,0,0,1,0,0,1994,0,0,0,0,0,0,0
2028,1,0,0,0,0,10,5748,0,0,0,2,0,0,1914,0,0,0,0,0,0,4
2028,1,0,0,0,0,15,5101,0,0,0,4,0,414,2032,0,0,399,0,0,0,22
2028,1,0,0,0,0,20,4388,0,0,0,4,0,1722,2621,0,0,1315,0,0,0,28
2028,1,0,0,0,0,25,3428,0,0,0,4,0,1948,2846,0,0,1431,0,0,0,8
2028,1,0,0,0,0,30,3039,0,0,0,3,0,1895,2834,0,0,1375,0,0,0,0
2028,1,0,0,0,0,35,2623,0,0,0,5,0,1671,2549,0,0,1212,0,0,0,0
2028,1,0,0,0,0,40,2046,0,0,0,3,0,1328,2010,0,0,964,0,0,0,0
2028,1,0,0,0,0,45,1340,0,0,0,5,0,890,1321,0,0,649,0,0,0,0
2028,1,0,0,0,0,50,865,0,0,0,2,0,539,814,0,0,377,0,0,0,0
2028,1,0,0,0,0,55,600,0,0,0,8,0,45,64,0,0,21,0,0,0,0
2028,1,0,0,0,0,60,938,0,0,0,18,0,0,0,0,0,0,0,0,0,0
2028,1,0,0,0,0,100,0,0,0,0,0,0,0,0,0,0,0,0,0,0,0
2028,1,0,0,0,1,0,0,0,0,0,0,0,0,0,0,0,0,0,0,0,0
2028,1,0,0,0,1,5,0,0,0,0,0,0,0,0,0,0,0,0,0,0,0
2028,1,0,0,0,1,10,0,0,0,0,0,0,0,0,0,0,0,0,0,0,0
2028,1,0,0,0,1,15,0,0,0,0,0,0,0,0,0,0,0,0,0,0,0
2028,1,0,0,0,1,20,0,0,0,0,0,0,0,0,0,0,0,0,0,0,0
2028,1,0,0,0,1,25,0,0,0,0,0,0,0,0,0,0,0,0,0,0,0
2028,1,0,0,0,1,30,0,0,0,0,0,0,0,0,0,0,0,0,0,0,0
2028,1,0,0,0,1,35,0,0,0,0,0,0,0,0,0,0,0,0,0,0,0
2028,1,0,0,0,1,40,0,0,0,0,0,0,0,0,0,0,0,0,0,0,0
2028,1,0,0,0,1,45,0,0,0,0,0,0,0,0,0,0,0,0,0,0,0
2028,1,0,0,0,1,50,0,0,0,0,0,0,0,0,0,0,0,0,0,0,0
2028,1,0,0,0,1,55,0,0,0,0,0,0,0,0,0,0,0,0,0,0,0
2028,1,0,0,0,1,60,0,0,0,0,0,0,0,0,0,0,0,0,0,0,0
2028,1,0,0,0,1,100,0,0,0,0,0,0,0,0,0,0,0,0,0,0,0
2028,1,0,0,1,0,0,27,27,11,0,3,3,1,3,3,5,0,0,0,0,0
2028,1,0,0,1,0,5,21,21,0,0,1,1,0,7,7,0,0,0,0,0,0
2028,1,0,0,1,0,10,13,13,0,0,0,0,1,6,6,1,0,0,0,0,0
2028,1,0,0,1,0,15,47,47,4,0,2,2,8,21,10,3,0,2,0,0,0
2028,1,0,0,1,0,20,127,127,17,0,1,1,28,60,36,18,0,21,0,0,1
2028,1,0,0,1,0,25,142,142,22,0,0,0,26,89,57,24,0,32,0,0,1
2028,1,0,0,1,0,30,211,211,25,0,4,2,47,179,131,35,0,41,0,0,0
2028,1,0,0,1,0,35,209,209,20,0,6,6,33,191,147,25,0,16,0,0,0
2028,1,0,0,1,0,40,227,227,22,0,3,3,46,210,163,30,0,19,0,0,0
2028,1,0,0,1,0,45,97,97,10,0,6,4,17,92,73,15,0,11,0,0,0
2028,1,0,0,1,0,50,78,78,8,0,0,0,9,59,48,5,0,2,0,0,0
2028,1,0,0,1,0,55,52,52,4,0,1,0,4,14,12,3,0,3,0,0,0
2028,1,0,0,1,0,60,43,43,5,0,1,0,0,6,6,0,0,2,0,0,0
2028,1,0,0,1,0,100,0,0,0,0,0,0,0,0,0,0,0,0,0,0,0
2028,1,0,0,1,1,0,11,11,0,11,0,0,11,11,11,0,0,0,0,0,0
2028,1,0,0,1,1,5,11,11,0,11,1,1,11,11,11,0,0,0,0,0,0
2028,1,0,0,1,1,10,5,5,0,5,0,0,5,5,5,0,0,0,0,0,0
2028,1,0,0,1,1,15,27,27,0,27,0,0,27,27,27,0,0,0,0,0,0
2028,1,0,0,1,1,20,75,75,0,75,0,0,75,75,75,0,0,3,0,0,0
2028,1,0,0,1,1,25,228,228,0,228,1,0,228,226,226,0,0,6,0,0,0
2028,1,0,0,1,1,30,420,420,0,420,0,0,420,404,403,0,0,6,0,0,0
2028,1,0,0,1,1,35,594,594,0,594,3,3,594,586,578,0,0,11,0,0,0
2028,1,0,0,1,1,40,700,700,0,700,4,3,700,652,638,0,0,10,0,0,0
2028,1,0,0,1,1,45,766,766,0,766,10,4,766,660,612,0,0,7,0,0,0
2028,1,0,0,1,1,50,666,666,0,666,7,6,666,494,432,0,0,4,0,0,0
2028,1,0,0,1,1,55,488,488,0,488,12,4,488,107,99,0,0,4,0,0,0
2028,1,0,0,1,1,60,469,469,0,469,9,1,469,76,76,0,0,5,0,0,0
2028,1,0,0,1,1,100,0,0,0,0,0,0,0,0,0,0,0,0,0,0,0
2028,1,0,1,0,0,0,0,0,0,0,0,0,0,0,0,0,0,0,0,0,0
2028,1,0,1,0,0,5,0,0,0,0,0,0,0,0,0,0,0,0,0,0,0
2028,1,0,1,0,0,10,23,0,0,0,0,0,0,8,0,0,0,0,0,0,0
2028,1,0,1,0,0,15,140,0,0,0,0,0,13,59,0,0,11,0,0,0,0
2028,1,0,1,0,0,20,306,0,0,0,0,0,125,193,0,0,90,0,0,0,0
2028,1,0,1,0,0,25,405,0,0,0,1,0,223,339,0,0,158,0,0,0,0
2028,1,0,1,0,0,30,458,0,0,0,0,0,294,424,0,0,214,0,0,0,0
2028,1,0,1,0,0,35,419,0,0,0,2,0,273,412,0,0,184,0,0,0,0
2028,1,0,1,0,0,40,302,0,0,0,1,0,189,292,0,0,131,0,0,0,0
2028,1,0,1,0,0,45,226,0,0,0,1,0,141,220,0,0,110,0,0,0,0
2028,1,0,1,0,0,50,152,0,0,0,0,0,95,147,0,0,64,0,0,0,0
2028,1,0,1,0,0,55,118,0,0,0,1,0,12,14,0,0,3,0,0,0,0
2028,1,0,1,0,0,60,134,0,0,0,6,0,0,0,0,0,0,0,0,0,0
2028,1,0,1,0,0,100,0,0,0,0,0,0,0,0,0,0,0,0,0,0,0
2028,1,0,1,0,1,0,0,0,0,0,0,0,0,0,0,0,0,0,0,0,0
2028,1,0,1,0,1,5,0,0,0,0,0,0,0,0,0,0,0,0,0,0,0
2028,1,0,1,0,1,10,0,0,0,0,0,0,0,0,0,0,0,0,0,0,0
2028,1,0,1,0,1,15,0,0,0,0,0,0,0,0,0,0,0,0,0,0,0
2028,1,0,1,0,1,20,0,0,0,0,0,0,0,0,0,0,0,0,0,0,0
2028,1,0,1,0,1,25,0,0,0,0,0,0,0,0,0,0,0,0,0,0,0
2028,1,0,1,0,1,30,0,0,0,0,0,0,0,0,0,0,0,0,0,0,0
2028,1,0,1,0,1,35,0,0,0,0,0,0,0,0,0,0,0,0,0,0,0
2028,1,0,1,0,1,40,0,0,0,0,0,0,0,0,0,0,0,0,0,0,0
2028,1,0,1,0,1,45,0,0,0,0,0,0,0,0,0,0,0,0,0,0,0
2028,1,0,1,0,1,50,0,0,0,0,0,0,0,0,0,0,0,0,0,0,0
2028,1,0,1,0,1,55,0,0,0,0,0,0,0,0,0,0,0,0,0,0,0
2028,1,0,1,0,1,60,0,0,0,0,0,0,0,0,0,0,0,0,0,0,0
2028,1,0,1,0,1,100,0,0,0,0,0,0,0,0,0,0,0,0,0,0,0
2028,1,0,1,1,0,0,0,0,0,0,0,0,0,0,0,0,0,0,0,0,0
2028,1,0,1,1,0,5,0,0,0,0,0,0,0,0,0,0,0,0,0,0,0
2028,1,0,1,1,0,10,0,0,0,0,0,0,0,0,0,0,0,0,0,0,0
2028,1,0,1,1,0,15,0,0,0,0,0,0,0,0,0,0,0,0,0,0,0
2028,1,0,1,1,0,20,7,7,1,0,0,0,0,5,4,2,0,2,0,0,0
2028,1,0,1,1,0,25,14,14,2,0,0,0,3,9,6,4,0,5,0,0,0
2028,1,0,1,1,0,30,14,14,1,0,0,0,3,10,7,5,0,4,0,0,0
2028,1,0,1,1,0,35,12,12,3,0,0,0,4,11,7,2,0,1,0,0,0
2028,1,0,1,1,0,40,21,21,1,0,1,1,4,15,10,1,0,4,0,0,0
2028,1,0,1,1,0,45,15,15,1,0,0,0,3,12,8,2,0,4,0,0,0
2028,1,0,1,1,0,50,8,8,2,0,0,0,2,7,6,1,0,0,0,0,0
2028,1,0,1,1,0,55,6,6,0,0,0,0,0,1,1,0,0,0,0,0,0
2028,1,0,1,1,0,60,6,6,0,0,0,0,0,0,0,0,0,1,0,0,0
2028,1,0,1,1,0,100,0,0,0,0,0,0,0,0,0,0,0,0,0,0,0
2028,1,0,1,1,1,0,0,0,0,0,0,0,0,0,0,0,0,0,0,0,0
2028,1,0,1,1,1,5,0,0,0,0,0,0,0,0,0,0,0,0,0,0,0
2028,1,0,1,1,1,10,0,0,0,0,0,0,0,0,0,0,0,0,0,0,0
2028,1,0,1,1,1,15,1,1,0,1,0,0,1,1,1,0,0,0,0,0,0
2028,1,0,1,1,1,20,5,5,0,5,0,0,5,5,5,0,0,0,0,0,0
2028,1,0,1,1,1,25,27,27,0,27,1,1,27,27,27,0,0,0,0,0,0
2028,1,0,1,1,1,30,38,38,0,38,0,0,38,37,37,0,0,0,0,0,0
2028,1,0,1,1,1,35,49,49,0,49,0,0,49,49,48,0,0,0,0,0,0
2028,1,0,1,1,1,40,69,69,0,69,1,0,69,65,64,0,0,3,0,0,0
2028,1,0,1,1,1,45,85,85,0,85,1,0,85,73,69,0,0,1,0,0,0
2028,1,0,1,1,1,50,64,64,0,64,0,0,64,51,47,0,0,2,0,0,0
2028,1,0,1,1,1,55,46,46,0,46,0,0,46,10,10,0,0,1,0,0,0
2028,1,0,1,1,1,60,44,44,0,44,1,0,44,3,3,0,0,0,0,0,0
2028,1,0,1,1,1,100,0,0,0,0,0,0,0,0,0,0,0,0,0,0,0
2028,1,1,0,0,0,0,5944,0,0,0,12,0,431,1972,0,0,195,0,0,0,0
2028,1,1,0,0,0,5,5635,0,0,0,0,0,0,1889,0,0,0,0,0,0,0
2028,1,1,0,0,0,10,5772,0,0,0,2,0,115,2069,0,0,124,0,0,0,0
2028,1,1,0,0,0,15,5118,0,0,0,1,0,1292,3035,0,0,1047,0,0,0,0
2028,1,1,0,0,0,20,4267,0,0,0,0,0,2143,3512,0,0,1625,0,0,0,0
2028,1,1,0,0,0,25,3424,0,0,0,3,0,2125,3253,0,0,1645,0,0,0,0
2028,1,1,0,0,0,30,2824,0,0,0,1,0,1860,2804,0,0,1389,0,0,0,0
2028,1,1,0,0,0,35,2283,0,0,0,0,0,1515,2279,0,0,1090,0,0,0,0
2028,1,1,0,0,0,40,1656,0,0,0,0,0,1100,1652,0,0,763,0,0,0,0
2028,1,1,0,0,0,45,1056,0,0,0,3,0,680,1054,0,0,489,0,0,0,0
2028,1,1,0,0,0,50,663,0,0,0,2,0,265,585,0,0,186,0,0,0,0
2028,1,1,0,0,0,55,526,0,0,0,0,0,47,280,0,0,34,0,0,0,0
2028,1,1,0,0,0,60,1594,0,0,0,29,0,12,136,0,0,8,0,0,0,0
2028,1,1,0,0,0,100,5,0,0,0,1,0,0,0,0,0,0,0,0,0,0
2028,1,1,0,0,1,0,0,0,0,0,0,0,0,0,0,0,0,0,0,0,0
2028,1,1,0,0,1,5,0,0,0,0,0,0,0,0,0,0,0,0,0,0,0
2028,1,1,0,0,1,10,0,0,0,0,0,0,0,0,0,0,0,0,0,0,0
2028,1,1,0,0,1,15,0,0,0,0,0,0,0,0,0,0,0,0,0,0,0
2028,1,1,0,0,1,20,0,0,0,0,0,0,0,0,0,0,0,0,0,0,0
2028,1,1,0,0,1,25,0,0,0,0,0,0,0,0,0,0,0,0,0,0,0
2028,1,1,0,0,1,30,0,0,0,0,0,0,0,0,0,0,0,0,0,0,0
2028,1,1,0,0,1,35,0,0,0,0,0,0,0,0,0,0,0,0,0,0,0
2028,1,1,0,0,1,40,0,0,0,0,0,0,0,0,0,0,0,0,0,0,0
2028,1,1,0,0,1,45,0,0,0,0,0,0,0,0,0,0,0,0,0,0,0
2028,1,1,0,0,1,50,0,0,0,0,0,0,0,0,0,0,0,0,0,0,0
2028,1,1,0,0,1,55,0,0,0,0,0,0,0,0,0,0,0,0,0,0,0
2028,1,1,0,0,1,60,0,0,0,0,0,0,0,0,0,0,0,0,0,0,0
2028,1,1,0,0,1,100,0,0,0,0,0,0,0,0,0,0,0,0,0,0,0
2028,1,1,0,1,0,0,20,20,3,0,1,1,3,3,3,2,0,0,0,0,0
2028,1,1,0,1,0,5,22,22,0,0,0,0,1,2,2,1,0,0,0,0,0
2028,1,1,0,1,0,10,29,29,8,0,2,2,3,12,8,5,0,3,0,0,0
2028,1,1,0,1,0,15,130,130,34,0,3,3,33,80,27,21,0,22,0,0,0
2028,1,1,0,1,0,20,227,227,57,0,1,1,64,182,91,53,0,26,0,0,0
2028,1,1,0,1,0,25,219,219,34,0,2,2,51,195,117,38,0,14,0,0,0
2028,1,1,0,1,0,30,226,226,39,0,2,2,54,212,139,41,0,15,0,0,0
2028,1,1,0,1,0,35,180,180,23,0,1,1,39,174,105,19,0,6,0,0,0
2028,1,1,0,1,0,40,146,146,13,0,1,1,18,136,93,7,0,5,0,0,0
2028,1,1,0,1,0,45,138,138,11,0,0,0,17,131,98,11,0,4,0,0,0
2028,1,1,0,1,0,50,99,99,6,0,1,1,9,80,55,8,0,3,0,0,0
2028,1,1,0,1,0,55,75,75,3,0,1,1,6,46,30,3,0,2,0,0,0
2028,1,1,0,1,0,60,81,81,5,0,1,1,3,28,25,3,0,2,0,0,0
2028,1,1,0,1,0,100,0,0,0,0,0,0,0,0,0,0,0,0,0,0,0
2028,1,1,0,1,1,0,8,8,0,8,0,0,8,8,8,0,0,0,0,0,0
2028,1,1,0,1,1,5,9,9,0,9,0,0,9,9,9,0,0,0,0,0,0
2028,1,1,0,1,1,10,12,12,0,12,0,0,12,12,12,0,0,0,0,0,0
2028,1,1,0,1,1,15,110,110,0,110,1,1,110,98,85,0,0,1,0,0,0
2028,1,1,0,1,1,20,455,455,0,455,2,2,455,392,351,0,0,3,0,0,0
2028,1,1,0,1,1,25,841,841,0,841,3,2,841,757,644,0,0,6,0,0,0
2028,1,1,0,1,1,30,1202,1202,0,1202,1,1,1202,1122,938,0,0,5,0,0,0
2028,1,1,0,1,1,35,1688,1688,0,1688,4,2,1688,1583,1260,0,0,9,0,0,0
2028,1,1,0,1,1,40,1709,1709,0,1709,6,1,1709,1584,1280,0,0,9,0,0,0
2028,1,1,0,1,1,45,1458,1458,0,1458,3,0,1458,1312,1064,0,0,7,0,0,0
2028,1,1,0,1,1,50,998,998,0,998,4,2,998,766,612,0,0,3,0,0,0
2028,1,1,0,1,1,55,634,634,0,634,1,1,634,337,261,0,0,1,0,0,0
2028,1,1,0,1,1,60,592,592,0,592,6,3,592,183,156,0,0,2,0,0,0
2028,1,1,0,1,1,100,0,0,0,0,0,0,0,0,0,0,0,0,0,0,0
2028.5,1,0,0,0,0,0,5848,0,0,0,24,0,433,1955,0,0,207,0,0,0,0
2028.5,1,0,0,0,0,5,5670,0,0,0,0,0,0,1945,0,0,0,0,0,0,2
2028.5,1,0,0,0,0,10,5839,0,0,0,2,0,1,1950,0,0,1,0,0,0,4
2028.5,1,0,0,0,0,15,5137,0,0,0,5,0,412,2071,0,0,340,0,0,0,15
2028.5,1,0,0,0,0,20,4436,0,0,0,4,0,1752,2715,0,0,1286,0,0,0,31
2028.5,1,0,0,0,0,25,3479,0,0,0,5,0,1953,2888,0,0,1398,0,0,0,14
2028.5,1,0,0,0,0,30,3037,0,0,0,7,0,1892,2816,0,0,1348,0,0,0,0
2028.5,1,0,0,0,0,35,2617,0,0,0,2,0,1681,2549,0,0,1200,0,0,0,0
2028.5,1,0,0,0,0,40,2077,0,0,0,5,0,1358,2045,0,0,1021,0,0,0,0
2028.5,1,0,0,0,0,45,1388,0,0,0,7,0,932,1371,0,0,690,0,0,0,0
2028.5,1,0,0,0,0,50,896,0,0,0,7,0,556,862,0,0,421,0,0,0,0
2028.5,1,0,0,0,0,55,604,0,0,0,6,0,81,117,0,0,44,0,0,0,0
2028.5,1,0,0,0,0,60,965,0,0,0,33,0,0,0,0,0,0,0,0,0,0
2028.5,1,0,0,0,0,100,0,0,0,0,0,0,0,0,0,0,0,0,0,0,0
2028.5,1,0,0,0,1,0,0,0,0,0,0,0,0,0,0,0,0,0,0,0,0
2028.5,1,0,0,0,1,5,0,0,0,0,0,0,0,0,0,0,0,0,0,0,0
2028.5,1,0,0,0,1,10,0,0,0,0,0,0,0,0,0,0,0,0,0,0,0
2028.5,1,0,0,0,1,15,0,0,0,0,0,0,0,0,0,0,0,0,0,0,0
2028.5,1,0,0,0,1,20,0,0,0,0,0,0,0,0,0,0,0,0,0,0,0
2028.5,1,0,0,0,1,25,0,0,0,0,0,0,0,0,0,0,0,0,0,0,0
2028.5,1,0,0,0,1,30,0,0,0,0,0,0,0,0,0,0,0,0,0,0,0
2028.5,1,0,0,0,1,35,0,0,0,0,0,0,0,0,0,0,0,0,0,0,0
2028.5,1,0,0,0,1,40,0,0,0,0,0,0,0,0,0,0,0,0,0,0,0
2028.5,1,0,0,0,1,45,0,0,0,0,0,0,0,0,0,0,0,0,0,0,0
2028.5,1,0,0,0,1,50,0,0,0,0,0,0,0,0,0,0,0,0,0,0,0
2028.5,1,0,0,0,1,55,0,0,0,0,0,0,0,0,0,0,0,0,0,0,0
2028.5,1,0,0,0,1,60,0,0,0,0,0,0,0,0,0,0,0,0,0,0,0
2028.5,1,0,0,0,1,100,0,0,0,0,0,0,0,0,0,0,0,0,0,0,0
2028.5,1,0,0,1,0,0,27,27,7,0,2,2,0,3,3,0,0,0,0,0,0
2028.5,1,0,0,1,0,5,23,23,0,0,1,1,0,7,7,1,0,0,0,0,0
2028.5,1,0,0,1,0,10,11,11,0,0,1,1,0,5,5,0,0,0,0,0,0
2028.5,1,0,0,1,0,15,46,46,6,0,0,0,6,20,12,5,0,1,0,0,1
2028.5,1,0,0,1,0,20,134,134,28,0,1,1,26,63,31,12,0,18,0,0,0
2028.5,1,0,0,1,0,25,155,155,23,0,1,1,32,103,63,24,0,28,0,0,0
2028.5,1,0,0,1,0,30,210,210,31,0,1,0,51,178,125,36,0,35,0,0,0
2028.5,1,0,0,1,0,35,218,218,22,0,4,4,37,200,157,30,0,16,0,0,0
2028.5,1,0,0,1,0,40,207,207,18,0,11,9,42,193,158,43,0,24,0,0,0
2028.5,1,0,0,1,0,45,101,101,12,0,2,2,19,95,70,11,0,5,0,0,0
2028.5,1,0,0,1,0,50,69,69,7,0,3,2,8,59,45,9,0,0,0,0,0
2028.5,1,0,0,1,0,55,57,57,3,0,3,3,6,21,19,4,0,1,0,0,0
2028.5,1,0,0,1,0,60,54,54,6,0,2,1,2,9,9,3,0,1,0,0,0
2028.5,1,0,0,1,0,100,0,0,0,0,0,0,0,0,0,0,0,0,0,0,0
2028.5,1,0,0,1,1,0,8,8,0,8,0,0,8,8,8,0,0,0,0,0,0
2028.5,1,0,0,1,1,5,13,13,0,13,0,0,13,13,13,0,0,0,0,0,0
2028.5,1,0,0,1,1,10,6,6,0,6,1,1,6,6,6,0,0,0,0,0,0
2028.5,1,0,0,1,1,15,18,18,0,18,0,0,18,18,18,0,0,1,0,0,1
2028.5,1,0,0,1,1,20,82,82,0,82,1,1,82,82,82,0,0,2,0,0,0
2028.5,1,0,0,1,1,25,220,220,0,220,1,1,220,219,219,0,0,8,0,0,0
2028.5,1,0,0,1,1,30,411,411,0,411,2,1,411,398,397,0,0,10,0,0,0
2028.5,1,0,0,1,1,35,584,584,0,584,2,2,584,576,569,0,0,7,0,0,0
2028.5,1,0,0,1,1,40,734,734,0,734,8,8,734,692,675,0,0,8,0,0,0
2028.5,1,0,0,1,1,45,762,762,0,762,3,3,762,664,617,0,0,14,0,0,0
2028.5,1,0,0,1,1,50,673,673,0,673,9,2,673,510,451,0,0,1,0,0,0
2028.5,1,0,0,1,1,55,514,514,0,514,10,3,514,148,133,0,0,0,0,0,0
2028.5,1,0,0,1,1,60,502,502,0,502,8,0,502,78,78,0,0,3,0,0,0
2028.5,1,0,0,1,1,100,0,0,0,0,0,0,0,0,0,0,0,0,0,0,0
2028.5,1,0,1,0,0,0,0,0,0,0,0,0,0,0,0,0,0,0,0,0,0
2028.5,1,0,1,0,0,5,1,0,0,0,0,0,0,0,0,0,0,0,0,0,0
2028.5,1,0,1,0,0,10,24,0,0,0,0,0,0,9,0,0,0,0,0,0,0
2028.5,1,0,1,0,0,15,135,0,0,0,0,0,17,56,0,0,10,0,0,0,0
2028.5,1,0,1,0,0,20,323,0,0,0,0,0,132,206,0,0,108,0,0,0,0
2028.5,1,0,1,0,0,25,410,0,0,0,1,0,228,339,0,0,171,0,0,0,0
2028.5,1,0,1,0,0,30,464,0,0,0,0,0,283,433,0,0,203,0,0,0,0
2028.5,1,0,1,0,0,35,408,0,0,0,0,0,273,401,0,0,204,0,0,0,0
2028.5,1,0,1,0,0,40,322,0,0,0,2,0,204,313,0,0,129,0,0,0,0
2028.5,1,0,1,0,0,45,231,0,0,0,0,0,154,225,0,0,120,0,0,0,0
2028.5,1,0,1,0,0,50,155,0,0,0,2,0,89,151,0,0,57,0,0,0,0
2028.5,1,0,1,0,0,55,115,0,0,0,1,0,16,21,0,0,11,0,0,0,0
2028.5,1,0,1,0,0,60,141,0,0,0,4,0,0,0,0,0,0,0,0,0,0
2028.5,1,0,1,0,0,100,0,0,0,0,0,0,0,0,0,0,0,0,0,0,0
2028.5,1,0,1,0,1,0,0,0,0,0,0,0,0,0,0,0,0,0,0,0,0
2028.5,1,0,1,0,1,5,0,0,0,0,0,0,0,0,0,0,0,0,0,0,0
2028.5,1,0,1,0,1,10,0,0,0,0,0,0,0,0,0,0,0,0,0,0,0
2028.5,1,0,1,0,1,15,0,0,0,0,0,0,0,0,0,0,0,0,0,0,0
2028.5,1,0,1,0,1,20,0,0,0,0,0,0,0,0,0,0,0,0,0,0,0
2028.5,1,0,1,0,1,25,0,0,0,0,0,0,0,0,0,0,0,0,0,0,0
2028.5,1,0,1,0,1,30,0,0,0,0,0,0,0,0,0,0,0,0,0,0,0
2028.5,1,0,1,0,1,35,0,0,0,0,0,0,0,0,0,0,0,0,0,0,0
2028.5,1,0,1,0,1,40,0,0,0,0,0,0,0,0,0,0,0,0,0,0,0
2028.5,1,0,1,0,1,45,0,0,0,0,0,0,0,0,0,0,0,0,0,0,0
2028.5,1,0,1,0,1,50,0,0,0,0,0,0,0,0,0,0,0,0,0,0,0
2028.5,1,0,1,0,1,55,0,0,0,0,0,0,0,0,0,0,0,0,0,0,0
2028.5,1,0,1,0,1,60,0,0,0,0,0,0,0,0,0,0,0,0,0,0,0
2028.5,1,0,1,0,1,100,0,0,0,0,0,0,0,0,0,0,0,0,0,0,0
2028.5,1,0,1,1,0,0,0,0,0,0,0,0,0,0,0,0,0,0,0,0,0
2028.5,1,0,1,1,0,5,0,0,0,0,0,0,0,0,0,0,0,0,0,0,0
2028.5,1,0,1,1,0,10,0,0,0,0,0,0,0,0,0,0,0,0,0,0,0
2028.5,1,0,1,1,0,15,1,1,0,0,0,0,0,1,0,0,0,0,0,0,0
2028.5,1,0,1,1,0,20,6,6,0,0,0,0,0,4,3,0,0,0,0,0,0
2028.5,1,0,1,1,0,25,17,17,3,0,0,0,5,13,9,4,0,2,0,0,0
2028.5,1,0,1,1,0,30,11,11,1,0,0,0,2,8,7,4,0,3,0,0,0
2028.5,1,0,1,1,0,35,14,14,2,0,0,0,2,14,12,4,0,2,0,0,0
2028.5,1,0,1,1,0,40,20,20,1,0,1,1,4,14,10,2,0,0,0,0,0
2028.5,1,0,1,1,0,45,15,15,1,0,0,0,3,12,11,2,0,0,0,0,0
2028.5,1,0,1,1,0,50,9,9,1,0,1,0,2,7,6,1,0,0,0,0,0
2028.5,1,0,1,1,0,55,6,6,0,0,0,0,0,1,1,1,0,1,0,0,0
2028.5,1,0,1,1,0,60,4,4,1,0,1,0,0,0,0,0,0,0,0,0,0
2028.5,1,0,1,1,0,100,0,0,0,0,0,0,0,0,0,0,0,0,0,0,0
2028.5,1,0,1,1,1,0,0,0,0,0,0,0,0,0,0,0,0,0,0,0,0
2028.5,1,0,1,1,1,5,0,0,0,0,0,0,0,0,0,0,0,0,0,0,0
2028.5,1,0,1,1,1,10,0,0,0,0,0,0,0,0,0,0,0,0,0,0,0
2028.5,1,0,1,1,1,15,2,2,0,2,0,0,2,2,2,0,0,0,0,0,0
2028.5,1,0,1,1,1,20,5,5,0,5,0,0,5,5,5,0,0,0,0,0,0
2028.5,1,0,1,1,1,25,22,22,0,22,1,1,22,22,22,0,0,1,0,0,0
2028.5,1,0,1,1,1,30,40,40,0,40,0,0,40,39,39,0,0,1,0,0,0
2028.5,1,0,1,1,1,35,50,50,0,50,0,0,50,50,49,0,0,1,0,0,0
2028.5,1,0,1,1,1,40,68,68,0,68,0,0,68,64,63,0,0,2,0,0,0
2028.5,1,0,1,1,1,45,82,82,0,82,2,1,82,75,68,0,0,2,0,0,0
2028.5,1,0,1,1,1,50,68,68,0,68,0,0,68,54,51,0,0,1,0,0,0
2028.5,1,0,1,1,1,55,46,46,0,46,0,0,46,12,11,0,0,0,0,0,0
2028.5,1,0,1,1,1,60,51,51,0,51,1,0,51,5,5,0,0,0,0,0,0
2028.5,1,0,1,1,1,100,0,0,0,0,0,0,0,0,0,0,0,0,0,0,0
2028.5,1,1,0,0,0,0,5959,0,0,0,8,0,424,1985,0,0,200,0,0,0,0
2028.5,1,1,0,0,0,5,5663,0,0,0,0,0,0,1876,0,0,0,0,0,0,0
2028.5,1,1,0,0,0,10,5790,0,0,0,2,0,108,2086,0,0,112,0,0,0,0
2028.5,1,1,0,0,0,15,5158,0,0,0,1,0,1322,3090,0,0,994,0,0,0,0
2028.5,1,1,0,0,0,20,4265,0,0,0,1,0,2112,3536,0,0,1592,0,0,0,0
2028.5,1,1,0,0,0,25,3495,0,0,0,1,0,2180,3330,0,0,1662,0,0,0,0
2028.5,1,1,0,0,0,30,2867,0,0,0,2,0,1881,2848,0,0,1415,0,0,0,0
2028.5,1,1,0,0,0,35,2287,0,0,0,5,0,1507,2282,0,0,1109,0,0,0,0
2028.5,1,1,0,0,0,40,1716,0,0,0,1,0,1134,1712,0,0,869,0,0,0,0
2028.5,1,1,0,0,0,45,1089,0,0,0,1,0,730,1088,0,0,558,0,0,0,0
2028.5,1,1,0,0,0,50,703,0,0,0,0,0,297,632,0,0,205,0,0,0,0
2028.5,1,1,0,0,0,55,535,0,0,0,1,0,59,305,0,0,40,0,0,0,0
2028.5,1,1,0,0,0,60,1587,0,0,0,35,0,13,144,0,0,8,0,0,0,0
2028.5,1,1,0,0,0,100,5,0,0,0,0,0,0,0,0,0,0,0,0,0,0
2028.5,1,1,0,0,1,0,0,0,0,0,0,0,0,0,0,0,0,0,0,0,0
2028.5,1,1,0,0,1,5,0,0,0,0,0,0,0,0,0,0,0,0,0,0,0
2028.5,1,1,0,0,1,10,0,0,0,0,0,0,0,0,0,0,0,0,0,0,0
2028.5,1,1,0,0,1,15,0,0,0,0,0,0,0,0,0,0,0,0,0,0,0
2028.5,1,1,0,0,1,20,0,0,0,0,0,0,0,0,0,0,0,0,0,0,0
2028.5,1,1,0,0,1,25,0,0,0,0,0,0,0,0,0,0,0,0,0,0,0
2028.5,1,1,0,0,1,30,0,0,0,0,0,0,0,0,0,0,0,0,0,0,0
2028.5,1,1,0,0,1,35,0,0,0,0,0,0,0,0,0,0,0,0,0,0,0
2028.5,1,1,0,0,1,40,0,0,0,0,0,0,0,0,0,0,0,0,0,0,0
2028.5,1,1,0,0,1,45,0,0,0,0,0,0,0,0,0,0,0,0,0,0,0
2028.5,1,1,0,0,1,50,0,0,0,0,0,0,0,0,0,0,0,0,0,0,0
2028.5,1,1,0,0,1,55,0,0,0,0,0,0,0,0,0,0,0,0,0,0,0
2028.5,1,1,0,0,1,60,0,0,0,0,0,0,0,0,0,0,0,0,0,0,0
2028.5,1,1,0,0,1,100,0,0,0,0,0,0,0,0,0,0,0,0,0,0,0
2028.5,1,1,0,1,0,0,16,16,5,0,2,2,2,2,2,2,0,0,0,0,0
2028.5,1,1,0,1,0,5,22,22,0,0,1,1,0,1,1,0,0,0,0,0,0
2028.5,1,1,0,1,0,10,24,24,4,0,1,1,3,9,5,3,0,1,0,0,0
2028.5,1,1,0,1,0,15,116,116,35,0,3,3,26,75,20,19,0,30,0,0,0
2028.5,1,1,0,1,0,20,224,224,43,0,1,1,67,178,81,45,0,25,0,0,0
2028.5,1,1,0,1,0,25,226,226,39,0,1,1,61,199,113,37,0,16,0,0,0
2028.5,1,1,0,1,0,30,234,234,28,0,0,0,53,219,149,35,0,9,0,0,0
2028.5,1,1,0,1,0,35,177,177,19,0,0,0,37,172,113,19,0,5,0,0,0
2028.5,1,1,0,1,0,40,140,140,13,0,1,1,24,134,92,15,0,4,0,0,0
2028.5,1,1,0,1,0,45,143,143,9,0,0,0,22,135,106,20,0,6,0,0,0
2028.5,1,1,0,1,0,50,110,110,2,0,3,3,10,92,64,7,0,4,0,0,0
2028.5,1,1,0,1,0,55,73,73,0,0,3,3,6,46,34,10,0,1,0,0,0
2028.5,1,1,0,1,0,60,86,86,7,0,5,5,5,29,23,4,0,0,0,0,0
2028.5,1,1,0,1,0,100,0,0,0,0,0,0,0,0,0,0,0,0,0,0,0
2028.5,1,1,0,1,1,0,9,9,0,9,0,0,9,9,9,0,0,0,0,0,0
2028.5,1,1,0,1,1,5,11,11,0,11,0,0,11,11,11,0,0,0,0,0,0
2028.5,1,1,0,1,1,10,12,12,0,12,0,0,12,12,12,0,0,1,0,0,0
2028.5,1,1,0,1,1,15,116,116,0,116,2,2,116,105,89,0,0,3,0,0,0
2028.5,1,1,0,1,1,20,452,452,0,452,5,5,452,391,346,0,0,7,0,0,0
2028.5,1,1,0,1,1,25,828,828,0,828,3,2,828,751,641,0,0,8,0,0,0
2028.5,1,1,0,1,1,30,1200,1200,0,1200,3,2,1200,1117,930,0,0,8,0,0,0
2028.5,1,1,0,1,1,35,1669,1669,0,1669,2,2,1669,1556,1240,0,0,14,0,0,0
2028.5,1,1,0,1,1,40,1738,1738,0,1738,2,0,1738,1621,1295,0,0,4,0,0,0
2028.5,1,1,0,1,1,45,1505,1505,0,1505,6,3,1505,1359,1101,0,0,10,0,0,0
2028.5,1,1,0,1,1,50,1034,1034,0,1034,5,1,1034,822,659,0,0,5,0,0,0
2028.5,1,1,0,1,1,55,652,652,0,652,4,3,652,356,277,0,0,4,0,0,0
2028.5,1,1,0,1,1,60,631,631,0,631,13,4,631,208,178,0,0,1,0,0,0
2028.5,1,1,0,1,1,100,0,0,0,0,0,0,0,0,0,0,0,0,0,0,0
2029,1,0,0,0,0,0,5878,0,0,0,15,0,465,1971,0,0,228,0,0,0,0
2029,1,0,0,0,0,5,5680,0,0,0,4,0,0,1943,0,0,0,0,0,0,2
2029,1,0,0,0,0,10,5854,0,0,0,2,0,1,1961,0,0,2,0,0,0,10
2029,1,0,0,0,0,15,5171,0,0,0,2,0,388,2093,0,0,373,0,0,0,17
2029,1,0,0,0,0,20,4517,0,0,0,2,0,1770,2825,0,0,1340,0,0,0,30
2029,1,0,0,0,0,25,3476,0,0,0,4,0,1932,2910,0,0,1436,0,0,0,5
2029,1,0,0,0,0,30,3067,0,0,0,0,0,1863,2833,0,0,1341,0,0,0,0
2029,1,0,0,0,0,35,2675,0,0,0,5,0,1700,2605,0,0,1268,0,0,0,0
2029,1,0,0,0,0,40,2122,0,0,0,1,0,1357,2096,0,0,963,0,0,0,0
2029,1,0,0,0,0,45,1416,0,0,0,6,0,916,1399,0,0,643,0,0,0,0
2029,1,0,0,0,0,50,921,0,0,0,7,0,597,898,0,0,436,0,0,0,0
2029,1,0,0,0,0,55,627,0,0,0,7,0,119,177,0,0,79,0,0,0,0
2029,1,0,0,0,0,60,954,0,0,0,35,0,0,0,0,0,0,0,0,0,0
2029,1,0,0,0,0,100,0,0,0,0,0,0,0,0,0,0,0,0,0,0,0
2029,1,0,0,0,1,0,0,0,0,0,0,0,0,0,0,0,0,0,0,0,0
2029,1,0,0,0,1,5,0,0,0,0,0,0,0,0,0,0,0,0,0,0,0
2029,1,0,0,0,1,10,0,0,0,0,0,0,0,0,0,0,0,0,0,0,0
2029,1,0,0,0,1,15,0,0,0,0,0,0,0,0,0,0,0,0,0,0,0
2029,1,0,0,0,1,20,0,0,0,0,0,0,0,0,0,0,0,0,0,0,0
2029,1,0,0,0,1,25,0,0,0,0,0,0,0,0,0,0,0,0,0,0,0
2029,1,0,0,0,1,30,0,0,0,0,0,0,0,0,0,0,0,0,0,0,0
2029,1,0,0,0,1,35,0,0,0,0,0,0,0,0,0,0,0,0,0,0,0
2029,1,0,0,0,1,40,0,0,0,0,0,0,0,0,0,0,0,0,0,0,0
2029,1,0,0,0,1,45,0,0,0,0,0,0,0,0,0,0,0,0,0,0,0
2029,1,0,0,0,1,50,0,0,0,0,0,0,0,0,0,0,0,0,0,0,0
2029,1,0,0,0,1,55,0,0,0,0,0,0,0,0,0,0,0,0,0,0,0
2029,1,0,0,0,1,60,0,0,0,0,0,0,0,0,0,0,0,0,0,0,0
2029,1,0,0,0,1,100,0,0,0,0,0,0,0,0,0,0,0,0,0,0,0
2029,1,0,0,1,0,0,29,29,5,0,2,2,2,5,5,5,0,0,0,0,0
2029,1,0,0,1,0,5,24,24,0,0,1,1,0,8,8,0,0,0,0,0,0
2029,1,0,0,1,0,10,10,10,0,0,0,0,0,6,6,0,0,0,0,0,0
2029,1,0,0,1,0,15,36,36,4,0,1,1,3,13,10,6,0,3,0,0,0
2029,1,0,0,1,0,20,120,120,8,0,2,2,16,59,34,18,0,15,0,0,0
2029,1,0,0,1,0,25,146,146,16,0,3,3,33,97,65,29,0,20,0,0,0
2029,1,0,0,1,0,30,200,200,12,0,5,5,42,166,128,44,0,35,0,0,0
2029,1,0,0,1,0,35,220,220,14,0,7,7,35,203,155,24,0,22,0,0,0
2029,1,0,0,1,0,40,197,197,14,0,3,3,48,184,148,37,0,16,0,0,0
2029,1,0,0,1,0,45,118,118,17,0,3,3,20,103,72,9,0,4,0,0,0
2029,1,0,0,1,0,50,73,73,11,0,3,2,11,63,43,4,0,3,0,0,0
2029,1,0,0,1,0,55,59,59,2,0,0,0,4,23,20,2,0,1,0,0,0
2029,1,0,0,1,0,60,72,72,12,0,3,1,2,9,9,0,0,4,0,0,0
2029,1,0,0,1,0,100,0,0,0,0,0,0,0,0,0,0,0,0,0,0,0
2029,1,0,0,1,1,0,10,10,0,10,0,0,10,10,10,0,0,0,0,0,0
2029,1,0,0,1,1,5,10,10,0,10,0,0,10,10,10,0,0,0,0,0,0
2029,1,0,0,1,1,10,6,6,0,6,0,0,6,6,6,0,0,0,0,0,0
2029,1,0,0,1,1,15,21,21,0,21,0,0,21,21,21,0,0,1,0,0,0
2029,1,0,0,1,1,20,81,81,0,81,2,2,81,81,81,0,0,0,0,0,0
2029,1,0,0,1,1,25,219,219,0,219,2,2,219,218,218,0,0,3,0,0,1
2029,1,0,0,1,1,30,411,411,0,411,2,2,411,399,398,0,0,12,0,0,0
2029,1,0,0,1,1,35,575,575,0,575,6,4,575,567,560,0,0,17,0,0,0
2029,1,0,0,1,1,40,734,734,0,734,2,1,734,700,686,0,0,22,0,0,0
2029,1,0,0,1,1,45,759,759,0,759,13,8,759,673,631,0,0,13,0,0,0
2029,1,0,0,1,1,50,696,696,0,696,6,3,696,546,480,0,0,7,0,0,0
2029,1,0,0,1,1,55,525,525,0,525,4,1,525,174,153,0,0,1,0,0,0
2029,1,0,0,1,1,60,522,522,0,522,13,1,522,86,86,0,0,7,0,0,0
2029,1,0,0,1,1,100,0,0,0,0,0,0,0,0,0,0,0,0,0,0,0
2029,1,0,1,0,0,0,0,0,0,0,0,0,0,0,0,0,0,0,0,0,0
2029,1,0,1,0,0,5,3,0,0,0,0,0,0,2,0,0,0,0,0,0,0
2029,1,0,1,0,0,10,26,0,0,0,0,0,0,8,0,0,0,0,0,0,0
2029,1,0,1,0,0,15,144,0,0,0,0,0,14,58,0,0,12,0,0,0,0
2029,1,0,1,0,0,20,317,0,0,0,0,0,129,198,0,0,109,0,0,0,0
2029,1,0,1,0,0,25,427,0,0,0,1,0,249,358,0,0,179,0,0,0,0
2029,1,0,1,0,0,30,454,0,0,0,0,0,286,429,0,0,200,0,0,0,0
2029,1,0,1,0,0,35,415,0,0,0,0,0,283,407,0,0,214,0,0,0,0
2029,1,0,1,0,0,40,325,0,0,0,1,0,203,320,0,0,166,0,0,0,0
2029,1,0,1,0,0,45,238,0,0,0,0,0,159,231,0,0,119,0,0,0,0
2029,1,0,1,0,0,50,164,0,0,0,1,0,100,161,0,0,80,0,0,0,0
2029,1,0,1,0,0,55,112,0,0,0,2,0,20,30,0,0,15,0,0,0,0
2029,1,0,1,0,0,60,147,0,0,0,5,0,0,0,0,0,0,0,0,0,0
2029,1,0,1,0,0,100,0,0,0,0,0,0,0,0,0,0,0,0,0,0,0
2029,1,0,1,0,1,0,0,0,0,0,0,0,0,0,0,0,0,0,0,0,0
2029,1,0,1,0,1,5,0,0,0,0,0,0,0,0,0,0,0,0,0,0,0
2029,1,0,1,0,1,10,0,0,0,0,0,0,0,0,0,0,0,0,0,0,0
2029,1,0,1,0,1,15,0,0,0,0,0,0,0,0,0,0,0,0,0,0,0
2029,1,0,1,0,1,20,0,0,0,0,0,0,0,0,0,0,0,0,0,0,0
2029,1,0,1,0,1,25,0,0,0,0,0,0,0,0,0,0,0,0,0,0,0
2029,1,0,1,0,1,30,0,0,0,0,0,0,0,0,0,0,0,0,0,0,0
2029,1,0,1,0,1,35,0,0,0,0,0,0,0,0,0,0,0,0,0,0,0
2029,1,0,1,0,1,40,0,0,0,0,0,0,0,0,0,0,0,0,0,0,0
2029,1,0,1,0,1,45,0,0,0,0,0,0,0,0,0,0,0,0,0,0,0
2029,1,0,1,0,1,50,0,0,0,0,0,0,0,0,0,0,0,0,0,0,0
2029,1,0,1,0,1,55,0,0,0,0,0,0,0,0,0,0,0,0,0,0,0
2029,1,0,1,0,1,60,0,0,0,0,0,0,0,0,0,0,0,0,0,0,0
2029,1,0,1,0,1,100,0,0,0,0,0,0,0,0,0,0,0,0,0,0,0
2029,1,0,1,1,0,0,0,0,0,0,0,0,0,0,0,0,0,0,0,0,0
2029,1,0,1,1,0,5,0,0,0,0,0,0,0,0,0,0,0,0,0,0,0
2029,1,0,1,1,0,10,0,0,0,0,0,0,0,0,0,0,0,0,0,0,0
2029,1,0,1,1,0,15,1,1,0,0,0,0,0,1,0,0,0,1,0,0,0
2029,1,0,1,1,0,20,6,6,0,0,0,0,1,5,4,2,0,0,0,0,0
2029,1,0,1,1,0,25,12,12,0,0,0,0,1,8,6,1,0,2,0,0,0
2029,1,0,1,1,0,30,15,15,3,0,0,0,2,12,8,2,0,0,0,0,0
2029,1,0,1,1,0,35,13,13,0,0,0,0,1,13,12,2,0,4,0,0,0
2029,1,0,1,1,0,40,20,20,1,0,1,1,2,16,12,1,0,3,0,0,0
2029,1,0,1,1,0,45,16,16,3,0,0,0,3,11,9,1,0,2,0,0,0
2029,1,0,1,1,0,50,9,9,1,0,0,0,2,8,6,0,0,0,0,0,0
2029,1,0,1,1,0,55,5,5,1,0,0,0,1,3,2,1,0,0,0,0,0
2029,1,0,1,1,0,60,5,5,0,0,0,0,0,0,0,0,0,0,0,0,0
2029,1,0,1,1,0,100,0,0,0,0,0,0,0,0,0,0,0,0,0,0,0
2029,1,0,1,1,1,0,0,0,0,0,0,0,0,0,0,0,0,0,0,0,0
2029,1,0,1,1,1,5,0,0,0,0,0,0,0,0,0,0,0,0,0,0,0
2029,1,0,1,1,1,10,0,0,0,0,0,0,0,0,0,0,0,0,0,0,0
2029,1,0,1,1,1,15,2,2,0,2,0,0,2,2,2,0,0,0,0,0,0
2029,1,0,1,1,1,20,5,5,0,5,0,0,5,5,5,0,0,0,0,0,0
2029,1,0,1,1,1,25,23,23,0,23,1,1,23,23,23,0,0,0,0,0,0
2029,1,0,1,1,1,30,39,39,0,39,0,0,39,39,39,0,0,0,0,0,0
2029,1,0,1,1,1,35,51,51,0,51,0,0,51,50,49,0,0,0,0,0,0
2029,1,0,1,1,1,40,60,60,0,60,0,0,60,56,55,0,0,2,0,0,0
2029,1,0,1,1,1,45,87,87,0,87,1,0,87,83,78,0,0,0,0,0,0
2029,1,0,1,1,1,50,69,69,0,69,0,0,69,53,48,0,0,0,0,0,0
2029,1,0,1,1,1,55,51,51,0,51,1,1,51,18,17,0,0,0,0,0,0
2029,1,0,1,1,1,60,53,53,0,53,2,0,53,5,5,0,0,0,0,0,0
2029,1,0,1,1,1,100,0,0,0,0,0,0,0,0,0,0,0,0,0,0,0
2029,1,1,0,0,0,0,5999,0,0,0,17,0,423,1966,0,0,192,0,0,0,0
2029,1,1,0,0,0,5,5666,0,0,0,0,0,0,1896,0,0,0,0,0,0,0
2029,1,1,0,0,0,10,5834,0,0,0,1,0,129,2105,0,0,127,0,0,0,0
2029,1,1,0,0,0,15,5189,0,0,0,1,0,1287,3070,0,0,995,0,0,0,0
2029,1,1,0,0,0,20,4302,0,0,0,1,0,2117,3598,0,0,1601,0,0,0,0
2029,1,1,0,0,0,25,3523,0,0,0,3,0,2170,3357,0,0,1679,0,0,0,0
2029,1,1,0,0,0,30,2886,0,0,0,5,0,1935,2867,0,0,1434,0,0,0,0
2029,1,1,0,0,0,35,2317,0,0,0,0,0,1521,2313,0,0,1151,0,0,0,0
2029,1,1,0,0,0,40,1770,0,0,0,2,0,1194,1766,0,0,802,0,0,0,0
2029,1,1,0,0,0,45,1134,0,0,0,2,0,759,1134,0,0,544,0,0,0,0
2029,1,1,0,0,0,50,725,0,0,0,1,0,332,669,0,0,230,0,0,0,0
2029,1,1,0,0,0,55,527,0,0,0,0,0,69,322,0,0,44,0,0,0,0
2029,1,1,0,0,0,60,1612,0,0,0,29,0,14,162,0,0,10,0,0,0,0
2029,1,1,0,0,0,100,7,0,0,0,0,0,0,0,0,0,0,0,0,0,0
2029,1,1,0,0,1,0,0,0,0,0,0,0,0,0,0,0,0,0,0,0,0
2029,1,1,0,0,1,5,0,0,0,0,0,0,0,0,0,0,0,0,0,0,0
2029,1,1,0,0,1,10,0,0,0,0,0,0,0,0,0,0,0,0,0,0,0
2029,1,1,0,0,1,15,0,0,0,0,0,0,0,0,0,0,0,0,0,0,0
2029,1,1,0,0,1,20,0,0,0,0,0,0,0,0,0,0,0,0,0,0,0
2029,1,1,0,0,1,25,0,0,0,0,0,0,0,0,0,0,0,0,0,0,0
2029,1,1,0,0,1,30,0,0,0,0,0,0,0,0,0,0,0,0,0,0,0
2029,1,1,0,0,1,35,0,0,0,0,0,0,0,0,0,0,0,0,0,0,0
2029,1,1,0,0,1,40,0,0,0,0,0,0,0,0,0,0,0,0,0,0,0
2029,1,1,0,0,1,45,0,0,0,0,0,0,0,0,0,0,0,0,0,0,0
2029,1,1,0,0,1,50,0,0,0,0,0,0,0,0,0,0,0,0,0,0,0
2029,1,1,0,0,1,55,0,0,0,0,0,0,0,0,0,0,0,0,0,0,0
2029,1,1,0,0,1,60,0,0,0,0,0,0,0,0,0,0,0,0,0,0,0
2029,1,1,0,0,1,100,0,0,0,0,0,0,0,0,0,0,0,0,0,0,0
2029,1,1,0,1,0,0,14,14,3,0,2,2,1,1,1,3,0,0,0,0,0
2029,1,1,0,1,0,5,22,22,0,0,0,0,0,1,1,0,0,0,0,0,0
2029,1,1,0,1,0,10,24,24,7,0,1,1,2,7,4,3,0,0,0,0,0
2029,1,1,0,1,0,15,115,115,27,0,1,1,20,73,20,15,0,7,0,0,0
2029,1,1,0,1,0,20,203,203,35,0,1,1,57,159,79,45,0,15,0,0,0
2029,1,1,0,1,0,25,221,221,39,0,0,0,61,198,106,34,0,10,0,0,0
2029,1,1,0,1,0,30,234,234,44,0,4,4,55,224,143,50,0,8,0,0,0
2029,1,1,0,1,0,35,175,175,31,0,4,4,34,169,108,13,0,4,0,0,0
2029,1,1,0,1,0,40,133,133,14,0,1,1,18,127,89,14,0,6,0,0,0
2029,1,1,0,1,0,45,141,141,10,0,6,6,20,136,104,13,0,0,0,0,0
2029,1,1,0,1,0,50,113,113,6,0,4,4,11,90,68,11,0,7,0,0,0
2029,1,1,0,1,0,55,70,70,1,0,2,2,7,44,30,6,0,2,0,0,0
2029,1,1,0,1,0,60,94,94,6,0,2,2,4,31,23,6,0,4,0,0,0
2029,1,1,0,1,0,100,0,0,0,0,0,0,0,0,0,0,0,0,0,0,0
2029,1,1,0,1,1,0,10,10,0,10,0,0,10,10,10,0,0,0,0,0,0
2029,1,1,0,1,1,5,10,10,0,10,0,0,10,10,10,0,0,0,0,0,0
2029,1,1,0,1,1,10,14,14,0,14,0,0,14,14,14,0,0,0,0,0,0
2029,1,1,0,1,1,15,104,104,0,104,1,1,104,96,76,0,0,0,0,0,0
2029,1,1,0,1,1,20,444,444,0,444,0,0,444,384,340,0,0,5,0,0,0
2029,1,1,0,1,1,25,855,855,0,855,2,1,855,770,658,0,0,6,0,0,0
2029,1,1,0,1,1,30,1196,1196,0,1196,0,0,1196,1108,917,0,0,3,0,0,0
2029,1,1,0,1,1,35,1649,1649,0,1649,4,3,1649,1545,1226,0,0,11,0,0,0
2029,1,1,0,1,1,40,1779,1779,0,1779,4,2,1779,1664,1329,0,0,11,0,0,0
2029,1,1,0,1,1,45,1539,1539,0,1539,4,4,1539,1403,1127,0,0,10,0,0,0
2029,1,1,0,1,1,50,1082,1082,0,1082,9,0,1082,878,699,0,0,3,0,0,0
2029,1,1,0,1,1,55,682,682,0,682,6,3,682,391,307,0,0,3,0,0,0
2029,1,1,0,1,1,60,678,678,0,678,10,2,678,237,202,0,0,4,0,0,0
2029,1,1,0,1,1,100,0,0,0,0,0,0,0,0,0,0,0,0,0,0,0
2029.5,1,0,0,0,0,0,5888,0,0,0,26,0,456,1952,0,0,199,0,0,0,0
2029.5,1,0,0,0,0,5,5661,0,0,0,1,0,0,1968,0,0,0,0,0,0,0
2029.5,1,0,0,0,0,10,5890,0,0,0,1,0,1,1979,0,0,0,0,0,0,5
2029.5,1,0,0,0,0,15,5215,0,0,0,3,0,430,2089,0,0,408,0,0,0,13
2029.5,1,0,0,0,0,20,4561,0,0,0,4,0,1796,2926,0,0,1344,0,0,0,25
2029.5,1,0,0,0,0,25,3500,0,0,0,4,0,1957,2921,0,0,1429,0,0,0,10
2029.5,1,0,0,0,0,30,3074,0,0,0,4,0,1895,2853,0,0,1393,0,0,0,2
2029.5,1,0,0,0,0,35,2700,0,0,0,5,0,1714,2627,0,0,1307,0,0,0,0
2029.5,1,0,0,0,0,40,2175,0,0,0,9,0,1405,2154,0,0,992,0,0,0,0
2029.5,1,0,0,0,0,45,1448,0,0,0,4,0,946,1427,0,0,698,0,0,0,0
2029.5,1,0,0,0,0,50,962,0,0,0,5,0,602,942,0,0,451,0,0,0,0
2029.5,1,0,0,0,0,55,637,0,0,0,8,0,164,242,0,0,110,0,0,0,0
2029.5,1,0,0,0,0,60,977,0,0,0,25,0,0,0,0,0,0,0,0,0,0
2029.5,1,0,0,0,0,100,0,0,0,0,0,0,0,0,0,0,0,0,0,0,0
2029.5,1,0,0,0,1,0,0,0,0,0,0,0,0,0,0,0,0,0,0,0,0
2029.5,1,0,0,0,1,5,0,0,0,0,0,0,0,0,0,0,0,0,0,0,0
2029.5,1,0,0,0,1,10,0,0,0,0,0,0,0,0,0,0,0,0,0,0,0
2029.5,1,0,0,0,1,15,0,0,0,0,0,0,0,0,0,0,0,0,0,0,0
2029.5,1,0,0,0,1,20,0,0,0,0,0,0,0,0,0,0,0,0,0,0,0
2029.5,1,0,0,0,1,25,0,0,0,0,0,0,0,0,0,0,0,0,0,0,0
2029.5,1,0,0,0,1,30,0,0,0,0,0,0,0,0,0,0,0,0,0,0,0
2029.5,1,0,0,0,1,35,0,0,0,0,0,0,0,0,0,0,0,0,0,0,0
2029.5,1,0,0,0,1,40,0,0,0,0,0,0,0,0,0,0,0,0,0,0,0
2029.5,1,0,0,0,1,45,0,0,0,0,0,0,0,0,0,0,0,0,0,0,0
2029.5,1,0,0,0,1,50,0,0,0,0,0,0,0,0,0,0,0,0,0,0,0
2029.5,1,0,0,0,1,55,0,0,0,0,0,0,0,0,0,0,0,0,0,0,0
2029.5,1,0,0,0,1,60,0,0,0,0,0,0,0,0,0,0,0,0,0,0,0
2029.5,1,0,0,0,1,100,0,0,0,0,0,0,0,0,0,0,0,0,0,0,0
2029.5,1,0,0,1,0,0,29,29,8,0,6,6,0,3,3,2,0,0,0,0,0
2029.5,1,0,0,1,0,5,22,22,0,0,0,0,0,8,8,0,0,0,0,0,0
2029.5,1,0,0,1,0,10,12,12,0,0,0,0,0,6,6,0,0,0,0,0,0
2029.5,1,0,0,1,0,15,26,26,2,0,2,2,2,8,6,3,0,0,0,0,0
2029.5,1,0,0,1,0,20,109,109,10,0,1,1,17,57,33,17,0,11,0,0,0
2029.5,1,0,0,1,0,25,150,150,22,0,1,1,33,97,64,25,0,32,0,0,0
2029.5,1,0,0,1,0,30,196,196,21,0,3,3,41,158,127,36,0,27,0,0,0
2029.5,1,0,0,1,0,35,219,219,15,0,7,7,38,204,165,32,0,23,0,0,0
2029.5,1,0,0,1,0,40,203,203,18,0,5,5,34,190,151,28,0,21,0,0,0
2029.5,1,0,0,1,0,45,122,122,13,0,3,2,27,108,81,13,0,2,0,0,0
2029.5,1,0,0,1,0,50,80,80,8,0,2,1,19,69,47,12,0,2,0,0,0
2029.5,1,0,0,1,0,55,58,58,3,0,1,1,5,21,18,5,0,2,0,0,0
2029.5,1,0,0,1,0,60,65,65,6,0,5,1,2,9,9,3,0,4,0,0,0
2029.5,1,0,0,1,0,100,0,0,0,0,0,0,0,0,0,0,0,0,0,0,0
2029.5,1,0,0,1,1,0,10,10,0,10,0,0,10,10,10,0,0,0,0,0,0
2029.5,1,0,0,1,1,5,9,9,0,9,1,1,9,9,9,0,0,0,0,0,0
2029.5,1,0,0,1,1,10,7,7,0,7,0,0,7,7,7,0,0,0,0,0,0
2029.5,1,0,0,1,1,15,23,23,0,23,0,0,23,23,23,0,0,0,0,0,0
2029.5,1,0,0,1,1,20,77,77,0,77,0,0,77,77,77,0,0,2,0,0,0
2029.5,1,0,0,1,1,25,214,214,0,214,1,1,214,214,214,0,0,10,0,0,1
2029.5,1,0,0,1,1,30,406,406,0,406,0,0,406,394,394,0,0,12,0,0,0
2029.5,1,0,0,1,1,35,570,570,0,570,2,2,570,563,557,0,0,15,0,0,0
2029.5,1,0,0,1,1,40,737,737,0,737,3,2,737,709,694,0,0,8,0,0,0
2029.5,1,0,0,1,1,45,782,782,0,782,3,2,782,695,649,0,0,12,0,0,0
2029.5,1,0,0,1,1,50,694,694,0,694,11,3,694,562,497,0,0,6,0,0,0
2029.5,1,0,0,1,1,55,550,550,0,550,8,2,550,204,181,0,0,3,0,0,0
2029.5,1,0,0,1,1,60,557,557,0,557,13,1,557,93,93,0,0,6,0,0,0
2029.5,1,0,0,1,1,100,0,0,0,0,0,0,0,0,0,0,0,0,0,0,0
2029.5,1,0,1,0,0,0,0,0,0,0,0,0,0,0,0,0,0,0,0,0,0
2029.5,1,0,1,0,0,5,2,0,0,0,0,0,0,2,0,0,0,0,0,0,0
2029.5,1,0,1,0,0,10,27,0,0,0,0,0,0,9,0,0,0,0,0,0,0
2029.5,1,0,1,0,0,15,140,0,0,0,0,0,13,58,0,0,15,0,0,0,0
2029.5,1,0,1,0,0,20,328,0,0,0,1,0,131,209,0,0,95,0,0,0,0
2029.5,1,0,1,0,0,25,425,0,0,0,0,0,238,362,0,0,173,0,0,0,0
2029.5,1,0,1,0,0,30,450,0,0,0,0,0,271,424,0,0,188,0,0,0,0
2029.5,1,0,1,0,0,35,421,0,0,0,2,0,268,411,0,0,205,0,0,0,0
2029.5,1,0,1,0,0,40,334,0,0,0,1,0,225,330,0,0,153,0,0,0,0
2029.5,1,0,1,0,0,45,235,0,0,0,2,0,157,230,0,0,105,0,0,0,0
2029.5,1,0,1,0,0,50,178,0,0,0,1,0,113,175,0,0,75,0,0,0,0
2029.5,1,0,1,0,0,55,109,0,0,0,1,0,23,36,0,0,13,0,0,0,0
2029.5,1,0,1,0,0,60,154,0,0,0,4,0,0,0,0,0,0,0,0,0,0
2029.5,1,0,1,0,0,100,0,0,0,0,0,0,0,0,0,0,0,0,0,0,0
2029.5,1,0,1,0,1,0,0,0,0,0,0,0,0,0,0,0,0,0,0,0,0
2029.5,1,0,1,0,1,5,0,0,0,0,0,0,0,0,0,0,0,0,0,0,0
2029.5,1,0,1,0,1,10,0,0,0,0,0,0,0,0,0,0,0,0,0,0,0
2029.5,1,0,1,0,1,15,0,0,0,0,0,0,0,0,0,0,0,0,0,0,0
2029.5,1,0,1,0,1,20,0,0,0,0,0,0,0,0,0,0,0,0,0,0,0
2029.5,1,0,1,0,1,25,0,0,0,0,0,0,0,0,0,0,0,0,0,0,0
2029.5,1,0,1,0,1,30,0,0,0,0,0,0,0,0,0,0,0,0,0,0,0
2029.5,1,0,1,0,1,35,0,0,0,0,0,0,0,0,0,0,0,0,0,0,0
2029.5,1,0,1,0,1,40,0,0,0,0,0,0,0,0,0,0,0,0,0,0,0
2029.5,1,0,1,0,1,45,0,0,0,0,0,0,0,0,0,0,0,0,0,0,0
2029.5,1,0,1,0,1,50,0,0,0,0,0,0,0,0,0,0,0,0,0,0,0
2029.5,1,0,1,0,1,55,0,0,0,0,0,0,0,0,0,0,0,0,0,0,0
2029.5,1,0,1,0,1,60,0,0,0,0,0,0,0,0,0,0,0,0,0,0,0
2029.5,1,0,1,0,1,100,0,0,0,0,0,0,0,0,0,0,0,0,0,0,0
2029.5,1,0,1,1,0,0,0,0,0,0,0,0,0,0,0,0,0,0,0,0,0
2029.5,1,0,1,1,0,5,0,0,0,0,0,0,0,0,0,0,0,0,0,0,0
2029.5,1,0,1,1,0,10,0,0,0,0,0,0,0,0,0,0,0,0,0,0,0
2029.5,1,0,1,1,0,15,1,1,1,0,0,0,0,0,0,1,0,0,0,0,0
2029.5,1,0,1,1,0,20,5,5,0,0,0,0,2,5,5,1,0,0,0,0,0
2029.5,1,0,1,1,0,25,14,14,5,0,0,0,4,11,7,4,0,4,0,0,0
2029.5,1,0,1,1,0,30,21,21,3,0,0,0,4,17,13,3,0,4,0,0,0
2029.5,1,0,1,1,0,35,11,11,2,0,0,0,3,10,10,4,0,0,0,0,0
2029.5,1,0,1,1,0,40,21,21,2,0,0,0,1,19,16,5,0,1,0,0,0
2029.5,1,0,1,1,0,45,15,15,1,0,0,0,2,13,12,2,0,3,0,0,0
2029.5,1,0,1,1,0,50,6,6,1,0,0,0,1,5,3,0,0,0,0,0,0
2029.5,1,0,1,1,0,55,7,7,0,0,0,0,3,4,4,1,0,0,0,0,0
2029.5,1,0,1,1,0,60,5,5,0,0,0,0,0,1,1,0,0,0,0,0,0
2029.5,1,0,1,1,0,100,0,0,0,0,0,0,0,0,0,0,0,0,0,0,0
2029.5,1,0,1,1,1,0,0,0,0,0,0,0,0,0,0,0,0,0,0,0,0
2029.5,1,0,1,1,1,5,0,0,0,0,0,0,0,0,0,0,0,0,0,0,0
2029.5,1,0,1,1,1,10,0,0,0,0,0,0,0,0,0,0,0,0,0,0,0
2029.5,1,0,1,1,1,15,3,3,0,3,0,0,3,3,3,0,0,0,0,0,0
2029.5,1,0,1,1,1,20,4,4,0,4,0,0,4,4,4,0,0,0,0,0,0
2029.5,1,0,1,1,1,25,19,19,0,19,0,0,19,19,19,0,0,1,0,0,0
2029.5,1,0,1,1,1,30,42,42,0,42,0,0,42,42,42,0,0,1,0,0,0
2029.5,1,0,1,1,1,35,45,45,0,45,0,0,45,44,43,0,0,0,0,0,0
2029.5,1,0,1,1,1,40,69,69,0,69,0,0,69,66,65,0,0,2,0,0,0
2029.5,1,0,1,1,1,45,83,83,0,83,2,1,83,76,74,0,0,2,0,0,0
2029.5,1,0,1,1,1,50,77,77,0,77,0,0,77,64,55,0,0,0,0,0,0
2029.5,1,0,1,1,1,55,51,51,0,51,1,1,51,18,17,0,0,0,0,0,0
2029.5,1,0,1,1,1,60,52,52,0,52,3,1,52,4,4,0,0,0,0,0,0
2029.5,1,0,1,1,1,100,0,0,0,0,0,0,0,0,0,0,0,0,0,0,0
2029.5,1,1,0,0,0,0,5983,0,0,0,10,0,462,1986,0,0,245,0,0,0,0
2029.5,1,1,0,0,0,5,5726,0,0,0,1,0,0,1930,0,0,0,0,0,0,0
2029.5,1,1,0,0,0,10,5791,0,0,0,3,0,132,2058,0,0,140,0,0,0,0
2029.5,1,1,0,0,0,15,5258,0,0,0,1,0,1351,3173,0,0,1020,0,0,0,0
2029.5,1,1,0,0,0,20,4340,0,0,0,2,0,2152,3666,0,0,1699,0,0,0,0
2029.5,1,1,0,0,0,25,3519,0,0,0,2,0,2139,3351,0,0,1651,0,0,0,0
2029.5,1,1,0,0,0,30,2946,0,0,0,3,0,1955,2924,0,0,1434,0,0,0,0
2029.5,1,1,0,0,0,35,2322,0,0,0,1,0,1553,2319,0,0,1170,0,0,0,0
2029.5,1,1,0,0,0,40,1825,0,0,0,2,0,1220,1820,0,0,864,0,0,0,0
2029.5,1,1,0,0,0,45,1213,0,0,0,1,0,792,1213,0,0,533,0,0,0,0
2029.5,1,1,0,0,0,50,725,0,0,0,2,0,369,685,0,0,287,0,0,0,0
2029.5,1,1,0,0,0,55,526,0,0,0,0,0,73,338,0,0,50,0,0,0,0
2029.5,1,1,0,0,0,60,1624,0,0,0,36,0,20,189,0,0,10,0,0,0,0
2029.5,1,1,0,0,0,100,6,0,0,0,2,0,0,0,0,0,0,0,0,0,0
2029.5,1,1,0,0,1,0,0,0,0,0,0,0,0,0,0,0,0,0,0,0,0
2029.5,1,1,0,0,1,5,0,0,0,0,0,0,0,0,0,0,0,0,0,0,0
2029.5,1,1,0,0,1,10,0,0,0,0,0,0,0,0,0,0,0,0,0,0,0
2029.5,1,1,0,0,1,15,0,0,0,0,0,0,0,0,0,0,0,0,0,0,0
2029.5,1,1,0,0,1,20,0,0,0,0,0,0,0,0,0,0,0,0,0,0,0
2029.5,1,1,0,0,1,25,0,0,0,0,0,0,0,0,0,0,0,0,0,0,0
2029.5,1,1,0,0,1,30,0,0,0,0,0,0,0,0,0,0,0,0,0,0,0
2029.5,1,1,0,0,1,35,0,0,0,0,0,0,0,0,0,0,0,0,0,0,0
2029.5,1,1,0,0,1,40,0,0,0,0,0,0,0,0,0,0,0,0,0,0,0
2029.5,1,1,0,0,1,45,0,0,0,0,0,0,0,0,0,0,0,0,0,0,0
2029.5,1,1,0,0,1,50,0,0,0,0,0,0,0,0,0,0,0,0,0,0,0
2029.5,1,1,0,0,1,55,0,0,0,0,0,0,0,0,0,0,0,0,0,0,0
2029.5,1,1,0,0,1,60,0,0,0,0,0,0,0,0,0,0,0,0,0,0,0
2029.5,1,1,0,0,1,100,0,0,0,0,0,0,0,0,0,0,0,0,0,0,0
2029.5,1,1,0,1,0,0,19,19,5,0,2,2,1,3,3,3,0,0,0,0,0
2029.5,1,1,0,1,0,5,20,20,0,0,0,0,0,1,1,0,0,0,0,0,0
2029.5,1,1,0,1,0,10,24,24,7,0,4,4,2,7,4,3,0,1,0,0,0
2029.5,1,1,0,1,0,15,116,116,27,0,0,0,28,77,29,17,0,16,0,0,0
2029.5,1,1,0,1,0,20,212,212,48,0,1,1,52,166,80,44,0,17,0,0,0
2029.5,1,1,0,1,0,25,243,243,47,0,1,1,62,220,111,39,0,13,0,0,0
2029.5,1,1,0,1,0,30,225,225,25,0,3,3,50,217,147,38,0,6,0,0,0
2029.5,1,1,0,1,0,35,175,175,26,0,1,1,29,166,100,16,0,8,0,0,0
2029.5,1,1,0,1,0,40,130,130,11,0,1,1,19,124,81,11,0,6,0,0,0
2029.5,1,1,0,1,0,45,158,158,8,0,2,2,14,148,111,9,0,6,0,0,0
2029.5,1,1,0,1,0,50,111,111,6,0,1,1,12,94,68,12,0,2,0,0,0
2029.5,1,1,0,1,0,55,82,82,3,0,1,1,5,57,39,5,0,1,0,0,0
2029.5,1,1,0,1,0,60,99,99,7,0,3,3,7,37,26,6,0,2,0,0,0
2029.5,1,1,0,1,0,100,1,1,1,0,0,0,0,0,0,0,0,0,0,0,0
2029.5,1,1,0,1,1,0,9,9,0,9,0,0,9,9,9,0,0,0,0,0,0
2029.5,1,1,0,1,1,5,10,10,0,10,0,0,10,10,10,0,0,0,0,0,0
2029.5,1,1,0,1,1,10,12,12,0,12,0,0,12,12,12,0,0,1,0,0,0
2029.5,1,1,0,1,1,15,92,92,0,92,0,0,92,85,73,0,0,0,0,0,0
2029.5,1,1,0,1,1,20,430,430,0,430,1,1,430,366,314,0,0,3,0,0,0
2029.5,1,1,0,1,1,25,846,846,0,846,0,0,846,764,657,0,0,8,0,0,0
2029.5,1,1,0,1,1,30,1196,1196,0,1196,1,1,1196,1102,900,0,0,7,0,0,0
2029.5,1,1,0,1,1,35,1629,1629,0,1629,2,1,1629,1531,1225,0,0,6,0,0,0
2029.5,1,1,0,1,1,40,1808,1808,0,1808,5,2,1808,1696,1361,0,0,15,0,0,0
2029.5,1,1,0,1,1,45,1584,1584,0,1584,5,2,1584,1449,1152,0,0,7,0,0,0
2029.5,1,1,0,1,1,50,1091,1091,0,1091,6,1,1091,910,731,0,0,4,0,0,0
2029.5,1,1,0,1,1,55,715,715,0,715,6,4,715,424,332,0,0,2,0,0,0
2029.5,1,1,0,1,1,60,731,731,0,731,13,4,731,263,222,0,0,2,0,0,0
2029.5,1,1,0,1,1,100,0,0,0,0,0,0,0,0,0,0,0,0,0,0,0
2030,1,0,0,0,0,0,5934,0,0,0,15,0,430,1940,0,0,197,0,0,0,0
2030,1,0,0,0,0,5,5640,0,0,0,1,0,0,1951,0,0,0,0,0,0,0
2030,1,0,0,0,0,10,5885,0,0,0,2,0,1,2016,0,0,2,0,0,0,4
2030,1,0,0,0,0,15,5278,0,0,0,8,0,426,2078,0,0,380,0,0,0,23
2030,1,0,0,0,0,20,4551,0,0,0,4,0,1801,2994,0,0,1335,0,0,0,24
2030,1,0,0,0,0,25,3573,0,0,0,3,0,1964,2968,0,0,1425,0,0,0,9
2030,1,0,0,0,0,30,3086,0,0,0,6,0,1908,2866,0,0,1397,0,0,0,2
2030,1,0,0,0,0,35,2742,0,0,0,4,0,1767,2672,0,0,1271,0,0,0,0
2030,1,0,0,0,0,40,2234,0,0,0,6,0,1482,2215,0,0,1059,0,0,0,0
2030,1,0,0,0,0,45,1489,0,0,0,6,0,960,1467,0,0,724,0,0,0,0
2030,1,0,0,0,0,50,985,0,0,0,7,0,639,969,0,0,488,0,0,0,0
2030,1,0,0,0,0,55,656,0,0,0,4,0,214,307,0,0,142,0,0,0,0
2030,1,0,0,0,0,60,980,0,0,0,37,0,0,0,0,0,0,0,0,0,0
2030,1,0,0,0,0,100,0,0,0,0,0,0,0,0,0,0,0,0,0,0,0
2030,1,0,0,0,1,0,0,0,0,0,0,0,0,0,0,0,0,0,0,0,0
2030,1,0,0,0,1,5,0,0,0,0,0,0,0,0,0,0,0,0,0,0,0
2030,1,0,0,0,1,10,0,0,0,0,0,0,0,0,0,0,0,0,0,0,0
2030,1,0,0,0,1,15,0,0,0,0,0,0,0,0,0,0,0,0,0,0,0
2030,1,0,0,0,1,20,0,0,0,0,0,0,0,0,0,0,0,0,0,0,0
2030,1,0,0,0,1,25,0,0,0,0,0,0,0,0,0,0,0,0,0,0,0
2030,1,0,0,0,1,30,0,0,0,0,0,0,0,0,0,0,0,0,0,0,0
2030,1,0,0,0,1,35,0,0,0,0,0,0,0,0,0,0,0,0,0,0,0
2030,1,0,0,0,1,40,0,0,0,0,0,0,0,0,0,0,0,0,0,0,0
2030,1,0,0,0,1,45,0,0,0,0,0,0,0,0,0,0,0,0,0,0,0
2030,1,0,0,0,1,50,0,0,0,0,0,0,0,0,0,0,0,0,0,0,0
2030,1,0,0,0,1,55,0,0,0,0,0,0,0,0,0,0,0,0,0,0,0
2030,1,0,0,0,1,60,0,0,0,0,0,0,0,0,0,0,0,0,0,0,0
2030,1,0,0,0,1,100,0,0,0,0,0,0,0,0,0,0,0,0,0,0,0
2030,1,0,0,1,0,0,27,27,5,0,2,2,2,6,6,3,0,0,0,0,0
2030,1,0,0,1,0,5,26,26,0,0,0,0,1,8,8,1,0,0,0,0,0
2030,1,0,0,1,0,10,12,12,0,0,0,0,0,5,5,0,0,0,0,0,0
2030,1,0,0,1,0,15,25,25,8,0,1,1,4,10,6,4,0,5,0,0,0
2030,1,0,0,1,0,20,107,107,19,0,3,3,15,56,32,16,0,18,0,0,1
2030,1,0,0,1,0,25,149,149,15,0,0,0,34,95,67,24,0,19,0,0,0
2030,1,0,0,1,0,30,194,194,19,0,1,1,34,157,119,22,0,24,0,0,0
2030,1,0,0,1,0,35,227,227,19,0,4,3,45,215,169,32,0,20,0,0,0
2030,1,0,0,1,0,40,191,191,20,0,4,3,43,181,151,40,0,14,0,0,0
2030,1,0,0,1,0,45,138,138,17,0,1,1,28,126,89,15,0,8,0,0,0
2030,1,0,0,1,0,50,70,70,9,0,2,0,11,61,42,6,0,3,0,0,0
2030,1,0,0,1,0,55,63,63,6,0,1,1,6,21,16,7,0,1,0,0,0
2030,1,0,0,1,0,60,61,61,3,0,3,1,3,9,9,5,0,2,0,0,0
2030,1,0,0,1,0,100,0,0,0,0,0,0,0,0,0,0,0,0,0,0,0
2030,1,0,0,1,1,0,9,9,0,9,0,0,9,9,9,0,0,0,0,0,0
2030,1,0,0,1,1,5,8,8,0,8,0,0,8,8,8,0,0,0,0,0,0
2030,1,0,0,1,1,10,8,8,0,8,0,0,8,8,8,0,0,0,0,0,0
2030,1,0,0,1,1,15,18,18,0,18,0,0,18,18,18,0,0,1,0,0,1
2030,1,0,0,1,1,20,78,78,0,78,0,0,78,78,78,0,0,3,0,0,0
2030,1,0,0,1,1,25,209,209,0,209,1,1,209,209,209,0,0,9,0,0,0
2030,1,0,0,1,1,30,398,398,0,398,1,0,398,387,387,0,0,11,0,0,0
2030,1,0,0,1,1,35,560,560,0,560,3,1,560,552,547,0,0,7,0,0,0
2030,1,0,0,1,1,40,731,731,0,731,8,4,731,707,693,0,0,15,0,0,0
2030,1,0,0,1,1,45,787,787,0,787,10,5,787,707,664,0,0,10,0,0,0
2030,1,0,0,1,1,50,734,734,0,734,6,1,734,608,535,0,0,5,0,0,0
2030,1,0,0,1,1,55,575,575,0,575,11,3,575,245,218,0,0,0,0,0,0
2030,1,0,0,1,1,60,579,579,0,579,9,2,579,101,101,0,0,6,0,0,0
2030,1,0,0,1,1,100,0,0,0,0,0,0,0,0,0,0,0,0,0,0,0
2030,1,0,1,0,0,0,0,0,0,0,0,0,0,0,0,0,0,0,0,0,0
2030,1,0,1,0,0,5,1,0,0,0,0,0,0,1,0,0,0,0,0,0,0
2030,1,0,1,0,0,10,29,0,0,0,0,0,0,9,0,0,0,0,0,0,0
2030,1,0,1,0,0,15,135,0,0,0,0,0,13,56,0,0,11,0,0,0,0
2030,1,0,1,0,0,20,338,0,0,0,0,0,148,221,0,0,119,0,0,0,0
2030,1,0,1,0,0,25,440,0,0,0,1,0,256,376,0,0,186,0,0,0,0
2030,1,0,1,0,0,30,441,0,0,0,1,0,279,410,0,0,212,0,0,0,0
2030,1,0,1,0,0,35,430,0,0,0,0,0,271,421,0,0,177,0,0,0,0
2030,1,0,1,0,0,40,342,0,0,0,1,0,223,338,0,0,158,0,0,0,0
2030,1,0,1,0,0,45,235,0,0,0,0,0,152,229,0,0,105,0,0,0,0
2030,1,0,1,0,0,50,184,0,0,0,4,0,120,182,0,0,91,0,0,0,0
2030,1,0,1,0,0,55,106,0,0,0,1,0,31,48,0,0,30,0,0,0,0
2030,1,0,1,0,0,60,160,0,0,0,5,0,0,0,0,0,0,0,0,0,0
2030,1,0,1,0,0,100,0,0,0,0,0,0,0,0,0,0,0,0,0,0,0
2030,1,0,1,0,1,0,0,0,0,0,0,0,0,0,0,0,0,0,0,0,0
2030,1,0,1,0,1,5,0,0,0,0,0,0,0,0,0,0,0,0,0,0,0
2030,1,0,1,0,1,10,0,0,0,0,0,0,0,0,0,0,0,0,0,0,0
2030,1,0,1,0,1,15,0,0,0,0,0,0,0,0,0,0,0,0,0,0,0
2030,1,0,1,0,1,20,0,0,0,0,0,0,0,0,0,0,0,0,0,0,0
2030,1,0,1,0,1,25,0,0,0,0,0,0,0,0,0,0,0,0,0,0,0
2030,1,0,1,0,1,30,0,0,0,0,0,0,0,0,0,0,0,0,0,0,0
2030,1,0,1,0,1,35,0,0,0,0,0,0,0,0,0,0,0,0,0,0,0
2030,1,0,1,0,1,40,0,0,0,0,0,0,0,0,0,0,0,0,0,0,0
2030,1,0,1,0,1,45,0,0,0,0,0,0,0,0,0,0,0,0,0,0,0
2030,1,0,1,0,1,50,0,0,0,0,0,0,0,0,0,0,0,0,0,0,0
2030,1,0,1,0,1,55,0,0,0,0,0,0,0,0,0,0,0,0,0,0,0
2030,1,0,1,0,1,60,0,0,0,0,0,0,0,0,0,0,0,0,0,0,0
2030,1,0,1,0,1,100,0,0,0,0,0,0,0,0,0,0,0,0,0,0,0
2030,1,0,1,1,0,0,0,0,0,0,0,0,0,0,0,0,0,0,0,0,0
2030,1,0,1,1,0,5,0,0,0,0,0,0,0,0,0,0,0,0,0,0,0
2030,1,0,1,1,0,10,0,0,0,0,0,0,0,0,0,0,0,0,0,0,0
2030,1,0,1,1,0,15,2,2,0,0,0,0,0,1,1,0,0,0,0,0,0
2030,1,0,1,1,0,20,4,4,1,0,0,0,1,3,3,0,0,3,0,0,0
2030,1,0,1,1,0,25,11,11,0,0,0,0,4,9,7,4,0,5,0,0,0
2030,1,0,1,1,0,30,17,17,0,0,1,1,4,14,13,4,0,1,0,0,0
2030,1,0,1,1,0,35,9,9,0,0,0,0,0,8,8,0,0,1,0,0,0
2030,1,0,1,1,0,40,19,19,3,0,0,0,5,18,16,7,0,3,0,0,0
2030,1,0,1,1,0,45,16,16,2,0,0,0,3,14,11,1,0,1,0,0,0
2030,1,0,1,1,0,50,7,7,1,0,0,0,1,5,2,0,0,0,0,0,0
2030,1,0,1,1,0,55,8,8,1,0,0,0,0,5,5,0,0,0,0,0,0
2030,1,0,1,1,0,60,7,7,0,0,0,0,0,1,1,0,0,0,0,0,0
2030,1,0,1,1,0,100,0,0,0,0,0,0,0,0,0,0,0,0,0,0,0
2030,1,0,1,1,1,0,0,0,0,0,0,0,0,0,0,0,0,0,0,0,0
2030,1,0,1,1,1,5,0,0,0,0,0,0,0,0,0,0,0,0,0,0,0
2030,1,0,1,1,1,10,0,0,0,0,0,0,0,0,0,0,0,0,0,0,0
2030,1,0,1,1,1,15,2,2,0,2,0,0,2,2,2,0,0,0,0,0,0
2030,1,0,1,1,1,20,3,3,0,3,0,0,3,3,3,0,0,0,0,0,0
2030,1,0,1,1,1,25,20,20,0,20,1,1,20,20,20,0,0,0,0,0,0
2030,1,0,1,1,1,30,42,42,0,42,0,0,42,42,42,0,0,0,0,0,0
2030,1,0,1,1,1,35,51,51,0,51,1,1,51,50,49,0,0,0,0,0,0
2030,1,0,1,1,1,40,68,68,0,68,0,0,68,64,63,0,0,1,0,0,0
2030,1,0,1,1,1,45,86,86,0,86,1,0,86,79,78,0,0,1,0,0,0
2030,1,0,1,1,1,50,80,80,0,80,0,0,80,69,60,0,0,0,0,0,0
2030,1,0,1,1,1,55,53,53,0,53,1,1,53,19,17,0,0,1,0,0,0
2030,1,0,1,1,1,60,50,50,0,50,1,0,50,4,4,0,0,1,0,0,0
2030,1,0,1,1,1,100,0,0,0,0,0,0,0,0,0,0,0,0,0,0,0
2030,1,1,0,0,0,0,5926,0,0,0,16,0,474,1970,0,0,208,0,0,0,0
2030,1,1,0,0,0,5,5798,0,0,0,0,0,0,1967,0,0,0,0,0,0,0
2030,1,1,0,0,0,10,5724,0,0,0,3,0,125,2037,0,0,126,0,0,0,0
2030,1,1,0,0,0,15,5357,0,0,0,1,0,1348,3219,0,0,1017,0,0,0,0
2030,1,1,0,0,0,20,4393,0,0,0,2,0,2194,3736,0,0,1670,0,0,0,0
2030,1,1,0,0,0,25,3505,0,0,0,1,0,2164,3340,0,0,1675,0,0,0,0
2030,1,1,0,0,0,30,2991,0,0,0,0,0,1950,2963,0,0,1429,0,0,0,0
2030,1,1,0,0,0,35,2388,0,0,0,0,0,1603,2385,0,0,1156,0,0,0,0
2030,1,1,0,0,0,40,1858,0,0,0,0,0,1214,1854,0,0,863,0,0,0,0
2030,1,1,0,0,0,45,1261,0,0,0,2,0,841,1260,0,0,590,0,0,0,0
2030,1,1,0,0,0,50,729,0,0,0,0,0,416,705,0,0,278,0,0,0,0
2030,1,1,0,0,0,55,534,0,0,0,2,0,97,365,0,0,64,0,0,0,0
2030,1,1,0,0,0,60,1646,0,0,0,37,0,21,217,0,0,11,0,0,0,0
2030,1,1,0,0,0,100,7,0,0,0,0,0,0,0,0,0,0,0,0,0,0
2030,1,1,0,0,1,0,0,0,0,0,0,0,0,0,0,0,0,0,0,0,0
2030,1,1,0,0,1,5,0,0,0,0,0,0,0,0,0,0,0,0,0,0,0
2030,1,1,0,0,1,10,0,0,0,0,0,0,0,0,0,0,0,0,0,0,0
2030,1,1,0,0,1,15,0,0,0,0,0,0,0,0,0,0,0,0,0,0,0
2030,1,1,0,0,1,20,0,0,0,0,0,0,0,0,0,0,0,0,0,0,0
2030,1,1,0,0,1,25,0,0,0,0,0,0,0,0,0,0,0,0,0,0,0
2030,1,1,0,0,1,30,0,0,0,0,0,0,0,0,0,0,0,0,0,0,0
2030,1,1,0,0,1,35,0,0,0,0,0,0,0,0,0,0,0,0,0,0,0
2030,1,1,0,0,1,40,0,0,0,0,0,0,0,0,0,0,0,0,0,0,0
2030,1,1,0,0,1,45,0,0,0,0,0,0,0,0,0,0,0,0,0,0,0
2030,1,1,0,0,1,50,0,0,0,0,0,0,0,0,0,0,0,0,0,0,0
2030,1,1,0,0,1,55,0,0,0,0,0,0,0,0,0,0,0,0,0,0,0
2030,1,1,0,0,1,60,0,0,0,0,0,0,0,0,0,0,0,0,0,0,0
2030,1,1,0,0,1,100,0,0,0,0,0,0,0,0,0,0,0,0,0,0,0
2030,1,1,0,1,0,0,18,18,6,0,2,2,1,2,2,1,0,0,0,0,0
2030,1,1,0,1,0,5,20,20,0,0,0,0,0,1,1,0,0,0,0,0,0
2030,1,1,0,1,0,10,21,21,7,0,3,3,3,7,4,3,0,3,0,0,0
2030,1,1,0,1,0,15,113,113,26,0,1,1,30,73,31,15,0,14,0,0,0
2030,1,1,0,1,0,20,210,210,38,0,2,2,61,166,90,47,0,16,0,0,0
2030,1,1,0,1,0,25,231,231,44,0,1,1,72,215,114,53,0,10,0,0,0
2030,1,1,0,1,0,30,220,220,29,0,3,3,58,207,138,41,0,9,0,0,0
2030,1,1,0,1,0,35,195,195,16,0,1,0,26,185,121,13,0,8,0,0,0
2030,1,1,0,1,0,40,146,146,17,0,0,0,20,137,97,14,0,7,0,0,0
2030,1,1,0,1,0,45,173,173,8,0,1,1,17,163,118,13,0,9,0,0,0
2030,1,1,0,1,0,50,120,120,7,0,1,1,18,108,81,12,0,1,0,0,0
2030,1,1,0,1,0,55,92,92,2,0,3,2,7,63,46,9,0,1,0,0,0
2030,1,1,0,1,0,60,95,95,5,0,3,0,3,39,21,3,0,0,0,0,0
2030,1,1,0,1,0,100,1,1,0,0,0,0,0,0,0,0,0,0,0,0,0
2030,1,1,0,1,1,0,10,10,0,10,0,0,10,10,10,0,0,0,0,0,0
2030,1,1,0,1,1,5,9,9,0,9,0,0,9,9,9,0,0,0,0,0,0
2030,1,1,0,1,1,10,8,8,0,8,0,0,8,8,8,0,0,0,0,0,0
2030,1,1,0,1,1,15,82,82,0,82,0,0,82,74,64,0,0,1,0,0,0
2030,1,1,0,1,1,20,434,434,0,434,5,5,434,375,316,0,0,10,0,0,0
2030,1,1,0,1,1,25,843,843,0,843,3,3,843,758,649,0,0,10,0,0,0
2030,1,1,0,1,1,30,1169,1169,0,1169,5,4,1169,1085,885,0,0,3,0,0,0
2030,1,1,0,1,1,35,1619,1619,0,1619,2,1,1619,1518,1211,0,0,8,0,0,0
2030,1,1,0,1,1,40,1786,1786,0,1786,4,3,1786,1682,1337,0,0,8,0,0,0
2030,1,1,0,1,1,45,1622,1622,0,1622,4,3,1622,1489,1184,0,0,9,0,0,0
2030,1,1,0,1,1,50,1141,1141,0,1141,7,1,1141,976,789,0,0,7,0,0,0
2030,1,1,0,1,1,55,742,742,0,742,5,2,742,455,351,0,0,9,0,0,0
2030,1,1,0,1,1,60,784,784,0,784,6,2,784,288,249,0,0,0,0,0,0
2030,1,1,0,1,1,100,0,0,0,0,0,0,0,0,0,0,0,0,0,0,0
2030.5,1,0,0,0,0,0,5933,0,0,0,20,0,455,1948,0,0,228,0,0,0,0
2030.5,1,0,0,0,0,5,5619,0,0,0,1,0,0,1967,0,0,0,0,0,0,0
2030.5,1,0,0,0,0,10,5880,0,0,0,4,0,2,2012,0,0,2,0,0,0,4
2030.5,1,0,0,0,0,15,5344,0,0,0,2,0,408,2085,0,0,371,0,0,0,23
2030.5,1,0,0,0,0,20,4547,0,0,0,4,0,1767,3058,0,0,1328,0,0,0,26
2030.5,1,0,0,0,0,25,3645,0,0,0,4,0,2030,3022,0,0,1561,0,0,0,10
2030.5,1,0,0,0,0,30,3116,0,0,0,4,0,1964,2903,0,0,1441,0,0,0,2
2030.5,1,0,0,0,0,35,2719,0,0,0,3,0,1756,2650,0,0,1280,0,0,0,0
2030.5,1,0,0,0,0,40,2301,0,0,0,7,0,1540,2282,0,0,1071,0,0,0,0
2030.5,1,0,0,0,0,45,1540,0,0,0,2,0,1010,1518,0,0,664,0,0,0,0
2030.5,1,0,0,0,0,50,1020,0,0,0,4,0,670,1007,0,0,455,0,0,0,0
2030.5,1,0,0,0,0,55,663,0,0,0,6,0,262,379,0,0,155,0,0,0,0
2030.5,1,0,0,0,0,60,1008,0,0,0,26,0,0,0,0,0,0,0,0,0,0
2030.5,1,0,0,0,0,100,0,0,0,0,0,0,0,0,0,0,0,0,0,0,0
2030.5,1,0,0,0,1,0,0,0,0,0,0,0,0,0,0,0,0,0,0,0,0
2030.5,1,0,0,0,1,5,0,0,0,0,0,0,0,0,0,0,0,0,0,0,0
2030.5,1,0,0,0,1,10,0,0,0,0,0,0,0,0,0,0,0,0,0,0,0
2030.5,1,0,0,0,1,15,0,0,0,0,0,0,0,0,0,0,0,0,0,0,0
2030.5,1,0,0,0,1,20,0,0,0,0,0,0,0,0,0,0,0,0,0,0,0
2030.5,1,0,0,0,1,25,0,0,0,0,0,0,0,0,0,0,0,0,0,0,0
2030.5,1,0,0,0,1,30,0,0,0,0,0,0,0,0,0,0,0,0,0,0,0
2030.5,1,0,0,0,1,35,0,0,0,0,0,0,0,0,0,0,0,0,0,0,0
2030.5,1,0,0,0,1,40,0,0,0,0,0,0,0,0,0,0,0,0,0,0,0
2030.5,1,0,0,0,1,45,0,0,0,0,0,0,0,0,0,0,0,0,0,0,0
2030.5,1,0,0,0,1,50,0,0,0,0,0,0,0,0,0,0,0,0,0,0,0
2030.5,1,0,0,0,1,55,0,0,0,0,0,0,0,0,0,0,0,0,0,0,0
2030.5,1,0,0,0,1,60,0,0,0,0,0,0,0,0,0,0,0,0,0,0,0
2030.5,1,0,0,0,1,100,0,0,0,0,0,0,0,0,0,0,0,0,0,0,0
2030.5,1,0,0,1,0,0,25,25,6,0,2,2,1,4,4,1,0,0,0,0,0
2030.5,1,0,0,1,0,5,21,21,0,0,2,2,1,6,6,0,0,0,0,0,0
2030.5,1,0,0,1,0,10,17,17,0,0,0,0,1,7,7,1,0,0,0,0,0
2030.5,1,0,0,1,0,15,22,22,4,0,0,0,2,12,6,0,0,1,0,0,0
2030.5,1,0,0,1,0,20,106,106,22,0,1,1,11,57,25,15,0,23,0,0,3
2030.5,1,0,0,1,0,25,150,150,30,0,1,1,36,96,57,29,0,27,0,0,1
2030.5,1,0,0,1,0,30,188,188,15,0,3,3,37,157,129,34,0,35,0,0,0
2030.5,1,0,0,1,0,35,205,205,18,0,5,5,39,192,154,40,0,19,0,0,0
2030.5,1,0,0,1,0,40,203,203,22,0,1,1,32,191,159,29,0,11,0,0,0
2030.5,1,0,0,1,0,45,127,127,18,0,3,3,23,114,80,23,0,6,0,0,0
2030.5,1,0,0,1,0,50,70,70,8,0,3,3,14,62,45,5,0,1,0,0,0
2030.5,1,0,0,1,0,55,53,53,2,0,1,1,2,23,18,7,0,1,0,0,0
2030.5,1,0,0,1,0,60,68,68,8,0,0,0,7,13,13,4,0,2,0,0,0
2030.5,1,0,0,1,0,100,0,0,0,0,0,0,0,0,0,0,0,0,0,0,0
2030.5,1,0,0,1,1,0,9,9,0,9,0,0,9,9,9,0,0,0,0,0,0
2030.5,1,0,0,1,1,5,8,8,0,8,1,1,8,8,8,0,0,0,0,0,0
2030.5,1,0,0,1,1,10,8,8,0,8,0,0,8,8,8,0,0,0,0,0,0
2030.5,1,0,0,1,1,15,12,12,0,12,0,0,12,12,12,0,0,1,0,0,0
2030.5,1,0,0,1,1,20,82,82,0,82,0,0,82,82,82,0,0,1,0,0,0
2030.5,1,0,0,1,1,25,221,221,0,221,3,2,221,221,221,0,0,5,0,0,1
2030.5,1,0,0,1,1,30,394,394,0,394,2,1,394,385,385,0,0,9,0,0,0
2030.5,1,0,0,1,1,35,558,558,0,558,1,0,558,549,544,0,0,17,0,0,0
2030.5,1,0,0,1,1,40,727,727,0,727,5,5,727,707,695,0,0,13,0,0,0
2030.5,1,0,0,1,1,45,825,825,0,825,5,4,825,753,702,0,0,14,0,0,0
2030.5,1,0,0,1,1,50,759,759,0,759,10,5,759,633,559,0,0,9,0,0,0
2030.5,1,0,0,1,1,55,585,585,0,585,8,2,585,285,250,0,0,2,0,0,0
2030.5,1,0,0,1,1,60,619,619,0,619,13,3,619,107,107,0,0,5,0,0,0
2030.5,1,0,0,1,1,100,0,0,0,0,0,0,0,0,0,0,0,0,0,0,0
2030.5,1,0,1,0,0,0,0,0,0,0,0,0,0,0,0,0,0,0,0,0,0
2030.5,1,0,1,0,0,5,1,0,0,0,0,0,0,1,0,0,0,0,0,0,0
2030.5,1,0,1,0,0,10,24,0,0,0,0,0,0,7,0,0,0,0,0,0,0
2030.5,1,0,1,0,0,15,142,0,0,0,0,0,21,60,0,0,20,0,0,0,0
2030.5,1,0,1,0,0,20,349,0,0,0,0,0,134,228,0,0,100,0,0,0,0
2030.5,1,0,1,0,0,25,435,0,0,0,1,0,251,375,0,0,181,0,0,0,0
2030.5,1,0,1,0,0,30,438,0,0,0,0,0,287,412,0,0,202,0,0,0,0
2030.5,1,0,1,0,0,35,439,0,0,0,5,0,260,424,0,0,185,0,0,0,0
2030.5,1,0,1,0,0,40,346,0,0,0,0,0,220,342,0,0,140,0,0,0,0
2030.5,1,0,1,0,0,45,240,0,0,0,1,0,144,234,0,0,119,0,0,0,0
2030.5,1,0,1,0,0,50,188,0,0,0,3,0,121,187,0,0,100,0,0,0,0
2030.5,1,0,1,0,0,55,109,0,0,0,0,0,42,62,0,0,24,0,0,0,0
2030.5,1,0,1,0,0,60,168,0,0,0,3,0,0,0,0,0,0,0,0,0,0
2030.5,1,0,1,0,0,100,0,0,0,0,0,0,0,0,0,0,0,0,0,0,0
2030.5,1,0,1,0,1,0,0,0,0,0,0,0,0,0,0,0,0,0,0,0,0
2030.5,1,0,1,0,1,5,0,0,0,0,0,0,0,0,0,0,0,0,0,0,0
2030.5,1,0,1,0,1,10,0,0,0,0,0,0,0,0,0,0,0,0,0,0,0
2030.5,1,0,1,0,1,15,0,0,0,0,0,0,0,0,0,0,0,0,0,0,0
2030.5,1,0,1,0,1,20,0,0,0,0,0,0,0,0,0,0,0,0,0,0,0
2030.5,1,0,1,0,1,25,0,0,0,0,0,0,0,0,0,0,0,0,0,0,0
2030.5,1,0,1,0,1,30,0,0,0,0,0,0,0,0,0,0,0,0,0,0,0
2030.5,1,0,1,0,1,35,0,0,0,0,0,0,0,0,0,0,0,0,0,0,0
2030.5,1,0,1,0,1,40,0,0,0,0,0,0,0,0,0,0,0,0,0,0,0
2030.5,1,0,1,0,1,45,0,0,0,0,0,0,0,0,0,0,0,0,0,0,0
2030.5,1,0,1,0,1,50,0,0,0,0,0,0,0,0,0,0,0,0,0,0,0
2030.5,1,0,1,0,1,55,0,0,0,0,0,0,0,0,0,0,0,0,0,0,0
2030.5,1,0,1,0,1,60,0,0,0,0,0,0,0,0,0,0,0,0,0,0,0
2030.5,1,0,1,0,1,100,0,0,0,0,0,0,0,0,0,0,0,0,0,0,0
2030.5,1,0,1,1,0,0,0,0,0,0,0,0,0,0,0,0,0,0,0,0,0
2030.5,1,0,1,1,0,5,0,0,0,0,0,0,0,0,0,0,0,0,0,0,0
2030.5,1,0,1,1,0,10,0,0,0,0,0,0,0,0,0,0,0,0,0,0,0
2030.5,1,0,1,1,0,15,1,1,0,0,0,0,0,1,1,0,0,0,0,0,0
2030.5,1,0,1,1,0,20,7,7,0,0,0,0,0,4,4,0,0,1,0,0,0
2030.5,1,0,1,1,0,25,7,7,0,0,0,0,0,5,4,1,0,3,0,0,0
2030.5,1,0,1,1,0,30,18,18,2,0,0,0,2,14,11,1,0,2,0,0,0
2030.5,1,0,1,1,0,35,11,11,3,0,0,0,2,10,7,0,0,0,0,0,0
2030.5,1,0,1,1,0,40,22,22,4,0,0,0,4,22,17,2,0,3,0,0,0
2030.5,1,0,1,1,0,45,12,12,0,0,1,1,1,9,8,1,0,1,0,0,0
2030.5,1,0,1,1,0,50,14,14,4,0,0,0,4,13,5,0,0,0,0,0,0
2030.5,1,0,1,1,0,55,6,6,0,0,0,0,0,4,4,0,0,0,0,0,0
2030.5,1,0,1,1,0,60,5,5,0,0,0,0,0,1,1,0,0,0,0,0,0
2030.5,1,0,1,1,0,100,0,0,0,0,0,0,0,0,0,0,0,0,0,0,0
2030.5,1,0,1,1,1,0,0,0,0,0,0,0,0,0,0,0,0,0,0,0,0
2030.5,1,0,1,1,1,5,0,0,0,0,0,0,0,0,0,0,0,0,0,0,0
2030.5,1,0,1,1,1,10,0,0,0,0,0,0,0,0,0,0,0,0,0,0,0
2030.5,1,0,1,1,1,15,1,1,0,1,0,0,1,1,1,0,0,0,0,0,0
2030.5,1,0,1,1,1,20,4,4,0,4,0,0,4,4,4,0,0,0,0,0,0
2030.5,1,0,1,1,1,25,18,18,0,18,0,0,18,18,18,0,0,0,0,0,0
2030.5,1,0,1,1,1,30,46,46,0,46,0,0,46,46,46,0,0,0,0,0,0
2030.5,1,0,1,1,1,35,49,49,0,49,1,1,49,48,47,0,0,1,0,0,0
2030.5,1,0,1,1,1,40,61,61,0,61,1,0,61,59,58,0,0,2,0,0,0
2030.5,1,0,1,1,1,45,94,94,0,94,0,0,94,86,84,0,0,3,0,0,0
2030.5,1,0,1,1,1,50,80,80,0,80,0,0,80,68,60,0,0,0,0,0,0
2030.5,1,0,1,1,1,55,57,57,0,57,0,0,57,25,23,0,0,0,0,0,0
2030.5,1,0,1,1,1,60,54,54,0,54,2,0,54,5,5,0,0,0,0,0,0
2030.5,1,0,1,1,1,100,0,0,0,0,0,0,0,0,0,0,0,0,0,0,0
2030.5,1,1,0,0,0,0,5898,0,0,0,11,0,442,1963,0,0,200,0,0,0,0
2030.5,1,1,0,0,0,5,5780,0,0,0,0,0,0,1959,0,0,0,0,0,0,0
2030.5,1,1,0,0,0,10,5762,0,0,0,0,0,98,2018,0,0,111,0,0,0,0
2030.5,1,1,0,0,0,15,5402,0,0,0,1,0,1381,3252,0,0,1093,0,0,0,0
2030.5,1,1,0,0,0,20,4447,0,0,0,0,0,2172,3785,0,0,1651,0,0,0,0
2030.5,1,1,0,0,0,25,3529,0,0,0,1,0,2179,3366,0,0,1679,0,0,0,0
2030.5,1,1,0,0,0,30,3046,0,0,0,1,0,1919,3015,0,0,1468,0,0,0,0
2030.5,1,1,0,0,0,35,2388,0,0,0,0,0,1582,2384,0,0,1176,0,0,0,0
2030.5,1,1,0,0,0,40,1900,0,0,0,5,0,1258,1898,0,0,932,0,0,0,0
2030.5,1,1,0,0,0,45,1323,0,0,0,1,0,900,1322,0,0,645,0,0,0,0
2030.5,1,1,0,0,0,50,764,0,0,0,2,0,453,744,0,0,320,0,0,0,0
2030.5,1,1,0,0,0,55,543,0,0,0,3,0,108,400,0,0,75,0,0,0,0
2030.5,1,1,0,0,0,60,1665,0,0,0,30,0,26,239,0,0,20,0,0,0,0
2030.5,1,1,0,0,0,100,5,0,0,0,2,0,0,0,0,0,0,0,0,0,0
2030.5,1,1,0,0,1,0,0,0,0,0,0,0,0,0,0,0,0,0,0,0,0
2030.5,1,1,0,0,1,5,0,0,0,0,0,0,0,0,0,0,0,0,0,0,0
2030.5,1,1,0,0,1,10,0,0,0,0,0,0,0,0,0,0,0,0,0,0,0
2030.5,1,1,0,0,1,15,0,0,0,0,0,0,0,0,0,0,0,0,0,0,0
2030.5,1,1,0,0,1,20,0,0,0,0,0,0,0,0,0,0,0,0,0,0,0
2030.5,1,1,0,0,1,25,0,0,0,0,0,0,0,0,0,0,0,0,0,0,0
2030.5,1,1,0,0,1,30,0,0,0,0,0,0,0,0,0,0,0,0,0,0,0
2030.5,1,1,0,0,1,35,0,0,0,0,0,0,0,0,0,0,0,0,0,0,0
2030.5,1,1,0,0,1,40,0,0,0,0,0,0,0,0,0,0,0,0,0,0,0
2030.5,1,1,0,0,1,45,0,0,0,0,0,0,0,0,0,0,0,0,0,0,0
2030.5,1,1,0,0,1,50,0,0,0,0,0,0,0,0,0,0,0,0,0,0,0
2030.5,1,1,0,0,1,55,0,0,0,0,0,0,0,0,0,0,0,0,0,0,0
2030.5,1,1,0,0,1,60,0,0,0,0,0,0,0,0,0,0,0,0,0,0,0
2030.5,1,1,0,0,1,100,0,0,0,0,0,0,0,0,0,0,0,0,0,0,0
2030.5,1,1,0,1,0,0,20,20,8,0,4,4,2,3,3,3,0,0,0,0,0
2030.5,1,1,0,1,0,5,20,20,0,0,1,1,0,0,0,0,0,0,0,0,0
2030.5,1,1,0,1,0,10,23,23,7,0,3,3,4,9,6,2,0,4,0,0,0
2030.5,1,1,0,1,0,15,126,126,42,0,3,2,27,78,31,16,0,26,0,0,0
2030.5,1,1,0,1,0,20,196,196,39,0,1,1,64,160,87,56,0,24,0,0,0
2030.5,1,1,0,1,0,25,203,203,32,0,0,0,55,184,100,41,0,12,0,0,0
2030.5,1,1,0,1,0,30,221,221,36,0,2,2,60,210,140,36,0,5,0,0,0
2030.5,1,1,0,1,0,35,171,171,23,0,2,2,39,165,108,23,0,9,0,0,0
2030.5,1,1,0,1,0,40,145,145,15,0,1,1,23,136,91,12,0,4,0,0,0
2030.5,1,1,0,1,0,45,178,178,9,0,3,3,10,170,121,10,0,6,0,0,0
2030.5,1,1,0,1,0,50,120,120,8,0,5,5,11,110,80,10,0,3,0,0,0
2030.5,1,1,0,1,0,55,96,96,2,0,1,1,8,66,48,6,0,0,0,0,0
2030.5,1,1,0,1,0,60,106,106,5,0,2,1,7,54,37,7,0,2,0,0,0
2030.5,1,1,0,1,0,100,1,1,0,0,0,0,0,0,0,0,0,0,0,0,0
2030.5,1,1,0,1,1,0,10,10,0,10,0,0,10,10,10,0,0,0,0,0,0
2030.5,1,1,0,1,1,5,8,8,0,8,0,0,8,8,8,0,0,0,0,0,0
2030.5,1,1,0,1,1,10,10,10,0,10,0,0,10,10,10,0,0,0,0,0,0
2030.5,1,1,0,1,1,15,81,81,0,81,0,0,81,70,61,0,0,1,0,0,0
2030.5,1,1,0,1,1,20,429,429,0,429,0,0,429,370,308,0,0,4,0,0,0
2030.5,1,1,0,1,1,25,849,849,0,849,3,3,849,767,655,0,0,9,0,0,0
2030.5,1,1,0,1,1,30,1172,1172,0,1172,2,1,1172,1089,885,0,0,5,0,0,0
2030.5,1,1,0,1,1,35,1615,1615,0,1615,2,1,1615,1516,1218,0,0,9,0,0,0
2030.5,1,1,0,1,1,40,1824,1824,0,1824,4,1,1824,1718,1356,0,0,11,0,0,0
2030.5,1,1,0,1,1,45,1638,1638,0,1638,2,2,1638,1511,1199,0,0,10,0,0,0
2030.5,1,1,0,1,1,50,1210,1210,0,1210,5,1,1210,1045,846,0,0,11,0,0,0
2030.5,1,1,0,1,1,55,773,773,0,773,7,3,773,492,382,0,0,2,0,0,0
2030.5,1,1,0,1,1,60,823,823,0,823,9,4,823,306,257,0,0,3,0,0,0
2030.5,1,1,0,1,1,100,0,0,0,0,0,0,0,0,0,0,0,0,0,0,0
2031,1,0,0,0,0,0,5887,0,0,0,15,0,445,1936,0,0,199,0,0,0,0
2031,1,0,0,0,0,5,5690,0,0,0,2,0,0,1979,0,0,0,0,0,0,0
2031,1,0,0,0,0,10,5862,0,0,0,3,0,1,2015,0,0,1,0,0,0,7
2031,1,0,0,0,0,15,5335,0,0,0,5,0,418,2076,0,0,398,0,0,0,17
2031,1,0,0,0,0,20,4611,0,0,0,2,0,1837,3163,0,0,1403,0,0,0,27
2031,1,0,0,0,0,25,3656,0,0,0,7,0,2006,3029,0,0,1402,0,0,0,15
2031,1,0,0,0,0,30,3132,0,0,0,3,0,1944,2920,0,0,1433,0,0,0,0
2031,1,0,0,0,0,35,2781,0,0,0,7,0,1812,2706,0,0,1302,0,0,0,0
2031,1,0,0,0,0,40,2311,0,0,0,4,0,1505,2293,0,0,1070,0,0,0,0
2031,1,0,0,0,0,45,1590,0,0,0,4,0,1023,1567,0,0,736,0,0,0,0
2031,1,0,0,0,0,50,1051,0,0,0,8,0,668,1040,0,0,495,0,0,0,0
2031,1,0,0,0,0,55,683,0,0,0,6,0,309,451,0,0,190,0,0,0,0
2031,1,0,0,0,0,60,1017,0,0,0,29,0,0,0,0,0,0,0,0,0,0
2031,1,0,0,0,0,100,0,0,0,0,0,0,0,0,0,0,0,0,0,0,0
2031,1,0,0,0,1,0,0,0,0,0,0,0,0,0,0,0,0,0,0,0,0
2031,1,0,0,0,1,5,0,0,0,0,0,0,0,0,0,0,0,0,0,0,0
2031,1,0,0,0,1,10,0,0,0,0,0,0,0,0,0,0,0,0,0,0,0
2031,1,0,0,0,1,15,0,0,0,0,0,0,0,0,0,0,0,0,0,0,0
2031,1,0,0,0,1,20,0,0,0,0,0,0,0,0,0,0,0,0,0,0,0
2031,1,0,0,0,1,25,0,0,0,0,0,0,0,0,0,0,0,0,0,0,0
2031,1,0,0,0,1,30,0,0,0,0,0,0,0,0,0,0,0,0,0,0,0
2031,1,0,0,0,1,35,0,0,0,0,0,0,0,0,0,0,0,0,0,0,0
2031,1,0,0,0,1,40,0,0,0,0,0,0,0,0,0,0,0,0,0,0,0
2031,1,0,0,0,1,45,0,0,0,0,0,0,0,0,0,0,0,0,0,0,0
2031,1,0,0,0,1,50,0,0,0,0,0,0,0,0,0,0,0,0,0,0,0
2031,1,0,0,0,1,55,0,0,0,0,0,0,0,0,0,0,0,0,0,0,0
2031,1,0,0,0,1,60,0,0,0,0,0,0,0,0,0,0,0,0,0,0,0
2031,1,0,0,0,1,100,0,0,0,0,0,0,0,0,0,0,0,0,0,0,0
2031,1,0,0,1,0,0,27,27,9,0,3,3,5,9,9,6,0,0,0,0,0
2031,1,0,0,1,0,5,21,21,0,0,0,0,1,6,6,0,0,0,0,0,0
2031,1,0,0,1,0,10,15,15,1,0,0,0,0,5,5,2,0,1,0,0,0
2031,1,0,0,1,0,15,25,25,8,0,1,1,3,12,7,2,0,4,0,0,0
2031,1,0,0,1,0,20,111,111,20,0,2,2,20,66,30,18,0,16,0,0,0
2031,1,0,0,1,0,25,157,157,26,0,1,1,36,97,59,27,0,30,0,0,0
2031,1,0,0,1,0,30,173,173,15,0,1,1,34,141,120,34,0,22,0,0,0
2031,1,0,0,1,0,35,196,196,15,0,1,1,35,184,149,33,0,15,0,0,0
2031,1,0,0,1,0,40,204,204,17,0,4,4,36,196,167,34,0,16,0,0,0
2031,1,0,0,1,0,45,133,133,12,0,0,0,25,118,89,18,0,11,0,0,0
2031,1,0,0,1,0,50,83,83,8,0,2,1,9,70,51,6,0,3,0,0,0
2031,1,0,0,1,0,55,57,57,7,0,0,0,2,27,18,1,0,0,0,0,0
2031,1,0,0,1,0,60,84,84,8,0,2,1,3,12,12,3,0,3,0,0,0
2031,1,0,0,1,0,100,0,0,0,0,0,0,0,0,0,0,0,0,0,0,0
2031,1,0,0,1,1,0,9,9,0,9,0,0,9,9,9,0,0,0,0,0,0
2031,1,0,0,1,1,5,9,9,0,9,0,0,9,9,9,0,0,0,0,0,0
2031,1,0,0,1,1,10,9,9,0,9,0,0,9,9,9,0,0,0,0,0,0
2031,1,0,0,1,1,15,12,12,0,12,0,0,12,12,12,0,0,1,0,0,0
2031,1,0,0,1,1,20,77,77,0,77,1,0,77,77,77,0,0,1,0,0,0
2031,1,0,0,1,1,25,213,213,0,213,0,0,213,213,213,0,0,8,0,0,2
2031,1,0,0,1,1,30,381,381,0,381,3,2,381,373,373,0,0,16,0,0,0
2031,1,0,0,1,1,35,588,588,0,588,4,1,588,577,574,0,0,13,0,0,0
2031,1,0,0,1,1,40,720,720,0,720,7,4,720,703,689,0,0,8,0,0,0
2031,1,0,0,1,1,45,835,835,0,835,5,3,835,771,722,0,0,10,0,0,0
2031,1,0,0,1,1,50,756,756,0,756,5,2,756,645,566,0,0,5,0,0,0
2031,1,0,0,1,1,55,593,593,0,593,4,1,593,329,287,0,0,4,0,0,0
2031,1,0,0,1,1,60,652,652,0,652,19,2,652,111,111,0,0,3,0,0,0
2031,1,0,0,1,1,100,0,0,0,0,0,0,0,0,0,0,0,0,0,0,0
2031,1,0,1,0,0,0,0,0,0,0,0,0,0,0,0,0,0,0,0,0,0
2031,1,0,1,0,0,5,1,0,0,0,0,0,0,1,0,0,0,0,0,0,0
2031,1,0,1,0,0,10,27,0,0,0,0,0,0,8,0,0,0,0,0,0,0
2031,1,0,1,0,0,15,140,0,0,0,0,0,18,55,0,0,15,0,0,0,0
2031,1,0,1,0,0,20,360,0,0,0,0,0,127,234,0,0,95,0,0,0,0
2031,1,0,1,0,0,25,436,0,0,0,1,0,252,374,0,0,193,0,0,0,0
2031,1,0,1,0,0,30,441,0,0,0,0,0,294,419,0,0,223,0,0,0,0
2031,1,0,1,0,0,35,444,0,0,0,4,0,274,428,0,0,189,0,0,0,0
2031,1,0,1,0,0,40,353,0,0,0,0,0,222,349,0,0,165,0,0,0,0
2031,1,0,1,0,0,45,248,0,0,0,0,0,156,242,0,0,127,0,0,0,0
2031,1,0,1,0,0,50,185,0,0,0,1,0,125,184,0,0,94,0,0,0,0
2031,1,0,1,0,0,55,114,0,0,0,0,0,53,77,0,0,38,0,0,0,0
2031,1,0,1,0,0,60,173,0,0,0,4,0,0,0,0,0,0,0,0,0,0
2031,1,0,1,0,0,100,0,0,0,0,0,0,0,0,0,0,0,0,0,0,0
2031,1,0,1,0,1,0,0,0,0,0,0,0,0,0,0,0,0,0,0,0,0
2031,1,0,1,0,1,5,0,0,0,0,0,0,0,0,0,0,0,0,0,0,0
2031,1,0,1,0,1,10,0,0,0,0,0,0,0,0,0,0,0,0,0,0,0
2031,1,0,1,0,1,15,0,0,0,0,0,0,0,0,0,0,0,0,0,0,0
2031,1,0,1,0,1,20,0,0,0,0,0,0,0,0,0,0,0,0,0,0,0
2031,1,0,1,0,1,25,0,0,0,0,0,0,0,0,0,0,0,0,0,0,0
2031,1,0,1,0,1,30,0,0,0,0,0,0,0,0,0,0,0,0,0,0,0
2031,1,0,1,0,1,35,0,0,0,0,0,0,0,0,0,0,0,0,0,0,0
2031,1,0,1,0,1,40,0,0,0,0,0,0,0,0,0,0,0,0,0,0,0
2031,1,0,1,0,1,45,0,0,0,0,0,0,0,0,0,0,0,0,0,0,0
2031,1,0,1,0,1,50,0,0,0,0,0,0,0,0,0,0,0,0,0,0,0
2031,1,0,1,0,1,55,0,0,0,0,0,0,0,0,0,0,0,0,0,0,0
2031,1,0,1,0,1,60,0,0,0,0,0,0,0,0,0,0,0,0,0,0,0
2031,1,0,1,0,1,100,0,0,0,0,0,0,0,0,0,0,0,0,0,0,0
2031,1,0,1,1,0,0,0,0,0,0,0,0,0,0,0,0,0,0,0,0,0
2031,1,0,1,1,0,5,0,0,0,0,0,0,0,0,0,0,0,0,0,0,0
2031,1,0,1,1,0,10,0,0,0,0,0,0,0,0,0,0,0,0,0,0,0
2031,1,0,1,1,0,15,1,1,0,0,0,0,0,1,1,0,0,0,0,0,0
2031,1,0,1,1,0,20,6,6,0,0,0,0,1,4,4,1,0,2,0,0,0
2031,1,0,1,1,0,25,9,9,1,0,1,1,1,8,6,1,0,0,0,0,0
2031,1,0,1,1,0,30,19,19,1,0,0,0,3,15,13,3,0,5,0,0,0
2031,1,0,1,1,0,35,13,13,2,0,0,0,4,13,8,1,0,1,0,0,0
2031,1,0,1,1,0,40,24,24,3,0,1,1,7,23,17,4,0,2,0,0,0
2031,1,0,1,1,0,45,8,8,2,0,0,0,2,7,6,2,0,1,0,0,0
2031,1,0,1,1,0,50,15,15,2,0,0,0,4,14,6,1,0,1,0,0,0
2031,1,0,1,1,0,55,3,3,1,0,0,0,0,3,2,0,0,0,0,0,0
2031,1,0,1,1,0,60,6,6,1,0,0,0,0,0,0,1,0,0,0,0,0
2031,1,0,1,1,0,100,0,0,0,0,0,0,0,0,0,0,0,0,0,0,0
2031,1,0,1,1,1,0,0,0,0,0,0,0,0,0,0,0,0,0,0,0,0
2031,1,0,1,1,1,5,0,0,0,0,0,0,0,0,0,0,0,0,0,0,0
2031,1,0,1,1,1,10,0,0,0,0,0,0,0,0,0,0,0,0,0,0,0
2031,1,0,1,1,1,15,0,0,0,0,0,0,0,0,0,0,0,0,0,0,0
2031,1,0,1,1,1,20,5,5,0,5,0,0,5,5,5,0,0,0,0,0,0
2031,1,0,1,1,1,25,17,17,0,17,0,0,17,17,17,0,0,0,0,0,0
2031,1,0,1,1,1,30,45,45,0,45,0,0,45,45,45,0,0,0,0,0,0
2031,1,0,1,1,1,35,50,50,0,50,0,0,50,49,48,0,0,0,0,0,0
2031,1,0,1,1,1,40,57,57,0,57,0,0,57,55,54,0,0,1,0,0,0
2031,1,0,1,1,1,45,93,93,0,93,0,0,93,85,83,0,0,1,0,0,0
2031,1,0,1,1,1,50,87,87,0,87,3,2,87,76,66,0,0,1,0,0,0
2031,1,0,1,1,1,55,59,59,0,59,0,0,59,28,26,0,0,0,0,0,0
2031,1,0,1,1,1,60,60,60,0,60,1,0,60,8,8,0,0,0,0,0,0
2031,1,0,1,1,1,100,0,0,0,0,0,0,0,0,0,0,0,0,0,0,0
2031,1,1,0,0,0,0,5894,0,0,0,14,0,452,1978,0,0,225,0,0,0,0
2031,1,1,0,0,0,5,5787,0,0,0,1,0,0,1978,0,0,0,0,0,0,0
2031,1,1,0,0,0,10,5815,0,0,0,1,0,109,2018,0,0,122,0,0,0,0
2031,1,1,0,0,0,15,5413,0,0,0,2,0,1392,3274,0,0,1021,0,0,0,0
2031,1,1,0,0,0,20,4524,0,0,0,0,0,2202,3878,0,0,1673,0,0,0,0
2031,1,1,0,0,0,25,3563,0,0,0,0,0,2220,3407,0,0,1739,0,0,0,0
2031,1,1,0,0,0,30,3050,0,0,0,1,0,2028,3020,0,0,1537,0,0,0,0
2031,1,1,0,0,0,35,2397,0,0,0,0,0,1581,2393,0,0,1156,0,0,0,0
2031,1,1,0,0,0,40,1973,0,0,0,3,0,1325,1971,0,0,976,0,0,0,0
2031,1,1,0,0,0,45,1345,0,0,0,2,0,903,1344,0,0,621,0,0,0,0
2031,1,1,0,0,0,50,806,0,0,0,4,0,493,794,0,0,346,0,0,0,0
2031,1,1,0,0,0,55,549,0,0,0,0,0,124,417,0,0,95,0,0,0,0
2031,1,1,0,0,0,60,1672,0,0,0,36,0,33,273,0,0,25,0,0,0,0
2031,1,1,0,0,0,100,6,0,0,0,0,0,0,0,0,0,0,0,0,0,0
2031,1,1,0,0,1,0,0,0,0,0,0,0,0,0,0,0,0,0,0,0,0
2031,1,1,0,0,1,5,0,0,0,0,0,0,0,0,0,0,0,0,0,0,0
2031,1,1,0,0,1,10,0,0,0,0,0,0,0,0,0,0,0,0,0,0,0
2031,1,1,0,0,1,15,0,0,0,0,0,0,0,0,0,0,0,0,0,0,0
2031,1,1,0,0,1,20,0,0,0,0,0,0,0,0,0,0,0,0,0,0,0
2031,1,1,0,0,1,25,0,0,0,0,0,0,0,0,0,0,0,0,0,0,0
2031,1,1,0,0,1,30,0,0,0,0,0,0,0,0,0,0,0,0,0,0,0
2031,1,1,0,0,1,35,0,0,0,0,0,0,0,0,0,0,0,0,0,0,0
2031,1,1,0,0,1,40,0,0,0,0,0,0,0,0,0,0,0,0,0,0,0
2031,1,1,0,0,1,45,0,0,0,0,0,0,0,0,0,0,0,0,0,0,0
2031,1,1,0,0,1,50,0,0,0,0,0,0,0,0,0,0,0,0,0,0,0
2031,1,1,0,0,1,55,0,0,0,0,0,0,0,0,0,0,0,0,0,0,0
2031,1,1,0,0,1,60,0,0,0,0,0,0,0,0,0,0,0,0,0,0,0
2031,1,1,0,0,1,100,0,0,0,0,0,0,0,0,0,0,0,0,0,0,0
2031,1,1,0,1,0,0,15,15,2,0,2,2,0,1,1,3,0,0,0,0,0
2031,1,1,0,1,0,5,21,21,0,0,0,0,0,1,1,0,0,0,0,0,0
2031,1,1,0,1,0,10,20,20,2,0,3,3,1,6,5,1,0,2,0,0,0
2031,1,1,0,1,0,15,116,116,28,0,2,2,19,72,23,17,0,27,0,0,0
2031,1,1,0,1,0,20,195,195,46,0,0,0,62,157,81,39,0,22,0,0,0
2031,1,1,0,1,0,25,229,229,39,0,4,4,63,208,121,40,0,10,0,0,0
2031,1,1,0,1,0,30,224,224,35,0,1,1,56,212,135,39,0,8,0,0,0
2031,1,1,0,1,0,35,183,183,20,0,0,0,40,176,116,11,0,6,0,0,0
2031,1,1,0,1,0,40,131,131,10,0,0,0,18,123,91,15,0,5,0,0,0
2031,1,1,0,1,0,45,180,180,6,0,2,1,11,169,118,14,0,7,0,0,0
2031,1,1,0,1,0,50,128,128,9,0,2,1,15,116,85,15,0,4,0,0,0
2031,1,1,0,1,0,55,94,94,5,0,3,3,10,67,41,6,0,3,0,0,0
2031,1,1,0,1,0,60,110,110,5,0,5,4,9,57,43,8,0,2,0,0,0
2031,1,1,0,1,0,100,1,1,0,0,0,0,0,0,0,0,0,0,0,0,0
2031,1,1,0,1,1,0,10,10,0,10,0,0,10,10,10,0,0,0,0,0,0
2031,1,1,0,1,1,5,10,10,0,10,0,0,10,10,10,0,0,0,0,0,0
2031,1,1,0,1,1,10,6,6,0,6,0,0,6,6,6,0,0,0,0,0,0
2031,1,1,0,1,1,15,92,92,0,92,0,0,92,81,71,0,0,1,0,0,0
2031,1,1,0,1,1,20,421,421,0,421,4,4,421,367,306,0,0,2,0,0,0
2031,1,1,0,1,1,25,826,826,0,826,2,1,826,747,639,0,0,7,0,0,0
2031,1,1,0,1,1,30,1169,1169,0,1169,1,1,1169,1082,879,0,0,8,0,0,0
2031,1,1,0,1,1,35,1578,1578,0,1578,2,0,1578,1484,1197,0,0,10,0,0,0
2031,1,1,0,1,1,40,1850,1850,0,1850,1,0,1850,1747,1368,0,0,3,0,0,0
2031,1,1,0,1,1,45,1641,1641,0,1641,9,2,1641,1516,1197,0,0,9,0,0,0
2031,1,1,0,1,1,50,1272,1272,0,1272,5,1,1272,1118,909,0,0,4,0,0,0
2031,1,1,0,1,1,55,812,812,0,812,8,3,812,544,434,0,0,5,0,0,0
2031,1,1,0,1,1,60,882,882,0,882,9,3,882,344,282,0,0,5,0,0,0
2031,1,1,0,1,1,100,0,0,0,0,0,0,0,0,0,0,0,0,0,0,0
2031.5,1,0,0,0,0,0,5866,0,0,0,14,0,407,1923,0,0,185,0,0,0,0
2031.5,1,0,0,0,0,5,5742,0,0,0,2,0,0,2001,0,0,0,0,0,0,0
2031.5,1,0,0,0,0,10,5802,0,0,0,0,0,0,1981,0,0,0,0,0,0,6
2031.5,1,0,0,0,0,15,5396,0,0,0,3,0,444,2113,0,0,403,0,0,0,17
2031.5,1,0,0,0,0,20,4639,0,0,0,5,0,1812,3205,0,0,1364,0,0,0,29
2031.5,1,0,0,0,0,25,3693,0,0,0,5,0,2026,3068,0,0,1520,0,0,0,8
2031.5,1,0,0,0,0,30,3191,0,0,0,2,0,1965,2975,0,0,1446,0,0,0,1
2031.5,1,0,0,0,0,35,2744,0,0,0,2,0,1741,2670,0,0,1211,0,0,0,0
2031.5,1,0,0,0,0,40,2371,0,0,0,4,0,1525,2349,0,0,1112,0,0,0,0
2031.5,1,0,0,0,0,45,1646,0,0,0,7,0,1097,1630,0,0,805,0,0,0,0
2031.5,1,0,0,0,0,50,1026,0,0,0,13,0,686,1018,0,0,509,0,0,0,0
2031.5,1,0,0,0,0,55,717,0,0,0,6,0,387,540,0,0,267,0,0,0,0
2031.5,1,0,0,0,0,60,1037,0,0,0,33,0,1,1,0,0,0,0,0,0,0
2031.5,1,0,0,0,0,100,0,0,0,0,0,0,0,0,0,0,0,0,0,0,0
2031.5,1,0,0,0,1,0,0,0,0,0,0,0,0,0,0,0,0,0,0,0,0
2031.5,1,0,0,0,1,5,0,0,0,0,0,0,0,0,0,0,0,0,0,0,0
2031.5,1,0,0,0,1,10,0,0,0,0,0,0,0,0,0,0,0,0,0,0,0
2031.5,1,0,0,0,1,15,0,0,0,0,0,0,0,0,0,0,0,0,0,0,0
2031.5,1,0,0,0,1,20,0,0,0,0,0,0,0,0,0,0,0,0,0,0,0
2031.5,1,0,0,0,1,25,0,0,0,0,0,0,0,0,0,0,0,0,0,0,0
2031.5,1,0,0,0,1,30,0,0,0,0,0,0,0,0,0,0,0,0,0,0,0
2031.5,1,0,0,0,1,35,0,0,0,0,0,0,0,0,0,0,0,0,0,0,0
2031.5,1,0,0,0,1,40,0,0,0,0,0,0,0,0,0,0,0,0,0,0,0
2031.5,1,0,0,0,1,45,0,0,0,0,0,0,0,0,0,0,0,0,0,0,0
2031.5,1,0,0,0,1,50,0,0,0,0,0,0,0,0,0,0,0,0,0,0,0
2031.5,1,0,0,0,1,55,0,0,0,0,0,0,0,0,0,0,0,0,0,0,0
2031.5,1,0,0,0,1,60,0,0,0,0,0,0,0,0,0,0,0,0,0,0,0
2031.5,1,0,0,0,1,100,0,0,0,0,0,0,0,0,0,0,0,0,0,0,0
2031.5,1,0,0,1,0,0,27,27,4,0,2,2,2,6,6,2,0,0,0,0,0
2031.5,1,0,0,1,0,5,20,20,0,0,0,0,0,5,5,0,0,0,0,0,0
2031.5,1,0,0,1,0,10,17,17,0,0,0,0,0,6,6,0,0,0,0,0,0
2031.5,1,0,0,1,0,15,25,25,7,0,0,0,4,13,8,3,0,3,0,0,0
2031.5,1,0,0,1,0,20,98,98,15,0,3,3,18,62,28,16,0,21,0,0,0
2031.5,1,0,0,1,0,25,164,164,21,0,1,1,38,106,68,35,0,26,0,0,1
2031.5,1,0,0,1,0,30,169,169,19,0,3,3,35,139,109,27,0,22,0,0,0
2031.5,1,0,0,1,0,35,205,205,27,0,4,4,49,193,157,33,0,19,0,0,0
2031.5,1,0,0,1,0,40,207,207,25,0,2,2,36,199,157,28,0,13,0,0,0
2031.5,1,0,0,1,0,45,143,143,22,0,5,5,37,129,94,19,0,8,0,0,0
2031.5,1,0,0,1,0,50,88,88,11,0,2,0,10,76,56,8,0,6,0,0,0
2031.5,1,0,0,1,0,55,72,72,7,0,1,0,7,45,30,5,0,1,0,0,0
2031.5,1,0,0,1,0,60,89,89,7,0,1,0,2,12,12,4,0,3,0,0,0
2031.5,1,0,0,1,0,100,0,0,0,0,0,0,0,0,0,0,0,0,0,0,0
2031.5,1,0,0,1,1,0,12,12,0,12,0,0,12,12,12,0,0,0,0,0,0
2031.5,1,0,0,1,1,5,9,9,0,9,0,0,9,9,9,0,0,0,0,0,0
2031.5,1,0,0,1,1,10,9,9,0,9,0,0,9,9,9,0,0,0,0,0,0
2031.5,1,0,0,1,1,15,14,14,0,14,0,0,14,14,14,0,0,0,0,0,0
2031.5,1,0,0,1,1,20,74,74,0,74,1,1,74,74,74,0,0,4,0,0,0
2031.5,1,0,0,1,1,25,210,210,0,210,1,0,210,210,210,0,0,11,0,0,2
2031.5,1,0,0,1,1,30,387,387,0,387,2,1,387,383,383,0,0,9,0,0,0
2031.5,1,0,0,1,1,35,573,573,0,573,4,4,573,559,556,0,0,16,0,0,0
2031.5,1,0,0,1,1,40,710,710,0,710,7,3,710,697,685,0,0,6,0,0,0
2031.5,1,0,0,1,1,45,848,848,0,848,4,1,848,786,740,0,0,12,0,0,0
2031.5,1,0,0,1,1,50,785,785,0,785,5,2,785,676,588,0,0,4,0,0,0
2031.5,1,0,0,1,1,55,588,588,0,588,4,1,588,362,316,0,0,2,0,0,0
2031.5,1,0,0,1,1,60,692,692,0,692,18,5,692,116,116,0,0,4,0,0,0
2031.5,1,0,0,1,1,100,0,0,0,0,0,0,0,0,0,0,0,0,0,0,0
2031.5,1,0,1,0,0,0,0,0,0,0,0,0,0,0,0,0,0,0,0,0,0
2031.5,1,0,1,0,0,5,0,0,0,0,0,0,0,0,0,0,0,0,0,0,0
2031.5,1,0,1,0,0,10,29,0,0,0,0,0,0,9,0,0,0,0,0,0,0
2031.5,1,0,1,0,0,15,136,0,0,0,0,0,12,52,0,0,17,0,0,0,0
2031.5,1,0,1,0,0,20,375,0,0,0,0,0,147,253,0,0,130,0,0,0,0
2031.5,1,0,1,0,0,25,440,0,0,0,1,0,244,379,0,0,187,0,0,0,0
2031.5,1,0,1,0,0,30,439,0,0,0,0,0,285,414,0,0,215,0,0,0,0
2031.5,1,0,1,0,0,35,435,0,0,0,0,0,264,421,0,0,197,0,0,0,0
2031.5,1,0,1,0,0,40,364,0,0,0,2,0,229,359,0,0,166,0,0,0,0
2031.5,1,0,1,0,0,45,257,0,0,0,0,0,167,254,0,0,136,0,0,0,0
2031.5,1,0,1,0,0,50,192,0,0,0,1,0,130,190,0,0,95,0,0,0,0
2031.5,1,0,1,0,0,55,119,0,0,0,1,0,62,90,0,0,48,0,0,0,0
2031.5,1,0,1,0,0,60,179,0,0,0,4,0,0,0,0,0,0,0,0,0,0
2031.5,1,0,1,0,0,100,0,0,0,0,0,0,0,0,0,0,0,0,0,0,0
2031.5,1,0,1,0,1,0,0,0,0,0,0,0,0,0,0,0,0,0,0,0,0
2031.5,1,0,1,0,1,5,0,0,0,0,0,0,0,0,0,0,0,0,0,0,0
2031.5,1,0,1,0,1,10,0,0,0,0,0,0,0,0,0,0,0,0,0,0,0
2031.5,1,0,1,0,1,15,0,0,0,0,0,0,0,0,0,0,0,0,0,0,0
2031.5,1,0,1,0,1,20,0,0,0,0,0,0,0,0,0,0,0,0,0,0,0
2031.5,1,0,1,0,1,25,0,0,0,0,0,0,0,0,0,0,0,0,0,0,0
2031.5,1,0,1,0,1,30,0,0,0,0,0,0,0,0,0,0,0,0,0,0,0
2031.5,1,0,1,0,1,35,0,0,0,0,0,0,0,0,0,0,0,0,0,0,0
2031.5,1,0,1,0,1,40,0,0,0,0,0,0,0,0,0,0,0,0,0,0,0
2031.5,1,0,1,0,1,45,0,0,0,0,0,0,0,0,0,0,0,0,0,0,0
2031.5,1,0,1,0,1,50,0,0,0,0,0,0,0,0,0,0,0,0,0,0,0
2031.5,1,0,1,0,1,55,0,0,0,0,0,0,0,0,0,0,0,0,0,0,0
2031.5,1,0,1,0,1,60,0,0,0,0,0,0,0,0,0,0,0,0,0,0,0
2031.5,1,0,1,0,1,100,0,0,0,0,0,0,0,0,0,0,0,0,0,0,0
2031.5,1,0,1,1,0,0,0,0,0,0,0,0,0,0,0,0,0,0,0,0,0
2031.5,1,0,1,1,0,5,0,0,0,0,0,0,0,0,0,0,0,0,0,0,0
2031.5,1,0,1,1,0,10,0,0,0,0,0,0,0,0,0,0,0,0,0,0,0
2031.5,1,0,1,1,0,15,0,0,0,0,0,0,0,0,0,0,0,0,0,0,0
2031.5,1,0,1,1,0,20,5,5,0,0,1,1,0,3,3,0,0,1,0,0,0
2031.5,1,0,1,1,0,25,10,10,2,0,0,0,3,8,5,1,0,5,0,0,0
2031.5,1,0,1,1,0,30,16,16,2,0,0,0,2,12,9,2,0,1,0,0,0
2031.5,1,0,1,1,0,35,18,18,5,0,0,0,8,18,12,6,0,3,0,0,0
2031.5,1,0,1,1,0,40,23,23,1,0,0,0,4,22,18,4,0,1,0,0,0
2031.5,1,0,1,1,0,45,8,8,1,0,1,1,1,7,5,0,0,0,0,0,0
2031.5,1,0,1,1,0,50,13,13,0,0,0,0,3,11,8,2,0,0,0,0,0
2031.5,1,0,1,1,0,55,4,4,1,0,0,0,1,3,1,0,0,0,0,0,0
2031.5,1,0,1,1,0,60,6,6,0,0,0,0,0,0,0,0,0,0,0,0,0
2031.5,1,0,1,1,0,100,0,0,0,0,0,0,0,0,0,0,0,0,0,0,0
2031.5,1,0,1,1,1,0,0,0,0,0,0,0,0,0,0,0,0,0,0,0,0
2031.5,1,0,1,1,1,5,0,0,0,0,0,0,0,0,0,0,0,0,0,0,0
2031.5,1,0,1,1,1,10,0,0,0,0,0,0,0,0,0,0,0,0,0,0,0
2031.5,1,0,1,1,1,15,0,0,0,0,0,0,0,0,0,0,0,0,0,0,0
2031.5,1,0,1,1,1,20,6,6,0,6,0,0,6,6,6,0,0,1,0,0,0
2031.5,1,0,1,1,1,25,16,16,0,16,0,0,16,16,16,0,0,1,0,0,0
2031.5,1,0,1,1,1,30,44,44,0,44,1,1,44,44,44,0,0,0,0,0,0
2031.5,1,0,1,1,1,35,56,56,0,56,0,0,56,55,54,0,0,2,0,0,0
2031.5,1,0,1,1,1,40,48,48,0,48,0,0,48,47,46,0,0,1,0,0,0
2031.5,1,0,1,1,1,45,95,95,0,95,0,0,95,87,85,0,0,1,0,0,0
2031.5,1,0,1,1,1,50,94,94,0,94,0,0,94,83,70,0,0,1,0,0,0
2031.5,1,0,1,1,1,55,62,62,0,62,0,0,62,36,34,0,0,0,0,0,0
2031.5,1,0,1,1,1,60,64,64,0,64,1,0,64,8,8,0,0,0,0,0,0
2031.5,1,0,1,1,1,100,0,0,0,0,0,0,0,0,0,0,0,0,0,0,0
2031.5,1,1,0,0,0,0,5941,0,0,0,18,0,457,1971,0,0,205,0,0,0,0
2031.5,1,1,0,0,0,5,5804,0,0,0,0,0,0,1979,0,0,0,0,0,0,0
2031.5,1,1,0,0,0,10,5822,0,0,0,0,0,110,2034,0,0,105,0,0,0,0
2031.5,1,1,0,0,0,15,5451,0,0,0,1,0,1329,3257,0,0,995,0,0,0,0
2031.5,1,1,0,0,0,20,4578,0,0,0,2,0,2268,3927,0,0,1761,0,0,0,0
2031.5,1,1,0,0,0,25,3568,0,0,0,3,0,2238,3424,0,0,1774,0,0,0,0
2031.5,1,1,0,0,0,30,3093,0,0,0,3,0,2070,3063,0,0,1564,0,0,0,0
2031.5,1,1,0,0,0,35,2418,0,0,0,3,0,1613,2413,0,0,1190,0,0,0,0
2031.5,1,1,0,0,0,40,2002,0,0,0,2,0,1365,2001,0,0,963,0,0,0,0
2031.5,1,1,0,0,0,45,1390,0,0,0,2,0,925,1389,0,0,661,0,0,0,0
2031.5,1,1,0,0,0,50,857,0,0,0,1,0,544,852,0,0,378,0,0,0,0
2031.5,1,1,0,0,0,55,559,0,0,0,0,0,134,441,0,0,89,0,0,0,0
2031.5,1,1,0,0,0,60,1664,0,0,0,44,0,37,292,0,0,27,0,0,0,0
2031.5,1,1,0,0,0,100,7,0,0,0,1,0,0,0,0,0,0,0,0,0,0
2031.5,1,1,0,0,1,0,0,0,0,0,0,0,0,0,0,0,0,0,0,0,0
2031.5,1,1,0,0,1,5,0,0,0,0,0,0,0,0,0,0,0,0,0,0,0
2031.5,1,1,0,0,1,10,0,0,0,0,0,0,0,0,0,0,0,0,0,0,0
2031.5,1,1,0,0,1,15,0,0,0,0,0,0,0,0,0,0,0,0,0,0,0
2031.5,1,1,0,0,1,20,0,0,0,0,0,0,0,0,0,0,0,0,0,0,0
2031.5,1,1,0,0,1,25,0,0,0,0,0,0,0,0,0,0,0,0,0,0,0
2031.5,1,1,0,0,1,30,0,0,0,0,0,0,0,0,0,0,0,0,0,0,0
2031.5,1,1,0,0,1,35,0,0,0,0,0,0,0,0,0,0,0,0,0,0,0
2031.5,1,1,0,0,1,40,0,0,0,0,0,0,0,0,0,0,0,0,0,0,0
2031.5,1,1,0,0,1,45,0,0,0,0,0,0,0,0,0,0,0,0,0,0,0
2031.5,1,1,0,0,1,50,0,0,0,0,0,0,0,0,0,0,0,0,0,0,0
2031.5,1,1,0,0,1,55,0,0,0,0,0,0,0,0,0,0,0,0,0,0,0
2031.5,1,1,0,0,1,60,0,0,0,0,0,0,0,0,0,0,0,0,0,0,0
2031.5,1,1,0,0,1,100,0,0,0,0,0,0,0,0,0,0,0,0,0,0,0
2031.5,1,1,0,1,0,0,16,16,4,0,1,1,1,2,2,1,0,0,0,0,0
2031.5,1,1,0,1,0,5,20,20,0,0,0,0,0,1,1,1,0,0,0,0,0
2031.5,1,1,0,1,0,10,27,27,6,0,0,0,3,9,7,2,0,3,0,0,0
2031.5,1,1,0,1,0,15,109,109,30,0,2,2,33,71,26,22,0,15,0,0,0
2031.5,1,1,0,1,0,20,210,210,47,0,2,2,75,173,88,54,0,25,0,0,0
2031.5,1,1,0,1,0,25,218,218,35,0,0,0,59,198,116,40,0,13,0,0,0
2031.5,1,1,0,1,0,30,210,210,32,0,1,1,62,202,129,39,0,9,0,0,0
2031.5,1,1,0,1,0,35,169,169,18,0,1,1,35,163,114,27,0,6,0,0,0
2031.5,1,1,0,1,0,40,147,147,18,0,1,1,17,137,89,8,0,3,0,0,0
2031.5,1,1,0,1,0,45,179,179,9,0,2,1,23,172,125,17,0,11,0,0,0
2031.5,1,1,0,1,0,50,142,142,7,0,2,1,14,130,96,17,0,8,0,0,0
2031.5,1,1,0,1,0,55,90,90,0,0,1,1,6,60,40,4,0,2,0,0,0
2031.5,1,1,0,1,0,60,125,125,6,0,6,5,7,65,48,4,0,4,0,0,0
2031.5,1,1,0,1,0,100,1,1,0,0,0,0,0,0,0,0,0,0,0,0,0
2031.5,1,1,0,1,1,0,10,10,0,10,0,0,10,10,10,0,0,0,0,0,0
2031.5,1,1,0,1,1,5,8,8,0,8,0,0,8,8,8,0,0,0,0,0,0
2031.5,1,1,0,1,1,10,6,6,0,6,0,0,6,6,6,0,0,0,0,0,0
2031.5,1,1,0,1,1,15,93,93,0,93,0,0,93,81,77,0,0,2,0,0,0
2031.5,1,1,0,1,1,20,415,415,0,415,2,1,415,365,300,0,0,9,0,0,0
2031.5,1,1,0,1,1,25,826,826,0,826,2,2,826,745,635,0,0,3,0,0,0
2031.5,1,1,0,1,1,30,1182,1182,0,1182,1,1,1182,1099,894,0,0,8,0,0,0
2031.5,1,1,0,1,1,35,1557,1557,0,1557,2,2,1557,1466,1184,0,0,12,0,0,0
2031.5,1,1,0,1,1,40,1849,1849,0,1849,4,2,1849,1741,1352,0,0,17,0,0,0
2031.5,1,1,0,1,1,45,1674,1674,0,1674,5,1,1674,1556,1235,0,0,14,0,0,0
2031.5,1,1,0,1,1,50,1306,1306,0,1306,8,1,1306,1160,947,0,0,4,0,0,0
2031.5,1,1,0,1,1,55,839,839,0,839,3,2,839,593,468,0,0,3,0,0,0
2031.5,1,1,0,1,1,60,937,937,0,937,12,0,937,377,306,0,0,2,0,0,0
2031.5,1,1,0,1,1,100,1,1,0,1,0,0,1,0,0,0,0,0,0,0,0
2032,1,0,0,0,0,0,5860,0,0,0,22,0,408,1947,0,0,199,0,0,0,0
2032,1,0,0,0,0,5,5718,0,0,0,1,0,0,1960,0,0,0,0,0,0,2
2032,1,0,0,0,0,10,5855,0,0,0,3,0,1,2025,0,0,1,0,0,0,6
2032,1,0,0,0,0,15,5435,0,0,0,4,0,452,2125,0,0,417,0,0,0,12
2032,1,0,0,0,0,20,4672,0,0,0,3,0,1856,3265,0,0,1389,0,0,0,31
2032,1,0,0,0,0,25,3699,0,0,0,3,0,2064,3099,0,0,1546,0,0,0,20
2032,1,0,0,0,0,30,3234,0,0,0,0,0,2064,3006,0,0,1470,0,0,0,1
2032,1,0,0,0,0,35,2760,0,0,0,3,0,1763,2692,0,0,1329,0,0,0,0
2032,1,0,0,0,0,40,2361,0,0,0,5,0,1514,2335,0,0,1136,0,0,0,0
2032,1,0,0,0,0,45,1719,0,0,0,12,0,1126,1704,0,0,778,0,0,0,0
2032,1,0,0,0,0,50,1042,0,0,0,5,0,713,1036,0,0,512,0,0,0,0
2032,1,0,0,0,0,55,733,0,0,0,4,0,419,612,0,0,287,0,0,0,0
2032,1,0,0,0,0,60,1045,0,0,0,40,0,2,3,0,0,1,0,0,0,0
2032,1,0,0,0,0,100,0,0,0,0,0,0,0,0,0,0,0,0,0,0,0
2032,1,0,0,0,1,0,0,0,0,0,0,0,0,0,0,0,0,0,0,0,0
2032,1,0,0,0,1,5,0,0,0,0,0,0,0,0,0,0,0,0,0,0,0
2032,1,0,0,0,1,10,0,0,0,0,0,0,0,0,0,0,0,0,0,0,0
2032,1,0,0,0,1,15,0,0,0,0,0,0,0,0,0,0,0,0,0,0,0
2032,1,0,0,0,1,20,0,0,0,0,0,0,0,0,0,0,0,0,0,0,0
2032,1,0,0,0,1,25,0,0,0,0,0,0,0,0,0,0,0,0,0,0,0
2032,1,0,0,0,1,30,0,0,0,0,0,0,0,0,0,0,0,0,0,0,0
2032,1,0,0,0,1,35,0,0,0,0,0,0,0,0,0,0,0,0,0,0,0
2032,1,0,0,0,1,40,0,0,0,0,0,0,0,0,0,0,0,0,0,0,0
2032,1,0,0,0,1,45,0,0,0,0,0,0,0,0,0,0,0,0,0,0,0
2032,1,0,0,0,1,50,0,0,0,0,0,0,0,0,0,0,0,0,0,0,0
2032,1,0,0,0,1,55,0,0,0,0,0,0,0,0,0,0,0,0,0,0,0
2032,1,0,0,0,1,60,0,0,0,0,0,0,0,0,0,0,0,0,0,0,0
2032,1,0,0,0,1,100,0,0,0,0,0,0,0,0,0,0,0,0,0,0,0
2032,1,0,0,1,0,0,24,24,3,0,2,2,2,4,4,2,0,0,0,0,0
2032,1,0,0,1,0,5,18,18,0,0,3,3,0,4,4,0,0,0,0,0,0
2032,1,0,0,1,0,10,17,17,0,0,1,1,1,7,7,2,0,0,0,0,0
2032,1,0,0,1,0,15,22,22,3,0,2,2,3,13,6,1,0,0,0,0,0
2032,1,0,0,1,0,20,94,94,14,0,1,1,27,64,31,22,0,18,0,0,0
2032,1,0,0,1,0,25,165,165,20,0,1,1,46,114,79,32,0,31,0,0,1
2032,1,0,0,1,0,30,179,179,21,0,3,3,39,147,110,24,0,25,0,0,0
2032,1,0,0,1,0,35,186,186,15,0,3,3,33,174,147,34,0,14,0,0,0
2032,1,0,0,1,0,40,220,220,30,0,4,4,44,210,163,38,0,13,0,0,0
2032,1,0,0,1,0,45,140,140,13,0,2,1,31,130,96,17,0,10,0,0,0
2032,1,0,0,1,0,50,80,80,15,0,4,4,16,71,45,6,0,2,0,0,0
2032,1,0,0,1,0,55,54,54,3,0,1,0,5,36,28,4,0,1,0,0,0
2032,1,0,0,1,0,60,88,88,11,0,1,0,5,12,11,5,0,3,0,0,0
2032,1,0,0,1,0,100,0,0,0,0,0,0,0,0,0,0,0,0,0,0,0
2032,1,0,0,1,1,0,12,12,0,12,1,1,12,12,12,0,0,0,0,0,0
2032,1,0,0,1,1,5,9,9,0,9,0,0,9,9,9,0,0,0,0,0,0
2032,1,0,0,1,1,10,9,9,0,9,0,0,9,9,9,0,0,0,0,0,0
2032,1,0,0,1,1,15,14,14,0,14,0,0,14,14,14,0,0,1,0,0,1
2032,1,0,0,1,1,20,71,71,0,71,0,0,71,71,71,0,0,3,0,0,0
2032,1,0,0,1,1,25,214,214,0,214,1,1,214,214,214,0,0,5,0,0,0
2032,1,0,0,1,1,30,369,369,0,369,3,3,369,366,366,0,0,9,0,0,0
2032,1,0,0,1,1,35,589,589,0,589,1,1,589,574,573,0,0,13,0,0,0
2032,1,0,0,1,1,40,711,711,0,711,6,4,711,700,686,0,0,11,0,0,0
2032,1,0,0,1,1,45,841,841,0,841,6,3,841,786,739,0,0,10,0,0,0
2032,1,0,0,1,1,50,806,806,0,806,10,1,806,704,615,0,0,4,0,0,0
2032,1,0,0,1,1,55,623,623,0,623,7,3,623,420,359,0,0,2,0,0,0
2032,1,0,0,1,1,60,754,754,0,754,17,2,754,134,134,0,0,9,0,0,0
2032,1,0,0,1,1,100,0,0,0,0,0,0,0,0,0,0,0,0,0,0,0
2032,1,0,1,0,0,0,0,0,0,0,0,0,0,0,0,0,0,0,0,0,0
2032,1,0,1,0,0,5,2,0,0,0,0,0,0,1,0,0,0,0,0,0,0
2032,1,0,1,0,0,10,28,0,0,0,0,0,0,9,0,0,0,0,0,0,0
2032,1,0,1,0,0,15,131,0,0,0,0,0,14,49,0,0,13,0,0,0,0
2032,1,0,1,0,0,20,381,0,0,0,1,0,155,255,0,0,97,0,0,0,0
2032,1,0,1,0,0,25,461,0,0,0,2,0,257,396,0,0,180,0,0,0,0
2032,1,0,1,0,0,30,440,0,0,0,1,0,284,413,0,0,200,0,0,0,0
2032,1,0,1,0,0,35,431,0,0,0,0,0,279,417,0,0,202,0,0,0,0
2032,1,0,1,0,0,40,369,0,0,0,3,0,244,364,0,0,199,0,0,0,0
2032,1,0,1,0,0,45,261,0,0,0,0,0,176,257,0,0,125,0,0,0,0
2032,1,0,1,0,0,50,197,0,0,0,2,0,133,196,0,0,80,0,0,0,0
2032,1,0,1,0,0,55,121,0,0,0,1,0,70,99,0,0,55,0,0,0,0
2032,1,0,1,0,0,60,182,0,0,0,3,0,2,2,0,0,0,0,0,0,0
2032,1,0,1,0,0,100,0,0,0,0,0,0,0,0,0,0,0,0,0,0,0
2032,1,0,1,0,1,0,0,0,0,0,0,0,0,0,0,0,0,0,0,0,0
2032,1,0,1,0,1,5,0,0,0,0,0,0,0,0,0,0,0,0,0,0,0
2032,1,0,1,0,1,10,0,0,0,0,0,0,0,0,0,0,0,0,0,0,0
2032,1,0,1,0,1,15,0,0,0,0,0,0,0,0,0,0,0,0,0,0,0
2032,1,0,1,0,1,20,0,0,0,0,0,0,0,0,0,0,0,0,0,0,0
2032,1,0,1,0,1,25,0,0,0,0,0,0,0,0,0,0,0,0,0,0,0
2032,1,0,1,0,1,30,0,0,0,0,0,0,0,0,0,0,0,0,0,0,0
2032,1,0,1,0,1,35,0,0,0,0,0,0,0,0,0,0,0,0,0,0,0
2032,1,0,1,0,1,40,0,0,0,0,0,0,0,0,0,0,0,0,0,0,0
2032,1,0,1,0,1,45,0,0,0,0,0,0,0,0,0,0,0,0,0,0,0
2032,1,0,1,0,1,50,0,0,0,0,0,0,0,0,0,0,0,0,0,0,0
2032,1,0,1,0,1,55,0,0,0,0,0,0,0,0,0,0,0,0,0,0,0
2032,1,0,1,0,1,60,0,0,0,0,0,0,0,0,0,0,0,0,0,0,0
2032,1,0,1,0,1,100,0,0,0,0,0,0,0,0,0,0,0,0,0,0,0
2032,1,0,1,1,0,0,0,0,0,0,0,0,0,0,0,0,0,0,0,0,0
2032,1,0,1,1,0,5,0,0,0,0,0,0,0,0,0,0,0,0,0,0,0
2032,1,0,1,1,0,10,0,0,0,0,0,0,0,0,0,0,0,0,0,0,0
2032,1,0,1,1,0,15,0,0,0,0,0,0,0,0,0,0,0,0,0,0,0
2032,1,0,1,1,0,20,6,6,1,0,0,0,0,3,3,0,0,0,0,0,0
2032,1,0,1,1,0,25,10,10,0,0,0,0,3,10,8,2,0,3,0,0,0
2032,1,0,1,1,0,30,15,15,2,0,0,0,5,12,10,4,0,3,0,0,0
2032,1,0,1,1,0,35,19,19,2,0,0,0,5,18,12,3,0,2,0,0,0
2032,1,0,1,1,0,40,24,24,4,0,0,0,6,23,18,5,0,2,0,0,0
2032,1,0,1,1,0,45,12,12,4,0,1,1,7,12,8,6,0,2,0,0,0
2032,1,0,1,1,0,50,10,10,3,0,0,0,4,9,6,3,0,0,0,0,0
2032,1,0,1,1,0,55,6,6,2,0,0,0,2,6,3,1,0,0,0,0,0
2032,1,0,1,1,0,60,8,8,2,0,0,0,0,0,0,0,0,0,0,0,0
2032,1,0,1,1,0,100,0,0,0,0,0,0,0,0,0,0,0,0,0,0,0
2032,1,0,1,1,1,0,0,0,0,0,0,0,0,0,0,0,0,0,0,0,0
2032,1,0,1,1,1,5,0,0,0,0,0,0,0,0,0,0,0,0,0,0,0
2032,1,0,1,1,1,10,0,0,0,0,0,0,0,0,0,0,0,0,0,0,0
2032,1,0,1,1,1,15,1,1,0,1,0,0,1,1,1,0,0,0,0,0,0
2032,1,0,1,1,1,20,5,5,0,5,0,0,5,5,5,0,0,0,0,0,0
2032,1,0,1,1,1,25,15,15,0,15,0,0,15,15,15,0,0,0,0,0,0
2032,1,0,1,1,1,30,41,41,0,41,0,0,41,41,41,0,0,0,0,0,0
2032,1,0,1,1,1,35,58,58,0,58,2,2,58,57,57,0,0,1,0,0,0
2032,1,0,1,1,1,40,49,49,0,49,0,0,49,48,47,0,0,0,0,0,0
2032,1,0,1,1,1,45,96,96,0,96,0,0,96,88,85,0,0,1,0,0,0
2032,1,0,1,1,1,50,95,95,0,95,0,0,95,83,73,0,0,1,0,0,0
2032,1,0,1,1,1,55,68,68,0,68,0,0,68,44,38,0,0,0,0,0,0
2032,1,0,1,1,1,60,66,66,0,66,2,1,66,10,10,0,0,2,0,0,0
2032,1,0,1,1,1,100,0,0,0,0,0,0,0,0,0,0,0,0,0,0,0
2032,1,1,0,0,0,0,5975,0,0,0,16,0,456,1989,0,0,219,0,0,0,0
2032,1,1,0,0,0,5,5837,0,0,0,1,0,0,1995,0,0,0,0,0,0,0
2032,1,1,0,0,0,10,5799,0,0,0,0,0,114,2017,0,0,119,0,0,0,0
2032,1,1,0,0,0,15,5491,0,0,0,1,0,1355,3292,0,0,1052,0,0,0,0
2032,1,1,0,0,0,20,4600,0,0,0,1,0,2239,3943,0,0,1731,0,0,0,0
2032,1,1,0,0,0,25,3655,0,0,0,1,0,2257,3504,0,0,1703,0,0,0,0
2032,1,1,0,0,0,30,3123,0,0,0,0,0,2044,3091,0,0,1481,0,0,0,0
2032,1,1,0,0,0,35,2466,0,0,0,0,0,1645,2462,0,0,1201,0,0,0,0
2032,1,1,0,0,0,40,2004,0,0,0,1,0,1359,2003,0,0,1013,0,0,0,0
2032,1,1,0,0,0,45,1445,0,0,0,2,0,964,1444,0,0,715,0,0,0,0
2032,1,1,0,0,0,50,878,0,0,0,3,0,597,878,0,0,427,0,0,0,0
2032,1,1,0,0,0,55,574,0,0,0,3,0,162,474,0,0,113,0,0,0,0
2032,1,1,0,0,0,60,1681,0,0,0,26,0,45,317,0,0,29,0,0,0,0
2032,1,1,0,0,0,100,6,0,0,0,1,0,0,0,0,0,0,0,0,0,0
2032,1,1,0,0,1,0,0,0,0,0,0,0,0,0,0,0,0,0,0,0,0
2032,1,1,0,0,1,5,0,0,0,0,0,0,0,0,0,0,0,0,0,0,0
2032,1,1,0,0,1,10,0,0,0,0,0,0,0,0,0,0,0,0,0,0,0
2032,1,1,0,0,1,15,0,0,0,0,0,0,0,0,0,0,0,0,0,0,0
2032,1,1,0,0,1,20,0,0,0,0,0,0,0,0,0,0,0,0,0,0,0
2032,1,1,0,0,1,25,0,0,0,0,0,0,0,0,0,0,0,0,0,0,0
2032,1,1,0,0,1,30,0,0,0,0,0,0,0,0,0,0,0,0,0,0,0
2032,1,1,0,0,1,35,0,0,0,0,0,0,0,0,0,0,0,0,0,0,0
2032,1,1,0,0,1,40,0,0,0,0,0,0,0,0,0,0,0,0,0,0,0
2032,1,1,0,0,1,45,0,0,0,0,0,0,0,0,0,0,0,0,0,0,0
2032,1,1,0,0,1,50,0,0,0,0,0,0,0,0,0,0,0,0,0,0,0
2032,1,1,0,0,1,55,0,0,0,0,0,0,0,0,0,0,0,0,0,0,0
2032,1,1,0,0,1,60,0,0,0,0,0,0,0,0,0,0,0,0,0,0,0
2032,1,1,0,0,1,100,0,0,0,0,0,0,0,0,0,0,0,0,0,0,0
2032,1,1,0,1,0,0,14,14,2,0,1,1,0,2,2,1,0,0,0,0,0
2032,1,1,0,1,0,5,20,20,0,0,0,0,0,1,1,0,0,0,0,0,0
2032,1,1,0,1,0,10,21,21,5,0,2,2,0,6,4,2,0,2,0,0,0
2032,1,1,0,1,0,15,93,93,30,0,0,0,21,56,19,14,0,20,0,0,0
2032,1,1,0,1,0,20,213,213,42,0,4,3,61,171,80,48,0,24,0,0,0
2032,1,1,0,1,0,25,207,207,29,0,5,4,64,187,120,49,0,12,0,0,0
2032,1,1,0,1,0,30,210,210,28,0,2,2,47,198,123,34,0,9,0,0,0
2032,1,1,0,1,0,35,166,166,26,0,0,0,30,160,106,14,0,8,0,0,0
2032,1,1,0,1,0,40,137,137,14,0,0,0,13,129,80,7,0,5,0,0,0
2032,1,1,0,1,0,45,189,189,9,0,0,0,28,183,144,19,0,10,0,0,0
2032,1,1,0,1,0,50,143,143,7,0,1,1,8,131,92,5,0,9,0,0,0
2032,1,1,0,1,0,55,94,94,4,0,1,1,8,70,49,11,0,1,0,0,0
2032,1,1,0,1,0,60,141,141,7,0,4,2,6,70,54,9,0,5,0,0,0
2032,1,1,0,1,0,100,1,1,0,0,0,0,0,0,0,0,0,0,0,0,0
2032,1,1,0,1,1,0,9,9,0,9,0,0,9,9,9,0,0,0,0,0,0
2032,1,1,0,1,1,5,7,7,0,7,0,0,7,7,7,0,0,0,0,0,0
2032,1,1,0,1,1,10,12,12,0,12,0,0,12,12,12,0,0,0,0,0,0
2032,1,1,0,1,1,15,99,99,0,99,0,0,99,86,75,0,0,0,0,0,0
2032,1,1,0,1,1,20,406,406,0,406,1,0,406,364,304,0,0,4,0,0,0
2032,1,1,0,1,1,25,837,837,0,837,4,4,837,755,639,0,0,6,0,0,0
2032,1,1,0,1,1,30,1171,1171,0,1171,3,2,1171,1089,895,0,0,2,0,0,0
2032,1,1,0,1,1,35,1549,1549,0,1549,6,3,1549,1460,1173,0,0,15,0,0,0
2032,1,1,0,1,1,40,1841,1841,0,1841,4,1,1841,1746,1342,0,0,7,0,0,0
2032,1,1,0,1,1,45,1687,1687,0,1687,2,0,1687,1567,1244,0,0,11,0,0,0
2032,1,1,0,1,1,50,1390,1390,0,1390,8,3,1390,1245,1013,0,0,6,0,0,0
2032,1,1,0,1,1,55,852,852,0,852,2,1,852,619,488,0,0,4,0,0,0
2032,1,1,0,1,1,60,991,991,0,991,20,5,991,418,340,0,0,5,0,0,0
2032,1,1,0,1,1,100,1,1,0,1,0,0,1,0,0,0,0,0,0,0,0
2032.5,1,0,0,0,0,0,5856,0,0,0,17,0,434,1946,0,0,214,0,0,0,0
2032.5,1,0,0,0,0,5,5707,0,0,0,4,0,0,1978,0,0,0,0,0,0,1
2032.5,1,0,0,0,0,10,5863,0,0,0,1,0,2,2014,0,0,3,0,0,0,4
2032.5,1,0,0,0,0,15,5494,0,0,0,1,0,445,2150,0,0,406,0,0,0,21
2032.5,1,0,0,0,0,20,4679,0,0,0,4,0,1885,3289,0,0,1393,0,0,0,20
2032.5,1,0,0,0,0,25,3804,0,0,0,3,0,2129,3196,0,0,1543,0,0,0,9
2032.5,1,0,0,0,0,30,3236,0,0,0,4,0,2027,3023,0,0,1448,0,0,0,2
2032.5,1,0,0,0,0,35,2777,0,0,0,3,0,1781,2708,0,0,1284,0,0,0,0
2032.5,1,0,0,0,0,40,2373,0,0,0,3,0,1566,2341,0,0,1157,0,0,0,0
2032.5,1,0,0,0,0,45,1719,0,0,0,8,0,1129,1704,0,0,816,0,0,0,0
2032.5,1,0,0,0,0,50,1130,0,0,0,10,0,771,1127,0,0,516,0,0,0,0
2032.5,1,0,0,0,0,55,705,0,0,0,4,0,418,643,0,0,287,0,0,0,0
2032.5,1,0,0,0,0,60,1079,0,0,0,39,0,14,21,0,0,8,0,0,0,0
2032.5,1,0,0,0,0,100,0,0,0,0,0,0,0,0,0,0,0,0,0,0,0
2032.5,1,0,0,0,1,0,0,0,0,0,0,0,0,0,0,0,0,0,0,0,0
2032.5,1,0,0,0,1,5,0,0,0,0,0,0,0,0,0,0,0,0,0,0,0
2032.5,1,0,0,0,1,10,0,0,0,0,0,0,0,0,0,0,0,0,0,0,0
2032.5,1,0,0,0,1,15,0,0,0,0,0,0,0,0,0,0,0,0,0,0,0
2032.5,1,0,0,0,1,20,0,0,0,0,0,0,0,0,0,0,0,0,0,0,0
2032.5,1,0,0,0,1,25,0,0,0,0,0,0,0,0,0,0,0,0,0,0,0
2032.5,1,0,0,0,1,30,0,0,0,0,0,0,0,0,0,0,0,0,0,0,0
2032.5,1,0,0,0,1,35,0,0,0,0,0,0,0,0,0,0,0,0,0,0,0
2032.5,1,0,0,0,1,40,0,0,0,0,0,0,0,0,0,0,0,0,0,0,0
2032.5,1,0,0,0,1,45,0,0,0,0,0,0,0,0,0,0,0,0,0,0,0
2032.5,1,0,0,0,1,50,0,0,0,0,0,0,0,0,0,0,0,0,0,0,0
2032.5,1,0,0,0,1,55,0,0,0,0,0,0,0,0,0,0,0,0,0,0,0
2032.5,1,0,0,0,1,60,0,0,0,0,0,0,0,0,0,0,0,0,0,0,0
2032.5,1,0,0,0,1,100,0,0,0,0,0,0,0,0,0,0,0,0,0,0,0
2032.5,1,0,0,1,0,0,26,26,6,0,4,4,2,4,4,1,0,0,0,0,0
2032.5,1,0,0,1,0,5,18,18,0,0,0,0,0,4,4,0,0,0,0,0,0
2032.5,1,0,0,1,0,10,17,17,0,0,0,0,0,7,7,0,0,0,0,0,0
2032.5,1,0,0,1,0,15,17,17,3,0,0,0,1,9,5,1,0,4,0,0,0
2032.5,1,0,0,1,0,20,91,91,17,0,1,0,26,61,25,15,0,11,0,0,0
2032.5,1,0,0,1,0,25,164,164,16,0,0,0,30,113,78,19,0,19,0,0,0
2032.5,1,0,0,1,0,30,189,189,18,0,1,0,44,160,128,35,0,24,0,0,0
2032.5,1,0,0,1,0,35,183,183,21,0,1,1,36,169,137,29,0,18,0,0,0
2032.5,1,0,0,1,0,40,231,231,33,0,6,5,50,222,172,38,0,19,0,0,0
2032.5,1,0,0,1,0,45,147,147,19,0,1,1,28,136,99,16,0,5,0,0,0
2032.5,1,0,0,1,0,50,87,87,9,0,1,0,13,78,56,9,0,1,0,0,0
2032.5,1,0,0,1,0,55,55,55,9,0,1,0,6,41,28,7,0,1,0,0,0
2032.5,1,0,0,1,0,60,84,84,6,0,1,0,4,15,14,3,0,8,0,0,0
2032.5,1,0,0,1,0,100,0,0,0,0,0,0,0,0,0,0,0,0,0,0,0
2032.5,1,0,0,1,1,0,12,12,0,12,0,0,12,12,12,0,0,0,0,0,0
2032.5,1,0,0,1,1,5,7,7,0,7,0,0,7,7,7,0,0,0,0,0,0
2032.5,1,0,0,1,1,10,12,12,0,12,0,0,12,12,12,0,0,0,0,0,0
2032.5,1,0,0,1,1,15,14,14,0,14,0,0,14,14,14,0,0,0,0,0,0
2032.5,1,0,0,1,1,20,78,78,0,78,0,0,78,78,78,0,0,1,0,0,2
2032.5,1,0,0,1,1,25,205,205,0,205,1,1,205,205,205,0,0,10,0,0,0
2032.5,1,0,0,1,1,30,363,363,0,363,1,1,363,360,360,0,0,7,0,0,0
2032.5,1,0,0,1,1,35,583,583,0,583,5,3,583,570,567,0,0,13,0,0,0
2032.5,1,0,0,1,1,40,702,702,0,702,4,4,702,694,682,0,0,5,0,0,0
2032.5,1,0,0,1,1,45,850,850,0,850,8,4,850,806,757,0,0,10,0,0,0
2032.5,1,0,0,1,1,50,811,811,0,811,8,4,811,710,618,0,0,13,0,0,0
2032.5,1,0,0,1,1,55,648,648,0,648,4,3,648,468,396,0,0,2,0,0,0
2032.5,1,0,0,1,1,60,794,794,0,794,22,2,794,154,153,0,0,8,0,0,0
2032.5,1,0,0,1,1,100,0,0,0,0,0,0,0,0,0,0,0,0,0,0,0
2032.5,1,0,1,0,0,0,0,0,0,0,0,0,0,0,0,0,0,0,0,0,0
2032.5,1,0,1,0,0,5,3,0,0,0,0,0,0,1,0,0,0,0,0,0,0
2032.5,1,0,1,0,0,10,27,0,0,0,0,0,0,10,0,0,0,0,0,0,0
2032.5,1,0,1,0,0,15,136,0,0,0,0,0,16,52,0,0,16,0,0,0,0
2032.5,1,0,1,0,0,20,379,0,0,0,0,0,166,264,0,0,144,0,0,0,0
2032.5,1,0,1,0,0,25,468,0,0,0,0,0,255,403,0,0,192,0,0,0,0
2032.5,1,0,1,0,0,30,435,0,0,0,1,0,282,410,0,0,192,0,0,0,0
2032.5,1,0,1,0,0,35,426,0,0,0,0,0,268,412,0,0,201,0,0,0,0
2032.5,1,0,1,0,0,40,381,0,0,0,0,0,279,377,0,0,196,0,0,0,0
2032.5,1,0,1,0,0,45,273,0,0,0,0,0,180,268,0,0,123,0,0,0,0
2032.5,1,0,1,0,0,50,201,0,0,0,0,0,126,200,0,0,92,0,0,0,0
2032.5,1,0,1,0,0,55,125,0,0,0,3,0,77,112,0,0,56,0,0,0,0
2032.5,1,0,1,0,0,60,186,0,0,0,4,0,3,3,0,0,0,0,0,0,0
2032.5,1,0,1,0,0,100,0,0,0,0,0,0,0,0,0,0,0,0,0,0,0
2032.5,1,0,1,0,1,0,0,0,0,0,0,0,0,0,0,0,0,0,0,0,0
2032.5,1,0,1,0,1,5,0,0,0,0,0,0,0,0,0,0,0,0,0,0,0
2032.5,1,0,1,0,1,10,0,0,0,0,0,0,0,0,0,0,0,0,0,0,0
2032.5,1,0,1,0,1,15,0,0,0,0,0,0,0,0,0,0,0,0,0,0,0
2032.5,1,0,1,0,1,20,0,0,0,0,0,0,0,0,0,0,0,0,0,0,0
2032.5,1,0,1,0,1,25,0,0,0,0,0,0,0,0,0,0,0,0,0,0,0
2032.5,1,0,1,0,1,30,0,0,0,0,0,0,0,0,0,0,0,0,0,0,0
2032.5,1,0,1,0,1,35,0,0,0,0,0,0,0,0,0,0,0,0,0,0,0
2032.5,1,0,1,0,1,40,0,0,0,0,0,0,0,0,0,0,0,0,0,0,0
2032.5,1,0,1,0,1,45,0,0,0,0,0,0,0,0,0,0,0,0,0,0,0
2032.5,1,0,1,0,1,50,0,0,0,0,0,0,0,0,0,0,0,0,0,0,0
2032.5,1,0,1,0,1,55,0,0,0,0,0,0,0,0,0,0,0,0,0,0,0
2032.5,1,0,1,0,1,60,0,0,0,0,0,0,0,0,0,0,0,0,0,0,0
2032.5,1,0,1,0,1,100,0,0,0,0,0,0,0,0,0,0,0,0,0,0,0
2032.5,1,0,1,1,0,0,0,0,0,0,0,0,0,0,0,0,0,0,0,0,0
2032.5,1,0,1,1,0,5,0,0,0,0,0,0,0,0,0,0,0,0,0,0,0
2032.5,1,0,1,1,0,10,0,0,0,0,0,0,0,0,0,0,0,0,0,0,0
2032.5,1,0,1,1,0,15,0,0,0,0,0,0,0,0,0,0,0,0,0,0,0
2032.5,1,0,1,1,0,20,8,8,1,0,0,0,2,6,5,1,0,1,0,0,0
2032.5,1,0,1,1,0,25,10,10,2,0,0,0,3,10,8,2,0,1,0,0,0
2032.5,1,0,1,1,0,30,15,15,1,0,0,0,6,13,11,3,0,4,0,0,0
2032.5,1,0,1,1,0,35,20,20,1,0,1,1,6,19,16,4,0,2,0,0,0
2032.5,1,0,1,1,0,40,22,22,2,0,0,0,6,21,17,5,0,3,0,0,0
2032.5,1,0,1,1,0,45,11,11,1,0,0,0,3,11,10,3,0,0,0,0,0
2032.5,1,0,1,1,0,50,14,14,2,0,0,0,4,13,9,1,0,0,0,0,0
2032.5,1,0,1,1,0,55,5,5,0,0,2,0,1,5,4,1,0,0,0,0,0
2032.5,1,0,1,1,0,60,12,12,1,0,0,0,0,2,2,0,0,1,0,0,0
2032.5,1,0,1,1,0,100,0,0,0,0,0,0,0,0,0,0,0,0,0,0,0
2032.5,1,0,1,1,1,0,0,0,0,0,0,0,0,0,0,0,0,0,0,0,0
2032.5,1,0,1,1,1,5,0,0,0,0,0,0,0,0,0,0,0,0,0,0,0
2032.5,1,0,1,1,1,10,0,0,0,0,0,0,0,0,0,0,0,0,0,0,0
2032.5,1,0,1,1,1,15,1,1,0,1,0,0,1,1,1,0,0,0,0,0,0
2032.5,1,0,1,1,1,20,5,5,0,5,0,0,5,5,5,0,0,0,0,0,0
2032.5,1,0,1,1,1,25,16,16,0,16,0,0,16,16,16,0,0,1,0,0,0
2032.5,1,0,1,1,1,30,41,41,0,41,0,0,41,41,41,0,0,1,0,0,0
2032.5,1,0,1,1,1,35,51,51,0,51,0,0,51,50,50,0,0,1,0,0,0
2032.5,1,0,1,1,1,40,53,53,0,53,0,0,53,52,50,0,0,2,0,0,0
2032.5,1,0,1,1,1,45,96,96,0,96,1,0,96,88,87,0,0,0,0,0,0
2032.5,1,0,1,1,1,50,93,93,0,93,3,2,93,81,69,0,0,0,0,0,0
2032.5,1,0,1,1,1,55,66,66,0,66,2,0,66,50,43,0,0,1,0,0,0
2032.5,1,0,1,1,1,60,73,73,0,73,0,0,73,10,10,0,0,0,0,0,0
2032.5,1,0,1,1,1,100,0,0,0,0,0,0,0,0,0,0,0,0,0,0,0
2032.5,1,1,0,0,0,0,5997,0,0,0,11,0,462,2002,0,0,205,0,0,0,0
2032.5,1,1,0,0,0,5,5870,0,0,0,0,0,0,2006,0,0,0,0,0,0,0
2032.5,1,1,0,0,0,10,5770,0,0,0,2,0,103,2003,0,0,119,0,0,0,0
2032.5,1,1,0,0,0,15,5516,0,0,0,0,0,1373,3298,0,0,1043,0,0,0,0
2032.5,1,1,0,0,0,20,4620,0,0,0,3,0,2235,3946,0,0,1751,0,0,0,0
2032.5,1,1,0,0,0,25,3741,0,0,0,3,0,2315,3596,0,0,1768,0,0,0,0
2032.5,1,1,0,0,0,30,3118,0,0,0,4,0,2030,3085,0,0,1569,0,0,0,0
2032.5,1,1,0,0,0,35,2506,0,0,0,1,0,1675,2503,0,0,1232,0,0,0,0
2032.5,1,1,0,0,0,40,2038,0,0,0,1,0,1356,2037,0,0,966,0,0,0,0
2032.5,1,1,0,0,0,45,1486,0,0,0,4,0,981,1485,0,0,678,0,0,0,0
2032.5,1,1,0,0,0,50,927,0,0,0,1,0,625,927,0,0,439,0,0,0,0
2032.5,1,1,0,0,0,55,590,0,0,0,1,0,199,510,0,0,136,0,0,0,0
2032.5,1,1,0,0,0,60,1680,0,0,0,45,0,46,342,0,0,23,0,0,0,0
2032.5,1,1,0,0,0,100,6,0,0,0,0,0,0,0,0,0,0,0,0,0,0
2032.5,1,1,0,0,1,0,0,0,0,0,0,0,0,0,0,0,0,0,0,0,0
2032.5,1,1,0,0,1,5,0,0,0,0,0,0,0,0,0,0,0,0,0,0,0
2032.5,1,1,0,0,1,10,0,0,0,0,0,0,0,0,0,0,0,0,0,0,0
2032.5,1,1,0,0,1,15,0,0,0,0,0,0,0,0,0,0,0,0,0,0,0
2032.5,1,1,0,0,1,20,0,0,0,0,0,0,0,0,0,0,0,0,0,0,0
2032.5,1,1,0,0,1,25,0,0,0,0,0,0,0,0,0,0,0,0,0,0,0
2032.5,1,1,0,0,1,30,0,0,0,0,0,0,0,0,0,0,0,0,0,0,0
2032.5,1,1,0,0,1,35,0,0,0,0,0,0,0,0,0,0,0,0,0,0,0
2032.5,1,1,0,0,1,40,0,0,0,0,0,0,0,0,0,0,0,0,0,0,0
2032.5,1,1,0,0,1,45,0,0,0,0,0,0,0,0,0,0,0,0,0,0,0
2032.5,1,1,0,0,1,50,0,0,0,0,0,0,0,0,0,0,0,0,0,0,0
2032.5,1,1,0,0,1,55,0,0,0,0,0,0,0,0,0,0,0,0,0,0,0
2032.5,1,1,0,0,1,60,0,0,0,0,0,0,0,0,0,0,0,0,0,0,0
2032.5,1,1,0,0,1,100,0,0,0,0,0,0,0,0,0,0,0,0,0,0,0
2032.5,1,1,0,1,0,0,16,16,4,0,2,2,1,3,3,2,0,0,0,0,0
2032.5,1,1,0,1,0,5,17,17,0,0,2,2,0,0,0,0,0,0,0,0,0
2032.5,1,1,0,1,0,10,20,20,3,0,0,0,3,6,5,3,0,3,0,0,0
2032.5,1,1,0,1,0,15,83,83,18,0,0,0,12,46,18,14,0,19,0,0,0
2032.5,1,1,0,1,0,20,213,213,50,0,0,0,59,169,76,43,0,14,0,0,0
2032.5,1,1,0,1,0,25,208,208,31,0,1,1,60,190,116,32,0,10,0,0,0
2032.5,1,1,0,1,0,30,223,223,32,0,1,1,52,209,128,36,0,13,0,0,0
2032.5,1,1,0,1,0,35,184,184,18,0,0,0,33,176,122,18,0,4,0,0,0
2032.5,1,1,0,1,0,40,153,153,14,0,1,1,18,151,103,10,0,8,0,0,0
2032.5,1,1,0,1,0,45,165,165,7,0,2,2,16,160,122,15,0,10,0,0,0
2032.5,1,1,0,1,0,50,154,154,7,0,6,6,14,142,112,11,0,8,0,0,0
2032.5,1,1,0,1,0,55,105,105,2,0,3,3,8,81,58,9,0,2,0,0,0
2032.5,1,1,0,1,0,60,147,147,15,0,5,5,11,67,51,12,0,2,0,0,0
2032.5,1,1,0,1,0,100,0,0,0,0,1,0,0,0,0,0,0,0,0,0,0
2032.5,1,1,0,1,1,0,10,10,0,10,0,0,10,10,10,0,0,0,0,0,0
2032.5,1,1,0,1,1,5,7,7,0,7,0,0,7,7,7,0,0,0,0,0,0
2032.5,1,1,0,1,1,10,10,10,0,10,0,0,10,10,10,0,0,0,0,0,0
2032.5,1,1,0,1,1,15,90,90,0,90,0,0,90,81,68,0,0,1,0,0,0
2032.5,1,1,0,1,1,20,417,417,0,417,1,1,417,378,322,0,0,5,0,0,0
2032.5,1,1,0,1,1,25,823,823,0,823,2,2,823,744,624,0,0,8,0,0,0
2032.5,1,1,0,1,1,30,1152,1152,0,1152,0,0,1152,1067,880,0,0,4,0,0,0
2032.5,1,1,0,1,1,35,1496,1496,0,1496,4,1,1496,1409,1131,0,0,9,0,0,0
2032.5,1,1,0,1,1,40,1872,1872,0,1872,2,1,1872,1774,1344,0,0,14,0,0,0
2032.5,1,1,0,1,1,45,1713,1713,0,1713,9,6,1713,1591,1264,0,0,13,0,0,0
2032.5,1,1,0,1,1,50,1414,1414,0,1414,6,4,1414,1274,1024,0,0,10,0,0,0
2032.5,1,1,0,1,1,55,893,893,0,893,8,2,893,673,541,0,0,3,0,0,0
2032.5,1,1,0,1,1,60,1039,1039,0,1039,22,4,1039,464,377,0,0,2,0,0,0
2032.5,1,1,0,1,1,100,1,1,0,1,0,0,1,0,0,0,0,0,0,0,0
2033,1,0,0,0,0,0,5837,0,0,0,13,0,449,1970,0,0,207,0,0,0,0
2033,1,0,0,0,0,5,5690,0,0,0,1,0,0,1936,0,0,0,0,0,0,1
2033,1,0,0,0,0,10,5894,0,0,0,3,0,1,2032,0,0,1,0,0,0,5
2033,1,0,0,0,0,15,5510,0,0,0,4,0,462,2214,0,0,434,0,0,0,11
2033,1,0,0,0,0,20,4743,0,0,0,4,0,1947,3342,0,0,1474,0,0,0,24
2033,1,0,0,0,0,25,3868,0,0,0,3,0,2166,3266,0,0,1587,0,0,0,15
2033,1,0,0,0,0,30,3205,0,0,0,6,0,2029,2999,0,0,1517,0,0,0,1
2033,1,0,0,0,0,35,2812,0,0,0,3,0,1781,2741,0,0,1296,0,0,0,0
2033,1,0,0,0,0,40,2363,0,0,0,8,0,1545,2334,0,0,1125,0,0,0,0
2033,1,0,0,0,0,45,1788,0,0,0,5,0,1195,1777,0,0,861,0,0,0,0
2033,1,0,0,0,0,50,1172,0,0,0,7,0,800,1168,0,0,576,0,0,0,0
2033,1,0,0,0,0,55,726,0,0,0,9,0,451,684,0,0,318,0,0,0,0
2033,1,0,0,0,0,60,1093,0,0,0,25,0,34,56,0,0,22,0,0,0,0
2033,1,0,0,0,0,100,1,0,0,0,0,0,0,0,0,0,0,0,0,0,0
2033,1,0,0,0,1,0,0,0,0,0,0,0,0,0,0,0,0,0,0,0,0
2033,1,0,0,0,1,5,0,0,0,0,0,0,0,0,0,0,0,0,0,0,0
2033,1,0,0,0,1,10,0,0,0,0,0,0,0,0,0,0,0,0,0,0,0
2033,1,0,0,0,1,15,0,0,0,0,0,0,0,0,0,0,0,0,0,0,0
2033,1,0,0,0,1,20,0,0,0,0,0,0,0,0,0,0,0,0,0,0,0
2033,1,0,0,0,1,25,0,0,0,0,0,0,0,0,0,0,0,0,0,0,0
2033,1,0,0,0,1,30,0,0,0,0,0,0,0,0,0,0,0,0,0,0,0
2033,1,0,0,0,1,35,0,0,0,0,0,0,0,0,0,0,0,0,0,0,0
2033,1,0,0,0,1,40,0,0,0,0,0,0,0,0,0,0,0,0,0,0,0
2033,1,0,0,0,1,45,0,0,0,0,0,0,0,0,0,0,0,0,0,0,0
2033,1,0,0,0,1,50,0,0,0,0,0,0,0,0,0,0,0,0,0,0,0
2033,1,0,0,0,1,55,0,0,0,0,0,0,0,0,0,0,0,0,0,0,0
2033,1,0,0,0,1,60,0,0,0,0,0,0,0,0,0,0,0,0,0,0,0
2033,1,0,0,0,1,100,0,0,0,0,0,0,0,0,0,0,0,0,0,0,0
2033,1,0,0,1,0,0,20,20,5,0,1,1,1,3,3,2,0,0,0,0,0
2033,1,0,0,1,0,5,23,23,0,0,0,0,0,5,5,0,0,0,0,0,0
2033,1,0,0,1,0,10,17,17,0,0,0,0,0,6,6,0,0,0,0,0,0
2033,1,0,0,1,0,15,18,18,5,0,0,0,2,12,8,3,0,1,0,0,0
2033,1,0,0,1,0,20,77,77,12,0,2,2,15,47,21,15,0,9,0,0,2
2033,1,0,0,1,0,25,148,148,17,0,3,3,36,108,78,37,0,31,0,0,1
2033,1,0,0,1,0,30,182,182,25,0,3,3,31,152,112,24,0,25,0,0,0
2033,1,0,0,1,0,35,184,184,20,0,9,9,36,171,131,25,0,26,0,0,0
2033,1,0,0,1,0,40,234,234,28,0,1,1,50,226,174,40,0,23,0,0,0
2033,1,0,0,1,0,45,141,141,19,0,1,1,28,133,100,17,0,10,0,0,0
2033,1,0,0,1,0,50,81,81,2,0,1,1,6,73,59,4,0,1,0,0,0
2033,1,0,0,1,0,55,59,59,5,0,0,0,4,48,37,7,0,1,0,0,0
2033,1,0,0,1,0,60,82,82,8,0,3,1,6,16,16,6,0,6,0,0,0
2033,1,0,0,1,0,100,0,0,0,0,0,0,0,0,0,0,0,0,0,0,0
2033,1,0,0,1,1,0,13,13,0,13,0,0,13,13,13,0,0,0,0,0,0
2033,1,0,0,1,1,5,7,7,0,7,0,0,7,7,7,0,0,0,0,0,0
2033,1,0,0,1,1,10,12,12,0,12,0,0,12,12,12,0,0,0,0,0,0
2033,1,0,0,1,1,15,12,12,0,12,0,0,12,12,12,0,0,0,0,0,0
2033,1,0,0,1,1,20,70,70,0,70,0,0,70,70,70,0,0,2,0,0,0
2033,1,0,0,1,1,25,224,224,0,224,1,1,224,224,224,0,0,5,0,0,0
2033,1,0,0,1,1,30,359,359,0,359,1,1,359,358,358,0,0,9,0,0,0
2033,1,0,0,1,1,35,586,586,0,586,2,0,586,570,567,0,0,11,0,0,0
2033,1,0,0,1,1,40,697,697,0,697,6,5,697,691,683,0,0,12,0,0,0
2033,1,0,0,1,1,45,886,886,0,886,7,4,886,843,785,0,0,6,0,0,0
2033,1,0,0,1,1,50,826,826,0,826,6,2,826,730,640,0,0,8,0,0,0
2033,1,0,0,1,1,55,639,639,0,639,8,2,639,481,407,0,0,3,0,0,0
2033,1,0,0,1,1,60,861,861,0,861,16,1,861,194,184,0,0,5,0,0,0
2033,1,0,0,1,1,100,0,0,0,0,0,0,0,0,0,0,0,0,0,0,0
2033,1,0,1,0,0,0,0,0,0,0,0,0,0,0,0,0,0,0,0,0,0
2033,1,0,1,0,0,5,3,0,0,0,0,0,0,2,0,0,0,0,0,0,0
2033,1,0,1,0,0,10,29,0,0,0,0,0,0,9,0,0,0,0,0,0,0
2033,1,0,1,0,0,15,128,0,0,0,2,0,17,45,0,0,18,0,0,0,0
2033,1,0,1,0,0,20,356,0,0,0,0,0,160,249,0,0,126,0,0,0,0
2033,1,0,1,0,0,25,504,0,0,0,0,0,293,432,0,0,204,0,0,0,0
2033,1,0,1,0,0,30,438,0,0,0,0,0,286,414,0,0,218,0,0,0,0
2033,1,0,1,0,0,35,431,0,0,0,0,0,266,415,0,0,178,0,0,0,0
2033,1,0,1,0,0,40,385,0,0,0,1,0,273,380,0,0,188,0,0,0,0
2033,1,0,1,0,0,45,279,0,0,0,1,0,182,274,0,0,142,0,0,0,0
2033,1,0,1,0,0,50,200,0,0,0,1,0,132,199,0,0,98,0,0,0,0
2033,1,0,1,0,0,55,124,0,0,0,2,0,82,120,0,0,53,0,0,0,0
2033,1,0,1,0,0,60,196,0,0,0,5,0,7,11,0,0,2,0,0,0,0
2033,1,0,1,0,0,100,0,0,0,0,0,0,0,0,0,0,0,0,0,0,0
2033,1,0,1,0,1,0,0,0,0,0,0,0,0,0,0,0,0,0,0,0,0
2033,1,0,1,0,1,5,0,0,0,0,0,0,0,0,0,0,0,0,0,0,0
2033,1,0,1,0,1,10,0,0,0,0,0,0,0,0,0,0,0,0,0,0,0
2033,1,0,1,0,1,15,0,0,0,0,0,0,0,0,0,0,0,0,0,0,0
2033,1,0,1,0,1,20,0,0,0,0,0,0,0,0,0,0,0,0,0,0,0
2033,1,0,1,0,1,25,0,0,0,0,0,0,0,0,0,0,0,0,0,0,0
2033,1,0,1,0,1,30,0,0,0,0,0,0,0,0,0,0,0,0,0,0,0
2033,1,0,1,0,1,35,0,0,0,0,0,0,0,0,0,0,0,0,0,0,0
2033,1,0,1,0,1,40,0,0,0,0,0,0,0,0,0,0,0,0,0,0,0
2033,1,0,1,0,1,45,0,0,0,0,0,0,0,0,0,0,0,0,0,0,0
2033,1,0,1,0,1,50,0,0,0,0,0,0,0,0,0,0,0,0,0,0,0
2033,1,0,1,0,1,55,0,0,0,0,0,0,0,0,0,0,0,0,0,0,0
2033,1,0,1,0,1,60,0,0,0,0,0,0,0,0,0,0,0,0,0,0,0
2033,1,0,1,0,1,100,0,0,0,0,0,0,0,0,0,0,0,0,0,0,0
2033,1,0,1,1,0,0,0,0,0,0,0,0,0,0,0,0,0,0,0,0,0
2033,1,0,1,1,0,5,0,0,0,0,0,0,0,0,0,0,0,0,0,0,0
2033,1,0,1,1,0,10,0,0,0,0,0,0,0,0,0,0,0,0,0,0,0
2033,1,0,1,1,0,15,0,0,0,0,0,0,0,0,0,0,0,0,0,0,0
2033,1,0,1,1,0,20,9,9,1,0,0,0,1,7,4,0,0,2,0,0,0
2033,1,0,1,1,0,25,13,13,1,0,0,0,2,11,8,0,0,3,0,0,0
2033,1,0,1,1,0,30,12,12,1,0,1,1,1,10,9,2,0,3,0,0,0
2033,1,0,1,1,0,35,20,20,0,0,0,0,4,19,16,1,0,2,0,0,0
2033,1,0,1,1,0,40,19,19,4,0,0,0,1,18,11,2,0,1,0,0,0
2033,1,0,1,1,0,45,13,13,0,0,0,0,4,13,12,0,0,0,0,0,0
2033,1,0,1,1,0,50,14,14,3,0,0,0,5,13,9,3,0,1,0,0,0
2033,1,0,1,1,0,55,7,7,1,0,0,0,2,7,6,1,0,0,0,0,0
2033,1,0,1,1,0,60,16,16,1,0,0,0,0,5,5,0,0,3,0,0,0
2033,1,0,1,1,0,100,0,0,0,0,0,0,0,0,0,0,0,0,0,0,0
2033,1,0,1,1,1,0,0,0,0,0,0,0,0,0,0,0,0,0,0,0,0
2033,1,0,1,1,1,5,0,0,0,0,0,0,0,0,0,0,0,0,0,0,0
2033,1,0,1,1,1,10,0,0,0,0,0,0,0,0,0,0,0,0,0,0,0
2033,1,0,1,1,1,15,1,1,0,1,0,0,1,1,1,0,0,0,0,0,0
2033,1,0,1,1,1,20,4,4,0,4,0,0,4,4,4,0,0,0,0,0,0
2033,1,0,1,1,1,25,15,15,0,15,0,0,15,15,15,0,0,1,0,0,0
2033,1,0,1,1,1,30,41,41,0,41,1,1,41,41,41,0,0,2,0,0,0
2033,1,0,1,1,1,35,48,48,0,48,0,0,48,47,47,0,0,1,0,0,0
2033,1,0,1,1,1,40,59,59,0,59,0,0,59,58,57,0,0,1,0,0,0
2033,1,0,1,1,1,45,86,86,0,86,2,2,86,79,77,0,0,0,0,0,0
2033,1,0,1,1,1,50,97,97,0,97,1,0,97,86,75,0,0,2,0,0,0
2033,1,0,1,1,1,55,69,69,0,69,0,0,69,56,48,0,0,0,0,0,0
2033,1,0,1,1,1,60,74,74,0,74,3,0,74,9,9,0,0,1,0,0,0
2033,1,0,1,1,1,100,0,0,0,0,0,0,0,0,0,0,0,0,0,0,0
2033,1,1,0,0,0,0,6031,0,0,0,9,0,453,2003,0,0,212,0,0,0,0
2033,1,1,0,0,0,5,5834,0,0,0,0,0,0,2014,0,0,0,0,0,0,0
2033,1,1,0,0,0,10,5800,0,0,0,0,0,99,2008,0,0,130,0,0,0,0
2033,1,1,0,0,0,15,5515,0,0,0,1,0,1328,3285,0,0,1014,0,0,0,0
2033,1,1,0,0,0,20,4697,0,0,0,2,0,2354,4011,0,0,1847,0,0,0,0
2033,1,1,0,0,0,25,3797,0,0,0,2,0,2391,3651,0,0,1814,0,0,0,0
2033,1,1,0,0,0,30,3118,0,0,0,0,0,2045,3086,0,0,1578,0,0,0,0
2033,1,1,0,0,0,35,2537,0,0,0,0,0,1708,2531,0,0,1252,0,0,0,0
2033,1,1,0,0,0,40,2088,0,0,0,6,0,1380,2086,0,0,1030,0,0,0,0
2033,1,1,0,0,0,45,1519,0,0,0,0,0,1008,1518,0,0,738,0,0,0,0
2033,1,1,0,0,0,50,978,0,0,0,1,0,650,978,0,0,440,0,0,0,0
2033,1,1,0,0,0,55,594,0,0,0,3,0,210,522,0,0,156,0,0,0,0
2033,1,1,0,0,0,60,1679,0,0,0,32,0,42,373,0,0,28,0,0,0,0
2033,1,1,0,0,0,100,7,0,0,0,2,0,0,0,0,0,0,0,0,0,0
2033,1,1,0,0,1,0,0,0,0,0,0,0,0,0,0,0,0,0,0,0,0
2033,1,1,0,0,1,5,0,0,0,0,0,0,0,0,0,0,0,0,0,0,0
2033,1,1,0,0,1,10,0,0,0,0,0,0,0,0,0,0,0,0,0,0,0
2033,1,1,0,0,1,15,0,0,0,0,0,0,0,0,0,0,0,0,0,0,0
2033,1,1,0,0,1,20,0,0,0,0,0,0,0,0,0,0,0,0,0,0,0
2033,1,1,0,0,1,25,0,0,0,0,0,0,0,0,0,0,0,0,0,0,0
2033,1,1,0,0,1,30,0,0,0,0,0,0,0,0,0,0,0,0,0,0,0
2033,1,1,0,0,1,35,0,0,0,0,0,0,0,0,0,0,0,0,0,0,0
2033,1,1,0,0,1,40,0,0,0,0,0,0,0,0,0,0,0,0,0,0,0
2033,1,1,0,0,1,45,0,0,0,0,0,0,0,0,0,0,0,0,0,0,0
2033,1,1,0,0,1,50,0,0,0,0,0,0,0,0,0,0,0,0,0,0,0
2033,1,1,0,0,1,55,0,0,0,0,0,0,0,0,0,0,0,0,0,0,0
2033,1,1,0,0,1,60,0,0,0,0,0,0,0,0,0,0,0,0,0,0,0
2033,1,1,0,0,1,100,0,0,0,0,0,0,0,0,0,0,0,0,0,0,0
2033,1,1,0,1,0,0,16,16,7,0,2,1,0,1,1,1,0,0,0,0,0
2033,1,1,0,1,0,5,15,15,0,0,0,0,0,1,1,0,0,0,0,0,0
2033,1,1,0,1,0,10,20,20,6,0,3,3,3,6,5,3,0,0,0,0,0
2033,1,1,0,1,0,15,97,97,31,0,1,1,22,56,18,12,0,16,0,0,0
2033,1,1,0,1,0,20,211,211,35,0,0,0,51,168,74,41,0,23,0,0,0
2033,1,1,0,1,0,25,217,217,41,0,0,0,65,202,121,35,0,7,0,0,0
2033,1,1,0,1,0,30,218,218,32,0,2,2,51,206,134,43,0,7,0,0,0
2033,1,1,0,1,0,35,192,192,29,0,0,0,35,181,117,12,0,12,0,0,0
2033,1,1,0,1,0,40,130,130,8,0,0,0,16,125,85,14,0,5,0,0,0
2033,1,1,0,1,0,45,183,183,13,0,4,4,12,176,128,6,0,5,0,0,0
2033,1,1,0,1,0,50,162,162,8,0,0,0,14,150,115,13,0,7,0,0,0
2033,1,1,0,1,0,55,95,95,5,0,2,1,9,76,57,8,0,7,0,0,0
2033,1,1,0,1,0,60,151,151,9,0,4,3,7,71,53,11,0,5,0,0,0
2033,1,1,0,1,0,100,0,0,0,0,0,0,0,0,0,0,0,0,0,0,0
2033,1,1,0,1,1,0,12,12,0,12,0,0,12,12,12,0,0,0,0,0,0
2033,1,1,0,1,1,5,7,7,0,7,0,0,7,7,7,0,0,0,0,0,0
2033,1,1,0,1,1,10,10,10,0,10,1,1,10,10,10,0,0,0,0,0,0
2033,1,1,0,1,1,15,78,78,0,78,0,0,78,70,63,0,0,2,0,0,0
2033,1,1,0,1,1,20,413,413,0,413,1,1,413,378,322,0,0,6,0,0,0
2033,1,1,0,1,1,25,797,797,0,797,2,2,797,715,601,0,0,7,0,0,0
2033,1,1,0,1,1,30,1185,1185,0,1185,4,3,1185,1097,897,0,0,10,0,0,0
2033,1,1,0,1,1,35,1465,1465,0,1465,2,2,1465,1388,1115,0,0,13,0,0,0
2033,1,1,0,1,1,40,1876,1876,0,1876,6,2,1876,1776,1351,0,0,6,0,0,0
2033,1,1,0,1,1,45,1732,1732,0,1732,4,3,1732,1611,1267,0,0,6,0,0,0
2033,1,1,0,1,1,50,1451,1451,0,1451,5,1,1451,1319,1061,0,0,6,0,0,0
2033,1,1,0,1,1,55,935,935,0,935,5,3,935,732,595,0,0,1,0,0,0
2033,1,1,0,1,1,60,1117,1117,0,1117,11,3,1117,511,415,0,0,2,0,0,0
2033,1,1,0,1,1,100,0,0,0,0,1,0,0,0,0,0,0,0,0,0,0
2033.5,1,0,0,0,0,0,5865,0,0,0,23,0,445,1938,0,0,194,0,0,0,0
2033.5,1,0,0,0,0,5,5704,0,0,0,1,0,0,1979,0,0,0,0,0,0,1
2033.5,1,0,0,0,0,10,5829,0,0,0,1,0,2,1995,0,0,2,0,0,0,8
2033.5,1,0,0,0,0,15,5567,0,0,0,4,0,485,2253,0,0,446,0,0,0,25
2033.5,1,0,0,0,0,20,4783,0,0,0,3,0,1930,3378,0,0,1430,0,0,0,18
2033.5,1,0,0,0,0,25,3936,0,0,0,2,0,2237,3338,0,0,1622,0,0,0,18
2033.5,1,0,0,0,0,30,3258,0,0,0,1,0,2015,3046,0,0,1404,0,0,0,4
2033.5,1,0,0,0,0,35,2819,0,0,0,5,0,1838,2748,0,0,1312,0,0,0,0
2033.5,1,0,0,0,0,40,2362,0,0,0,6,0,1541,2332,0,0,1083,0,0,0,0
2033.5,1,0,0,0,0,45,1822,0,0,0,4,0,1213,1815,0,0,878,0,0,0,0
2033.5,1,0,0,0,0,50,1214,0,0,0,8,0,812,1210,0,0,533,0,0,0,0
2033.5,1,0,0,0,0,55,746,0,0,0,5,0,496,722,0,0,342,0,0,0,0
2033.5,1,0,0,0,0,60,1125,0,0,0,24,0,70,101,0,0,44,0,0,0,0
2033.5,1,0,0,0,0,100,1,0,0,0,0,0,0,0,0,0,0,0,0,0,0
2033.5,1,0,0,0,1,0,0,0,0,0,0,0,0,0,0,0,0,0,0,0,0
2033.5,1,0,0,0,1,5,0,0,0,0,0,0,0,0,0,0,0,0,0,0,0
2033.5,1,0,0,0,1,10,0,0,0,0,0,0,0,0,0,0,0,0,0,0,0
2033.5,1,0,0,0,1,15,0,0,0,0,0,0,0,0,0,0,0,0,0,0,0
2033.5,1,0,0,0,1,20,0,0,0,0,0,0,0,0,0,0,0,0,0,0,0
2033.5,1,0,0,0,1,25,0,0,0,0,0,0,0,0,0,0,0,0,0,0,0
2033.5,1,0,0,0,1,30,0,0,0,0,0,0,0,0,0,0,0,0,0,0,0
2033.5,1,0,0,0,1,35,0,0,0,0,0,0,0,0,0,0,0,0,0,0,0
2033.5,1,0,0,0,1,40,0,0,0,0,0,0,0,0,0,0,0,0,0,0,0
2033.5,1,0,0,0,1,45,0,0,0,0,0,0,0,0,0,0,0,0,0,0,0
2033.5,1,0,0,0,1,50,0,0,0,0,0,0,0,0,0,0,0,0,0,0,0
2033.5,1,0,0,0,1,55,0,0,0,0,0,0,0,0,0,0,0,0,0,0,0
2033.5,1,0,0,0,1,60,0,0,0,0,0,0,0,0,0,0,0,0,0,0,0
2033.5,1,0,0,0,1,100,0,0,0,0,0,0,0,0,0,0,0,0,0,0,0
2033.5,1,0,0,1,0,0,21,21,5,0,1,1,0,2,2,1,0,0,0,0,0
2033.5,1,0,0,1,0,5,22,22,0,0,0,0,0,5,5,0,0,0,0,0,0
2033.5,1,0,0,1,0,10,18,18,0,0,1,1,0,5,5,0,0,0,0,0,0
2033.5,1,0,0,1,0,15,16,16,4,0,1,1,2,11,7,3,0,2,0,0,0
2033.5,1,0,0,1,0,20,82,82,17,0,2,2,18,54,25,12,0,10,0,0,0
2033.5,1,0,0,1,0,25,147,147,16,0,0,0,33,107,78,28,0,23,0,0,0
2033.5,1,0,0,1,0,30,183,183,17,0,2,2,34,154,116,29,0,17,0,0,0
2033.5,1,0,0,1,0,35,188,188,14,0,2,2,40,175,145,31,0,13,0,0,0
2033.5,1,0,0,1,0,40,224,224,24,0,0,0,45,216,173,41,0,17,0,0,0
2033.5,1,0,0,1,0,45,142,142,11,0,2,1,22,135,104,9,0,7,0,0,0
2033.5,1,0,0,1,0,50,70,70,9,0,2,1,11,60,46,8,0,0,0,0,0
2033.5,1,0,0,1,0,55,59,59,8,0,1,1,5,46,35,7,0,0,0,0,0
2033.5,1,0,0,1,0,60,104,104,11,0,1,0,9,32,27,5,0,1,0,0,0
2033.5,1,0,0,1,0,100,0,0,0,0,0,0,0,0,0,0,0,0,0,0,0
2033.5,1,0,0,1,1,0,13,13,0,13,0,0,13,13,13,0,0,0,0,0,0
2033.5,1,0,0,1,1,5,6,6,0,6,0,0,6,6,6,0,0,0,0,0,0
2033.5,1,0,0,1,1,10,14,14,0,14,0,0,14,14,14,0,0,0,0,0,0
2033.5,1,0,0,1,1,15,10,10,0,10,0,0,10,10,10,0,0,0,0,0,0
2033.5,1,0,0,1,1,20,63,63,0,63,1,1,63,63,63,0,0,2,0,0,1
2033.5,1,0,0,1,1,25,217,217,0,217,0,0,217,217,217,0,0,12,0,0,0
2033.5,1,0,0,1,1,30,356,356,0,356,2,1,356,355,355,0,0,7,0,0,0
2033.5,1,0,0,1,1,35,571,571,0,571,2,2,571,559,555,0,0,13,0,0,0
2033.5,1,0,0,1,1,40,705,705,0,705,4,3,705,699,691,0,0,16,0,0,0
2033.5,1,0,0,1,1,45,900,900,0,900,7,6,900,864,808,0,0,8,0,0,0
2033.5,1,0,0,1,1,50,838,838,0,838,7,3,838,752,652,0,0,11,0,0,0
2033.5,1,0,0,1,1,55,653,653,0,653,7,1,653,510,431,0,0,3,0,0,0
2033.5,1,0,0,1,1,60,910,910,0,910,19,1,910,234,219,0,0,5,0,0,0
2033.5,1,0,0,1,1,100,0,0,0,0,0,0,0,0,0,0,0,0,0,0,0
2033.5,1,0,1,0,0,0,0,0,0,0,0,0,0,0,0,0,0,0,0,0,0
2033.5,1,0,1,0,0,5,3,0,0,0,0,0,0,1,0,0,0,0,0,0,0
2033.5,1,0,1,0,0,10,28,0,0,0,0,0,0,10,0,0,0,0,0,0,0
2033.5,1,0,1,0,0,15,141,0,0,0,0,0,21,56,0,0,17,0,0,0,0
2033.5,1,0,1,0,0,20,349,0,0,0,1,0,156,244,0,0,108,0,0,0,0
2033.5,1,0,1,0,0,25,520,0,0,0,0,0,300,444,0,0,214,0,0,0,0
2033.5,1,0,1,0,0,30,442,0,0,0,1,0,274,414,0,0,191,0,0,0,0
2033.5,1,0,1,0,0,35,436,0,0,0,0,0,272,421,0,0,194,0,0,0,0
2033.5,1,0,1,0,0,40,377,0,0,0,2,0,258,373,0,0,199,0,0,0,0
2033.5,1,0,1,0,0,45,293,0,0,0,1,0,192,288,0,0,146,0,0,0,0
2033.5,1,0,1,0,0,50,205,0,0,0,1,0,138,203,0,0,112,0,0,0,0
2033.5,1,0,1,0,0,55,131,0,0,0,1,0,85,128,0,0,54,0,0,0,0
2033.5,1,0,1,0,0,60,201,0,0,0,2,0,11,16,0,0,8,0,0,0,0
2033.5,1,0,1,0,0,100,0,0,0,0,0,0,0,0,0,0,0,0,0,0,0
2033.5,1,0,1,0,1,0,0,0,0,0,0,0,0,0,0,0,0,0,0,0,0
2033.5,1,0,1,0,1,5,0,0,0,0,0,0,0,0,0,0,0,0,0,0,0
2033.5,1,0,1,0,1,10,0,0,0,0,0,0,0,0,0,0,0,0,0,0,0
2033.5,1,0,1,0,1,15,0,0,0,0,0,0,0,0,0,0,0,0,0,0,0
2033.5,1,0,1,0,1,20,0,0,0,0,0,0,0,0,0,0,0,0,0,0,0
2033.5,1,0,1,0,1,25,0,0,0,0,0,0,0,0,0,0,0,0,0,0,0
2033.5,1,0,1,0,1,30,0,0,0,0,0,0,0,0,0,0,0,0,0,0,0
2033.5,1,0,1,0,1,35,0,0,0,0,0,0,0,0,0,0,0,0,0,0,0
2033.5,1,0,1,0,1,40,0,0,0,0,0,0,0,0,0,0,0,0,0,0,0
2033.5,1,0,1,0,1,45,0,0,0,0,0,0,0,0,0,0,0,0,0,0,0
2033.5,1,0,1,0,1,50,0,0,0,0,0,0,0,0,0,0,0,0,0,0,0
2033.5,1,0,1,0,1,55,0,0,0,0,0,0,0,0,0,0,0,0,0,0,0
2033.5,1,0,1,0,1,60,0,0,0,0,0,0,0,0,0,0,0,0,0,0,0
2033.5,1,0,1,0,1,100,0,0,0,0,0,0,0,0,0,0,0,0,0,0,0
2033.5,1,0,1,1,0,0,0,0,0,0,0,0,0,0,0,0,0,0,0,0,0
2033.5,1,0,1,1,0,5,0,0,0,0,0,0,0,0,0,0,0,0,0,0,0
2033.5,1,0,1,1,0,10,0,0,0,0,0,0,0,0,0,0,0,0,0,0,0
2033.5,1,0,1,1,0,15,0,0,0,0,0,0,0,0,0,0,0,0,0,0,0
2033.5,1,0,1,1,0,20,6,6,0,0,0,0,1,5,3,0,0,2,0,0,0
2033.5,1,0,1,1,0,25,16,16,4,0,0,0,2,13,7,2,0,4,0,0,0
2033.5,1,0,1,1,0,30,14,14,1,0,0,0,1,12,10,0,0,3,0,0,0
2033.5,1,0,1,1,0,35,22,22,2,0,0,0,5,21,19,4,0,2,0,0,0
2033.5,1,0,1,1,0,40,18,18,3,0,0,0,5,17,12,5,0,1,0,0,0
2033.5,1,0,1,1,0,45,14,14,1,0,0,0,2,14,11,1,0,1,0,0,0
2033.5,1,0,1,1,0,50,12,12,1,0,0,0,3,11,8,2,0,0,0,0,0
2033.5,1,0,1,1,0,55,7,7,0,0,2,1,0,7,7,0,0,1,0,0,0
2033.5,1,0,1,1,0,60,14,14,0,0,0,0,2,6,5,1,0,2,0,0,0
2033.5,1,0,1,1,0,100,0,0,0,0,0,0,0,0,0,0,0,0,0,0,0
2033.5,1,0,1,1,1,0,0,0,0,0,0,0,0,0,0,0,0,0,0,0,0
2033.5,1,0,1,1,1,5,0,0,0,0,0,0,0,0,0,0,0,0,0,0,0
2033.5,1,0,1,1,1,10,0,0,0,0,0,0,0,0,0,0,0,0,0,0,0
2033.5,1,0,1,1,1,15,1,1,0,1,0,0,1,1,1,0,0,0,0,0,0
2033.5,1,0,1,1,1,20,5,5,0,5,0,0,5,5,5,0,0,0,0,0,0
2033.5,1,0,1,1,1,25,15,15,0,15,1,1,15,15,15,0,0,1,0,0,0
2033.5,1,0,1,1,1,30,36,36,0,36,1,1,36,36,36,0,0,2,0,0,0
2033.5,1,0,1,1,1,35,46,46,0,46,0,0,46,45,45,0,0,0,0,0,0
2033.5,1,0,1,1,1,40,61,61,0,61,0,0,61,61,60,0,0,2,0,0,0
2033.5,1,0,1,1,1,45,87,87,0,87,1,1,87,79,77,0,0,3,0,0,0
2033.5,1,0,1,1,1,50,97,97,0,97,1,1,97,88,76,0,0,0,0,0,0
2033.5,1,0,1,1,1,55,68,68,0,68,0,0,68,56,49,0,0,1,0,0,0
2033.5,1,0,1,1,1,60,81,81,0,81,2,0,81,12,11,0,0,1,0,0,0
2033.5,1,0,1,1,1,100,0,0,0,0,0,0,0,0,0,0,0,0,0,0,0
2033.5,1,1,0,0,0,0,6044,0,0,0,10,0,430,1991,0,0,187,0,0,0,0
2033.5,1,1,0,0,0,5,5819,0,0,0,0,0,0,2015,0,0,0,0,0,0,0
2033.5,1,1,0,0,0,10,5880,0,0,0,0,0,99,2035,0,0,105,0,0,0,0
2033.5,1,1,0,0,0,15,5511,0,0,0,3,0,1369,3291,0,0,1051,0,0,0,0
2033.5,1,1,0,0,0,20,4750,0,0,0,4,0,2362,4058,0,0,1777,0,0,0,0
2033.5,1,1,0,0,0,25,3808,0,0,0,0,0,2382,3667,0,0,1824,0,0,0,0
2033.5,1,1,0,0,0,30,3181,0,0,0,1,0,2089,3152,0,0,1559,0,0,0,0
2033.5,1,1,0,0,0,35,2562,0,0,0,1,0,1705,2556,0,0,1243,0,0,0,0
2033.5,1,1,0,0,0,40,2103,0,0,0,4,0,1399,2101,0,0,1041,0,0,0,0
2033.5,1,1,0,0,0,45,1573,0,0,0,4,0,1053,1572,0,0,738,0,0,0,0
2033.5,1,1,0,0,0,50,1011,0,0,0,3,0,669,1011,0,0,485,0,0,0,0
2033.5,1,1,0,0,0,55,624,0,0,0,4,0,252,561,0,0,165,0,0,0,0
2033.5,1,1,0,0,0,60,1681,0,0,0,36,0,60,402,0,0,46,0,0,0,0
2033.5,1,1,0,0,0,100,5,0,0,0,0,0,0,0,0,0,0,0,0,0,0
2033.5,1,1,0,0,1,0,0,0,0,0,0,0,0,0,0,0,0,0,0,0,0
2033.5,1,1,0,0,1,5,0,0,0,0,0,0,0,0,0,0,0,0,0,0,0
2033.5,1,1,0,0,1,10,0,0,0,0,0,0,0,0,0,0,0,0,0,0,0
2033.5,1,1,0,0,1,15,0,0,0,0,0,0,0,0,0,0,0,0,0,0,0
2033.5,1,1,0,0,1,20,0,0,0,0,0,0,0,0,0,0,0,0,0,0,0
2033.5,1,1,0,0,1,25,0,0,0,0,0,0,0,0,0,0,0,0,0,0,0
2033.5,1,1,0,0,1,30,0,0,0,0,0,0,0,0,0,0,0,0,0,0,0
2033.5,1,1,0,0,1,35,0,0,0,0,0,0,0,0,0,0,0,0,0,0,0
2033.5,1,1,0,0,1,40,0,0,0,0,0,0,0,0,0,0,0,0,0,0,0
2033.5,1,1,0,0,1,45,0,0,0,0,0,0,0,0,0,0,0,0,0,0,0
2033.5,1,1,0,0,1,50,0,0,0,0,0,0,0,0,0,0,0,0,0,0,0
2033.5,1,1,0,0,1,55,0,0,0,0,0,0,0,0,0,0,0,0,0,0,0
2033.5,1,1,0,0,1,60,0,0,0,0,0,0,0,0,0,0,0,0,0,0,0
2033.5,1,1,0,0,1,100,0,0,0,0,0,0,0,0,0,0,0,0,0,0,0
2033.5,1,1,0,1,0,0,18,18,6,0,2,2,4,4,4,5,0,0,0,0,0
2033.5,1,1,0,1,0,5,12,12,0,0,1,1,0,2,2,0,0,0,0,0,0
2033.5,1,1,0,1,0,10,21,21,2,0,0,0,1,5,4,2,0,1,0,0,0
2033.5,1,1,0,1,0,15,83,83,22,0,1,1,15,50,21,15,0,13,0,0,0
2033.5,1,1,0,1,0,20,213,213,44,0,1,0,55,174,73,38,0,21,0,0,0
2033.5,1,1,0,1,0,25,212,212,30,0,2,2,60,200,122,51,0,9,0,0,0
2033.5,1,1,0,1,0,30,223,223,33,0,5,5,52,214,142,39,0,12,0,0,0
2033.5,1,1,0,1,0,35,176,176,28,0,3,3,31,169,102,18,0,10,0,0,0
2033.5,1,1,0,1,0,40,108,108,8,0,0,0,10,101,64,7,0,8,0,0,0
2033.5,1,1,0,1,0,45,181,181,12,0,1,1,15,175,129,18,0,7,0,0,0
2033.5,1,1,0,1,0,50,166,166,6,0,1,1,11,154,121,10,0,3,0,0,0
2033.5,1,1,0,1,0,55,92,92,2,0,2,2,7,78,63,11,0,1,0,0,0
2033.5,1,1,0,1,0,60,153,153,6,0,7,3,6,73,52,11,0,3,0,0,0
2033.5,1,1,0,1,0,100,0,0,0,0,0,0,0,0,0,0,0,0,0,0,0
2033.5,1,1,0,1,1,0,12,12,0,12,0,0,12,12,12,0,0,0,0,0,0
2033.5,1,1,0,1,1,5,8,8,0,8,0,0,8,8,8,0,0,0,0,0,0
2033.5,1,1,0,1,1,10,10,10,0,10,0,0,10,10,10,0,0,0,0,0,0
2033.5,1,1,0,1,1,15,83,83,0,83,1,1,83,71,60,0,0,2,0,0,0
2033.5,1,1,0,1,1,20,394,394,0,394,2,1,394,360,309,0,0,6,0,0,0
2033.5,1,1,0,1,1,25,792,792,0,792,3,3,792,707,602,0,0,3,0,0,0
2033.5,1,1,0,1,1,30,1171,1171,0,1171,2,1,1171,1086,881,0,0,5,0,0,0
2033.5,1,1,0,1,1,35,1506,1506,0,1506,5,4,1506,1423,1140,0,0,9,0,0,0
2033.5,1,1,0,1,1,40,1864,1864,0,1864,2,1,1864,1758,1347,0,0,11,0,0,0
2033.5,1,1,0,1,1,45,1762,1762,0,1762,3,2,1762,1651,1288,0,0,9,0,0,0
2033.5,1,1,0,1,1,50,1498,1498,0,1498,8,4,1498,1364,1100,0,0,4,0,0,0
2033.5,1,1,0,1,1,55,985,985,0,985,3,1,985,800,638,0,0,1,0,0,0
2033.5,1,1,0,1,1,60,1180,1180,0,1180,13,3,1180,556,454,0,0,5,0,0,0
2033.5,1,1,0,1,1,100,0,0,0,0,0,0,0,0,0,0,0,0,0,0,0
2034,1,0,0,0,0,0,5862,0,0,0,15,0,431,1928,0,0,208,0,0,0,0
2034,1,0,0,0,0,5,5744,0,0,0,0,0,0,1989,0,0,0,0,0,0,1
2034,1,0,0,0,0,10,5822,0,0,0,2,0,1,1997,0,0,1,0,0,0,6
2034,1,0,0,0,0,15,5592,0,0,0,8,0,454,2255,0,0,433,0,0,0,16
2034,1,0,0,0,0,20,4834,0,0,0,2,0,1947,3438,0,0,1474,0,0,0,13
2034,1,0,0,0,0,25,4000,0,0,0,3,0,2236,3410,0,0,1629,0,0,0,13
2034,1,0,0,0,0,30,3238,0,0,0,5,0,1968,3040,0,0,1479,0,0,0,1
2034,1,0,0,0,0,35,2850,0,0,0,4,0,1847,2779,0,0,1360,0,0,0,0
2034,1,0,0,0,0,40,2414,0,0,0,2,0,1558,2383,0,0,1078,0,0,0,0
2034,1,0,0,0,0,45,1849,0,0,0,10,0,1225,1843,0,0,945,0,0,0,0
2034,1,0,0,0,0,50,1238,0,0,0,11,0,793,1235,0,0,581,0,0,0,0
2034,1,0,0,0,0,55,769,0,0,0,5,0,503,753,0,0,338,0,0,0,0
2034,1,0,0,0,0,60,1147,0,0,0,34,0,101,152,0,0,60,0,0,0,0
2034,1,0,0,0,0,100,1,0,0,0,0,0,0,0,0,0,0,0,0,0,0
2034,1,0,0,0,1,0,0,0,0,0,0,0,0,0,0,0,0,0,0,0,0
2034,1,0,0,0,1,5,0,0,0,0,0,0,0,0,0,0,0,0,0,0,0
2034,1,0,0,0,1,10,0,0,0,0,0,0,0,0,0,0,0,0,0,0,0
2034,1,0,0,0,1,15,0,0,0,0,0,0,0,0,0,0,0,0,0,0,0
2034,1,0,0,0,1,20,0,0,0,0,0,0,0,0,0,0,0,0,0,0,0
2034,1,0,0,0,1,25,0,0,0,0,0,0,0,0,0,0,0,0,0,0,0
2034,1,0,0,0,1,30,0,0,0,0,0,0,0,0,0,0,0,0,0,0,0
2034,1,0,0,0,1,35,0,0,0,0,0,0,0,0,0,0,0,0,0,0,0
2034,1,0,0,0,1,40,0,0,0,0,0,0,0,0,0,0,0,0,0,0,0
2034,1,0,0,0,1,45,0,0,0,0,0,0,0,0,0,0,0,0,0,0,0
2034,1,0,0,0,1,50,0,0,0,0,0,0,0,0,0,0,0,0,0,0,0
2034,1,0,0,0,1,55,0,0,0,0,0,0,0,0,0,0,0,0,0,0,0
2034,1,0,0,0,1,60,0,0,0,0,0,0,0,0,0,0,0,0,0,0,0
2034,1,0,0,0,1,100,0,0,0,0,0,0,0,0,0,0,0,0,0,0,0
2034,1,0,0,1,0,0,21,21,2,0,2,2,0,2,2,0,0,0,0,0,0
2034,1,0,0,1,0,5,22,22,0,0,0,0,0,5,5,0,0,0,0,0,0
2034,1,0,0,1,0,10,19,19,0,0,0,0,0,5,5,0,0,0,0,0,0
2034,1,0,0,1,0,15,13,13,3,0,1,1,2,10,5,1,0,0,0,0,0
2034,1,0,0,1,0,20,77,77,17,0,1,1,15,48,19,11,0,11,0,0,1
2034,1,0,0,1,0,25,148,148,31,0,2,2,34,110,67,21,0,26,0,0,0
2034,1,0,0,1,0,30,186,186,23,0,2,2,36,158,118,32,0,33,0,0,0
2034,1,0,0,1,0,35,200,200,17,0,3,3,39,184,153,27,0,17,0,0,0
2034,1,0,0,1,0,40,214,214,20,0,6,6,39,210,171,44,0,17,0,0,0
2034,1,0,0,1,0,45,161,161,24,0,1,0,35,153,119,21,0,10,0,0,0
2034,1,0,0,1,0,50,93,93,14,0,4,4,17,83,62,4,0,4,0,0,0
2034,1,0,0,1,0,55,60,60,6,0,1,0,6,49,34,7,0,2,0,0,0
2034,1,0,0,1,0,60,108,108,4,0,3,1,6,33,30,6,0,3,0,0,0
2034,1,0,0,1,0,100,0,0,0,0,0,0,0,0,0,0,0,0,0,0,0
2034,1,0,0,1,1,0,11,11,0,11,0,0,11,11,11,0,0,0,0,0,0
2034,1,0,0,1,1,5,7,7,0,7,0,0,7,7,7,0,0,0,0,0,0
2034,1,0,0,1,1,10,13,13,0,13,0,0,13,13,13,0,0,0,0,0,0
2034,1,0,0,1,1,15,11,11,0,11,0,0,11,11,11,0,0,0,0,0,0
2034,1,0,0,1,1,20,61,61,0,61,0,0,61,61,61,0,0,1,0,0,1
2034,1,0,0,1,1,25,221,221,0,221,2,1,221,221,221,0,0,5,0,0,1
2034,1,0,0,1,1,30,355,355,0,355,2,1,355,354,354,0,0,7,0,0,0
2034,1,0,0,1,1,35,549,549,0,549,0,0,549,538,534,0,0,12,0,0,0
2034,1,0,0,1,1,40,714,714,0,714,6,3,714,708,701,0,0,17,0,0,0
2034,1,0,0,1,1,45,887,887,0,887,6,5,887,861,801,0,0,10,0,0,0
2034,1,0,0,1,1,50,842,842,0,842,5,2,842,758,662,0,0,5,0,0,0
2034,1,0,0,1,1,55,673,673,0,673,5,2,673,544,455,0,0,5,0,0,0
2034,1,0,0,1,1,60,943,943,0,943,27,4,943,266,245,0,0,10,0,0,0
2034,1,0,0,1,1,100,0,0,0,0,0,0,0,0,0,0,0,0,0,0,0
2034,1,0,1,0,0,0,0,0,0,0,0,0,0,0,0,0,0,0,0,0,0
2034,1,0,1,0,0,5,2,0,0,0,0,0,0,0,0,0,0,0,0,0,0
2034,1,0,1,0,0,10,30,0,0,0,0,0,0,8,0,0,0,0,0,0,0
2034,1,0,1,0,0,15,142,0,0,0,0,0,14,54,0,0,11,0,0,0,0
2034,1,0,1,0,0,20,344,0,0,0,0,0,141,244,0,0,106,0,0,0,0
2034,1,0,1,0,0,25,511,0,0,0,1,0,280,434,0,0,196,0,0,0,0
2034,1,0,1,0,0,30,462,0,0,0,0,0,299,434,0,0,210,0,0,0,0
2034,1,0,1,0,0,35,432,0,0,0,0,0,285,417,0,0,240,0,0,0,0
2034,1,0,1,0,0,40,382,0,0,0,1,0,261,377,0,0,185,0,0,0,0
2034,1,0,1,0,0,45,300,0,0,0,1,0,206,295,0,0,140,0,0,0,0
2034,1,0,1,0,0,50,206,0,0,0,1,0,139,205,0,0,104,0,0,0,0
2034,1,0,1,0,0,55,141,0,0,0,2,0,99,139,0,0,67,0,0,0,0
2034,1,0,1,0,0,60,205,0,0,0,6,0,18,25,0,0,10,0,0,0,0
2034,1,0,1,0,0,100,0,0,0,0,0,0,0,0,0,0,0,0,0,0,0
2034,1,0,1,0,1,0,0,0,0,0,0,0,0,0,0,0,0,0,0,0,0
2034,1,0,1,0,1,5,0,0,0,0,0,0,0,0,0,0,0,0,0,0,0
2034,1,0,1,0,1,10,0,0,0,0,0,0,0,0,0,0,0,0,0,0,0
2034,1,0,1,0,1,15,0,0,0,0,0,0,0,0,0,0,0,0,0,0,0
2034,1,0,1,0,1,20,0,0,0,0,0,0,0,0,0,0,0,0,0,0,0
2034,1,0,1,0,1,25,0,0,0,0,0,0,0,0,0,0,0,0,0,0,0
2034,1,0,1,0,1,30,0,0,0,0,0,0,0,0,0,0,0,0,0,0,0
2034,1,0,1,0,1,35,0,0,0,0,0,0,0,0,0,0,0,0,0,0,0
2034,1,0,1,0,1,40,0,0,0,0,0,0,0,0,0,0,0,0,0,0,0
2034,1,0,1,0,1,45,0,0,0,0,0,0,0,0,0,0,0,0,0,0,0
2034,1,0,1,0,1,50,0,0,0,0,0,0,0,0,0,0,0,0,0,0,0
2034,1,0,1,0,1,55,0,0,0,0,0,0,0,0,0,0,0,0,0,0,0
2034,1,0,1,0,1,60,0,0,0,0,0,0,0,0,0,0,0,0,0,0,0
2034,1,0,1,0,1,100,0,0,0,0,0,0,0,0,0,0,0,0,0,0,0
2034,1,0,1,1,0,0,0,0,0,0,0,0,0,0,0,0,0,0,0,0,0
2034,1,0,1,1,0,5,0,0,0,0,0,0,0,0,0,0,0,0,0,0,0
2034,1,0,1,1,0,10,0,0,0,0,0,0,0,0,0,0,0,0,0,0,0
2034,1,0,1,1,0,15,0,0,0,0,0,0,0,0,0,0,0,0,0,0,0
2034,1,0,1,1,0,20,6,6,0,0,0,0,0,4,3,0,0,0,0,0,0
2034,1,0,1,1,0,25,17,17,2,0,0,0,4,14,9,3,0,4,0,0,0
2034,1,0,1,1,0,30,16,16,2,0,0,0,5,14,11,3,0,3,0,0,0
2034,1,0,1,1,0,35,18,18,0,0,2,2,0,18,17,0,0,2,0,0,0
2034,1,0,1,1,0,40,17,17,1,0,0,0,3,16,12,2,0,1,0,0,0
2034,1,0,1,1,0,45,10,10,0,0,0,0,1,10,7,1,0,2,0,0,0
2034,1,0,1,1,0,50,10,10,3,0,2,1,1,9,5,0,0,0,0,0,0
2034,1,0,1,1,0,55,9,9,0,0,0,0,0,7,7,0,0,0,0,0,0
2034,1,0,1,1,0,60,11,11,0,0,0,0,1,5,5,1,0,0,0,0,0
2034,1,0,1,1,0,100,0,0,0,0,0,0,0,0,0,0,0,0,0,0,0
2034,1,0,1,1,1,0,0,0,0,0,0,0,0,0,0,0,0,0,0,0,0
2034,1,0,1,1,1,5,0,0,0,0,0,0,0,0,0,0,0,0,0,0,0
2034,1,0,1,1,1,10,0,0,0,0,0,0,0,0,0,0,0,0,0,0,0
2034,1,0,1,1,1,15,1,1,0,1,0,0,1,1,1,0,0,0,0,0,0
2034,1,0,1,1,1,20,5,5,0,5,0,0,5,5,5,0,0,1,0,0,0
2034,1,0,1,1,1,25,15,15,0,15,0,0,15,15,15,0,0,0,0,0,0
2034,1,0,1,1,1,30,35,35,0,35,0,0,35,35,35,0,0,1,0,0,0
2034,1,0,1,1,1,35,47,47,0,47,0,0,47,47,46,0,0,0,0,0,0
2034,1,0,1,1,1,40,63,63,0,63,0,0,63,62,61,0,0,0,0,0,0
2034,1,0,1,1,1,45,80,80,0,80,1,1,80,74,71,0,0,0,0,0,0
2034,1,0,1,1,1,50,107,107,0,107,1,0,107,100,89,0,0,1,0,0,0
2034,1,0,1,1,1,55,66,66,0,66,0,0,66,54,45,0,0,1,0,0,0
2034,1,0,1,1,1,60,90,90,0,90,2,0,90,19,18,0,0,1,0,0,0
2034,1,0,1,1,1,100,0,0,0,0,0,0,0,0,0,0,0,0,0,0,0
2034,1,1,0,0,0,0,6017,0,0,0,14,0,408,1991,0,0,193,0,0,0,0
2034,1,1,0,0,0,5,5869,0,0,0,2,0,0,2000,0,0,0,0,0,0,0
2034,1,1,0,0,0,10,5852,0,0,0,4,0,112,2038,0,0,122,0,0,0,0
2034,1,1,0,0,0,15,5572,0,0,0,2,0,1414,3322,0,0,1028,0,0,0,0
2034,1,1,0,0,0,20,4777,0,0,0,2,0,2347,4067,0,0,1813,0,0,0,0
2034,1,1,0,0,0,25,3845,0,0,0,0,0,2351,3715,0,0,1848,0,0,0,0
2034,1,1,0,0,0,30,3213,0,0,0,1,0,2120,3183,0,0,1606,0,0,0,0
2034,1,1,0,0,0,35,2594,0,0,0,1,0,1689,2585,0,0,1208,0,0,0,0
2034,1,1,0,0,0,40,2135,0,0,0,4,0,1414,2133,0,0,1010,0,0,0,0
2034,1,1,0,0,0,45,1621,0,0,0,3,0,1060,1620,0,0,768,0,0,0,0
2034,1,1,0,0,0,50,1054,0,0,0,2,0,671,1054,0,0,466,0,0,0,0
2034,1,1,0,0,0,55,656,0,0,0,1,0,280,605,0,0,212,0,0,0,0
2034,1,1,0,0,0,60,1670,0,0,0,34,0,79,430,0,0,51,0,0,0,0
2034,1,1,0,0,0,100,5,0,0,0,0,0,0,0,0,0,0,0,0,0,0
2034,1,1,0,0,1,0,0,0,0,0,0,0,0,0,0,0,0,0,0,0,0
2034,1,1,0,0,1,5,0,0,0,0,0,0,0,0,0,0,0,0,0,0,0
2034,1,1,0,0,1,10,0,0,0,0,0,0,0,0,0,0,0,0,0,0,0
2034,1,1,0,0,1,15,0,0,0,0,0,0,0,0,0,0,0,0,0,0,0
2034,1,1,0,0,1,20,0,0,0,0,0,0,0,0,0,0,0,0,0,0,0
2034,1,1,0,0,1,25,0,0,0,0,0,0,0,0,0,0,0,0,0,0,0
2034,1,1,0,0,1,30,0,0,0,0,0,0,0,0,0,0,0,0,0,0,0
2034,1,1,0,0,1,35,0,0,0,0,0,0,0,0,0,0,0,0,0,0,0
2034,1,1,0,0,1,40,0,0,0,0,0,0,0,0,0,0,0,0,0,0,0
2034,1,1,0,0,1,45,0,0,0,0,0,0,0,0,0,0,0,0,0,0,0
2034,1,1,0,0,1,50,0,0,0,0,0,0,0,0,0,0,0,0,0,0,0
2034,1,1,0,0,1,55,0,0,0,0,0,0,0,0,0,0,0,0,0,0,0
2034,1,1,0,0,1,60,0,0,0,0,0,0,0,0,0,0,0,0,0,0,0
2034,1,1,0,0,1,100,0,0,0,0,0,0,0,0,0,0,0,0,0,0,0
2034,1,1,0,1,0,0,19,19,7,0,2,2,2,2,2,1,0,0,0,0,0
2034,1,1,0,1,0,5,12,12,0,0,0,0,0,2,2,0,0,0,0,0,0
2034,1,1,0,1,0,10,19,19,1,0,2,2,0,3,3,0,0,1,0,0,0
2034,1,1,0,1,0,15,90,90,30,0,2,2,16,54,22,10,0,16,0,0,0
2034,1,1,0,1,0,20,219,219,46,0,1,1,61,183,84,46,0,29,0,0,0
2034,1,1,0,1,0,25,205,205,35,0,0,0,63,191,114,45,0,15,0,0,0
2034,1,1,0,1,0,30,227,227,34,0,3,3,57,219,147,34,0,4,0,0,0
2034,1,1,0,1,0,35,188,188,21,0,1,1,36,180,108,19,0,8,0,0,0
2034,1,1,0,1,0,40,130,130,17,0,0,0,19,125,74,7,0,5,0,0,0
2034,1,1,0,1,0,45,175,175,8,0,2,1,20,170,126,20,0,9,0,0,0
2034,1,1,0,1,0,50,176,176,5,0,4,3,16,166,131,14,0,4,0,0,0
2034,1,1,0,1,0,55,96,96,1,0,3,2,9,83,73,8,0,3,0,0,0
2034,1,1,0,1,0,60,172,172,14,0,2,2,6,79,53,12,0,0,0,0,0
2034,1,1,0,1,0,100,0,0,0,0,0,0,0,0,0,0,0,0,0,0,0
2034,1,1,0,1,1,0,13,13,0,13,0,0,13,13,13,0,0,0,0,0,0
2034,1,1,0,1,1,5,9,9,0,9,0,0,9,9,9,0,0,0,0,0,0
2034,1,1,0,1,1,10,7,7,0,7,0,0,7,7,7,0,0,0,0,0,0
2034,1,1,0,1,1,15,77,77,0,77,2,2,77,66,60,0,0,3,0,0,0
2034,1,1,0,1,1,20,381,381,0,381,1,1,381,343,282,0,0,6,0,0,0
2034,1,1,0,1,1,25,773,773,0,773,2,2,773,692,602,0,0,8,0,0,0
2034,1,1,0,1,1,30,1176,1176,0,1176,2,2,1176,1088,879,0,0,10,0,0,0
2034,1,1,0,1,1,35,1484,1484,0,1484,0,0,1484,1399,1116,0,0,5,0,0,0
2034,1,1,0,1,1,40,1821,1821,0,1821,4,2,1821,1719,1321,0,0,17,0,0,0
2034,1,1,0,1,1,45,1810,1810,0,1810,2,1,1810,1702,1330,0,0,12,0,0,0
2034,1,1,0,1,1,50,1522,1522,0,1522,3,2,1522,1397,1114,0,0,8,0,0,0
2034,1,1,0,1,1,55,1028,1028,0,1028,2,0,1028,847,680,0,0,3,0,0,0
2034,1,1,0,1,1,60,1238,1238,0,1238,25,5,1238,611,502,0,0,1,0,0,0
2034,1,1,0,1,1,100,0,0,0,0,0,0,0,0,0,0,0,0,0,0,0
2034.5,1,0,0,0,0,0,5905,0,0,0,15,0,442,1947,0,0,212,0,0,0,0
2034.5,1,0,0,0,0,5,5756,0,0,0,2,0,0,1965,0,0,0,0,0,0,1
2034.5,1,0,0,0,0,10,5797,0,0,0,3,0,1,2015,0,0,2,0,0,0,10
2034.5,1,0,0,0,0,15,5628,0,0,0,2,0,442,2265,0,0,414,0,0,0,21
2034.5,1,0,0,0,0,20,4862,0,0,0,3,0,1958,3455,0,0,1533,0,0,0,23
2034.5,1,0,0,0,0,25,4036,0,0,0,2,0,2250,3482,0,0,1660,0,0,0,13
2034.5,1,0,0,0,0,30,3267,0,0,0,2,0,2036,3061,0,0,1518,0,0,0,0
2034.5,1,0,0,0,0,35,2860,0,0,0,4,0,1799,2790,0,0,1323,0,0,0,0
2034.5,1,0,0,0,0,40,2435,0,0,0,4,0,1599,2407,0,0,1174,0,0,0,0
2034.5,1,0,0,0,0,45,1903,0,0,0,7,0,1254,1897,0,0,930,0,0,0,0
2034.5,1,0,0,0,0,50,1269,0,0,0,7,0,807,1264,0,0,570,0,0,0,0
2034.5,1,0,0,0,0,55,804,0,0,0,6,0,529,792,0,0,374,0,0,0,0
2034.5,1,0,0,0,0,60,1168,0,0,0,25,0,130,204,0,0,71,0,0,0,0
2034.5,1,0,0,0,0,100,1,0,0,0,0,0,0,0,0,0,0,0,0,0,0
2034.5,1,0,0,0,1,0,0,0,0,0,0,0,0,0,0,0,0,0,0,0,0
2034.5,1,0,0,0,1,5,0,0,0,0,0,0,0,0,0,0,0,0,0,0,0
2034.5,1,0,0,0,1,10,0,0,0,0,0,0,0,0,0,0,0,0,0,0,0
2034.5,1,0,0,0,1,15,0,0,0,0,0,0,0,0,0,0,0,0,0,0,0
2034.5,1,0,0,0,1,20,0,0,0,0,0,0,0,0,0,0,0,0,0,0,0
2034.5,1,0,0,0,1,25,0,0,0,0,0,0,0,0,0,0,0,0,0,0,0
2034.5,1,0,0,0,1,30,0,0,0,0,0,0,0,0,0,0,0,0,0,0,0
2034.5,1,0,0,0,1,35,0,0,0,0,0,0,0,0,0,0,0,0,0,0,0
2034.5,1,0,0,0,1,40,0,0,0,0,0,0,0,0,0,0,0,0,0,0,0
2034.5,1,0,0,0,1,45,0,0,0,0,0,0,0,0,0,0,0,0,0,0,0
2034.5,1,0,0,0,1,50,0,0,0,0,0,0,0,0,0,0,0,0,0,0,0
2034.5,1,0,0,0,1,55,0,0,0,0,0,0,0,0,0,0,0,0,0,0,0
2034.5,1,0,0,0,1,60,0,0,0,0,0,0,0,0,0,0,0,0,0,0,0
2034.5,1,0,0,0,1,100,0,0,0,0,0,0,0,0,0,0,0,0,0,0,0
2034.5,1,0,0,1,0,0,23,23,6,0,0,0,2,4,4,2,0,0,0,0,0
2034.5,1,0,0,1,0,5,22,22,0,0,0,0,0,4,4,1,0,0,0,0,0
2034.5,1,0,0,1,0,10,17,17,0,0,0,0,0,6,6,1,0,0,0,0,0
2034.5,1,0,0,1,0,15,18,18,6,0,0,0,2,10,4,0,0,3,0,0,0
2034.5,1,0,0,1,0,20,78,78,14,0,1,1,17,53,23,14,0,20,0,0,1
2034.5,1,0,0,1,0,25,153,153,28,0,3,3,26,115,63,20,0,15,0,0,0
2034.5,1,0,0,1,0,30,180,180,17,0,4,3,32,156,115,27,0,32,0,0,0
2034.5,1,0,0,1,0,35,194,194,19,0,0,0,35,173,143,32,0,16,0,0,0
2034.5,1,0,0,1,0,40,204,204,26,0,6,4,46,200,159,32,0,12,0,0,0
2034.5,1,0,0,1,0,45,153,153,13,0,1,1,35,146,120,16,0,8,0,0,0
2034.5,1,0,0,1,0,50,90,90,10,0,0,0,12,84,56,6,0,4,0,0,0
2034.5,1,0,0,1,0,55,66,66,6,0,1,1,7,55,41,5,0,2,0,0,0
2034.5,1,0,0,1,0,60,111,111,8,0,7,3,5,35,32,5,0,2,0,0,0
2034.5,1,0,0,1,0,100,0,0,0,0,0,0,0,0,0,0,0,0,0,0,0
2034.5,1,0,0,1,1,0,11,11,0,11,0,0,11,11,11,0,0,0,0,0,0
2034.5,1,0,0,1,1,5,8,8,0,8,0,0,8,8,8,0,0,0,0,0,0
2034.5,1,0,0,1,1,10,12,12,0,12,0,0,12,12,12,0,0,0,0,0,0
2034.5,1,0,0,1,1,15,11,11,0,11,0,0,11,11,11,0,0,0,0,0,0
2034.5,1,0,0,1,1,20,56,56,0,56,1,1,56,56,56,0,0,2,0,0,1
2034.5,1,0,0,1,1,25,206,206,0,206,1,1,206,206,206,0,0,9,0,0,0
2034.5,1,0,0,1,1,30,364,364,0,364,2,1,364,364,364,0,0,7,0,0,0
2034.5,1,0,0,1,1,35,542,542,0,542,2,1,542,530,526,0,0,6,0,0,0
2034.5,1,0,0,1,1,40,728,728,0,728,5,3,728,722,713,0,0,11,0,0,0
2034.5,1,0,0,1,1,45,908,908,0,908,8,5,908,887,818,0,0,16,0,0,0
2034.5,1,0,0,1,1,50,867,867,0,867,6,3,867,785,692,0,0,3,0,0,0
2034.5,1,0,0,1,1,55,683,683,0,683,6,2,683,569,476,0,0,3,0,0,0
2034.5,1,0,0,1,1,60,982,982,0,982,23,5,982,298,273,0,0,10,0,0,0
2034.5,1,0,0,1,1,100,0,0,0,0,0,0,0,0,0,0,0,0,0,0,0
2034.5,1,0,1,0,0,0,0,0,0,0,0,0,0,0,0,0,0,0,0,0,0
2034.5,1,0,1,0,0,5,2,0,0,0,0,0,0,0,0,0,0,0,0,0,0
2034.5,1,0,1,0,0,10,36,0,0,0,0,0,0,9,0,0,0,0,0,0,0
2034.5,1,0,1,0,0,15,142,0,0,0,0,0,14,55,0,0,9,0,0,0,0
2034.5,1,0,1,0,0,20,346,0,0,0,0,0,146,247,0,0,124,0,0,0,0
2034.5,1,0,1,0,0,25,519,0,0,0,1,0,293,452,0,0,224,0,0,0,0
2034.5,1,0,1,0,0,30,466,0,0,0,0,0,279,435,0,0,194,0,0,0,0
2034.5,1,0,1,0,0,35,433,0,0,0,1,0,304,425,0,0,221,0,0,0,0
2034.5,1,0,1,0,0,40,389,0,0,0,0,0,272,382,0,0,179,0,0,0,0
2034.5,1,0,1,0,0,45,308,0,0,0,0,0,192,304,0,0,124,0,0,0,0
2034.5,1,0,1,0,0,50,208,0,0,0,1,0,138,206,0,0,92,0,0,0,0
2034.5,1,0,1,0,0,55,150,0,0,0,1,0,96,150,0,0,67,0,0,0,0
2034.5,1,0,1,0,0,60,206,0,0,0,4,0,21,30,0,0,10,0,0,0,0
2034.5,1,0,1,0,0,100,1,0,0,0,0,0,0,0,0,0,0,0,0,0,0
2034.5,1,0,1,0,1,0,0,0,0,0,0,0,0,0,0,0,0,0,0,0,0
2034.5,1,0,1,0,1,5,0,0,0,0,0,0,0,0,0,0,0,0,0,0,0
2034.5,1,0,1,0,1,10,0,0,0,0,0,0,0,0,0,0,0,0,0,0,0
2034.5,1,0,1,0,1,15,0,0,0,0,0,0,0,0,0,0,0,0,0,0,0
2034.5,1,0,1,0,1,20,0,0,0,0,0,0,0,0,0,0,0,0,0,0,0
2034.5,1,0,1,0,1,25,0,0,0,0,0,0,0,0,0,0,0,0,0,0,0
2034.5,1,0,1,0,1,30,0,0,0,0,0,0,0,0,0,0,0,0,0,0,0
2034.5,1,0,1,0,1,35,0,0,0,0,0,0,0,0,0,0,0,0,0,0,0
2034.5,1,0,1,0,1,40,0,0,0,0,0,0,0,0,0,0,0,0,0,0,0
2034.5,1,0,1,0,1,45,0,0,0,0,0,0,0,0,0,0,0,0,0,0,0
2034.5,1,0,1,0,1,50,0,0,0,0,0,0,0,0,0,0,0,0,0,0,0
2034.5,1,0,1,0,1,55,0,0,0,0,0,0,0,0,0,0,0,0,0,0,0
2034.5,1,0,1,0,1,60,0,0,0,0,0,0,0,0,0,0,0,0,0,0,0
2034.5,1,0,1,0,1,100,0,0,0,0,0,0,0,0,0,0,0,0,0,0,0
2034.5,1,0,1,1,0,0,0,0,0,0,0,0,0,0,0,0,0,0,0,0,0
2034.5,1,0,1,1,0,5,0,0,0,0,0,0,0,0,0,0,0,0,0,0,0
2034.5,1,0,1,1,0,10,0,0,0,0,0,0,0,0,0,0,0,0,0,0,0
2034.5,1,0,1,1,0,15,0,0,0,0,0,0,0,0,0,0,0,0,0,0,0
2034.5,1,0,1,1,0,20,7,7,1,0,0,0,1,5,4,1,0,0,0,0,0
2034.5,1,0,1,1,0,25,11,11,0,0,0,0,1,9,5,2,0,0,0,0,0
2034.5,1,0,1,1,0,30,18,18,2,0,0,0,5,16,13,4,0,4,0,0,0
2034.5,1,0,1,1,0,35,19,19,2,0,2,1,0,19,16,0,0,0,0,0,0
2034.5,1,0,1,1,0,40,11,11,1,0,0,0,0,10,9,3,0,1,0,0,0
2034.5,1,0,1,1,0,45,11,11,2,0,0,0,4,11,9,3,0,0,0,0,0
2034.5,1,0,1,1,0,50,6,6,0,0,0,0,0,5,3,1,0,0,0,0,0
2034.5,1,0,1,1,0,55,10,10,0,0,0,0,1,10,9,1,0,1,0,0,0
2034.5,1,0,1,1,0,60,11,11,2,0,0,0,2,4,3,1,0,0,0,0,0
2034.5,1,0,1,1,0,100,0,0,0,0,0,0,0,0,0,0,0,0,0,0,0
2034.5,1,0,1,1,1,0,0,0,0,0,0,0,0,0,0,0,0,0,0,0,0
2034.5,1,0,1,1,1,5,0,0,0,0,0,0,0,0,0,0,0,0,0,0,0
2034.5,1,0,1,1,1,10,0,0,0,0,0,0,0,0,0,0,0,0,0,0,0
2034.5,1,0,1,1,1,15,1,1,0,1,0,0,1,1,1,0,0,0,0,0,0
2034.5,1,0,1,1,1,20,4,4,0,4,0,0,4,4,4,0,0,0,0,0,0
2034.5,1,0,1,1,1,25,16,16,0,16,0,0,16,16,16,0,0,1,0,0,0
2034.5,1,0,1,1,1,30,36,36,0,36,0,0,36,36,36,0,0,0,0,0,0
2034.5,1,0,1,1,1,35,50,50,0,50,0,0,50,50,49,0,0,1,0,0,0
2034.5,1,0,1,1,1,40,56,56,0,56,2,1,56,55,54,0,0,0,0,0,0
2034.5,1,0,1,1,1,45,92,92,0,92,0,0,92,87,82,0,0,2,0,0,0
2034.5,1,0,1,1,1,50,106,106,0,106,0,0,106,98,90,0,0,1,0,0,0
2034.5,1,0,1,1,1,55,70,70,0,70,2,1,70,60,48,0,0,0,0,0,0
2034.5,1,0,1,1,1,60,93,93,0,93,4,0,93,23,22,0,0,1,0,0,0
2034.5,1,0,1,1,1,100,0,0,0,0,0,0,0,0,0,0,0,0,0,0,0
2034.5,1,1,0,0,0,0,6037,0,0,0,15,0,431,1967,0,0,213,0,0,0,0
2034.5,1,1,0,0,0,5,5847,0,0,0,0,0,0,2008,0,0,0,0,0,0,0
2034.5,1,1,0,0,0,10,5913,0,0,0,2,0,106,2075,0,0,114,0,0,0,0
2034.5,1,1,0,0,0,15,5523,0,0,0,3,0,1409,3316,0,0,1092,0,0,0,0
2034.5,1,1,0,0,0,20,4854,0,0,0,2,0,2418,4156,0,0,1804,0,0,0,0
2034.5,1,1,0,0,0,25,3904,0,0,0,1,0,2411,3765,0,0,1893,0,0,0,0
2034.5,1,1,0,0,0,30,3234,0,0,0,4,0,2089,3209,0,0,1527,0,0,0,0
2034.5,1,1,0,0,0,35,2632,0,0,0,4,0,1745,2624,0,0,1293,0,0,0,0
2034.5,1,1,0,0,0,40,2146,0,0,0,2,0,1415,2144,0,0,1071,0,0,0,0
2034.5,1,1,0,0,0,45,1670,0,0,0,1,0,1083,1669,0,0,765,0,0,0,0
2034.5,1,1,0,0,0,50,1129,0,0,0,1,0,692,1129,0,0,490,0,0,0,0
2034.5,1,1,0,0,0,55,652,0,0,0,2,0,344,617,0,0,266,0,0,0,0
2034.5,1,1,0,0,0,60,1705,0,0,0,20,0,85,472,0,0,48,0,0,0,0
2034.5,1,1,0,0,0,100,5,0,0,0,0,0,0,0,0,0,0,0,0,0,0
2034.5,1,1,0,0,1,0,0,0,0,0,0,0,0,0,0,0,0,0,0,0,0
2034.5,1,1,0,0,1,5,0,0,0,0,0,0,0,0,0,0,0,0,0,0,0
2034.5,1,1,0,0,1,10,0,0,0,0,0,0,0,0,0,0,0,0,0,0,0
2034.5,1,1,0,0,1,15,0,0,0,0,0,0,0,0,0,0,0,0,0,0,0
2034.5,1,1,0,0,1,20,0,0,0,0,0,0,0,0,0,0,0,0,0,0,0
2034.5,1,1,0,0,1,25,0,0,0,0,0,0,0,0,0,0,0,0,0,0,0
2034.5,1,1,0,0,1,30,0,0,0,0,0,0,0,0,0,0,0,0,0,0,0
2034.5,1,1,0,0,1,35,0,0,0,0,0,0,0,0,0,0,0,0,0,0,0
2034.5,1,1,0,0,1,40,0,0,0,0,0,0,0,0,0,0,0,0,0,0,0
2034.5,1,1,0,0,1,45,0,0,0,0,0,0,0,0,0,0,0,0,0,0,0
2034.5,1,1,0,0,1,50,0,0,0,0,0,0,0,0,0,0,0,0,0,0,0
2034.5,1,1,0,0,1,55,0,0,0,0,0,0,0,0,0,0,0,0,0,0,0
2034.5,1,1,0,0,1,60,0,0,0,0,0,0,0,0,0,0,0,0,0,0,0
2034.5,1,1,0,0,1,100,0,0,0,0,0,0,0,0,0,0,0,0,0,0,0
2034.5,1,1,0,1,0,0,16,16,6,0,6,6,1,1,1,1,0,0,0,0,0
2034.5,1,1,0,1,0,5,14,14,0,0,0,0,0,2,2,0,0,0,0,0,0
2034.5,1,1,0,1,0,10,22,22,7,0,2,2,0,4,3,1,0,1,0,0,0
2034.5,1,1,0,1,0,15,90,90,30,0,1,1,19,55,22,16,0,16,0,0,0
2034.5,1,1,0,1,0,20,199,199,32,0,1,1,50,162,79,43,0,26,0,0,0
2034.5,1,1,0,1,0,25,202,202,27,0,1,1,50,186,109,32,0,16,0,0,0
2034.5,1,1,0,1,0,30,219,219,27,0,3,3,53,211,139,38,0,8,0,0,0
2034.5,1,1,0,1,0,35,171,171,24,0,1,0,37,164,97,19,0,5,0,0,0
2034.5,1,1,0,1,0,40,141,141,12,0,0,0,23,136,85,14,0,7,0,0,0
2034.5,1,1,0,1,0,45,187,187,15,0,2,1,20,180,131,12,0,8,0,0,0
2034.5,1,1,0,1,0,50,176,176,5,0,3,3,12,165,123,10,0,4,0,0,0
2034.5,1,1,0,1,0,55,96,96,6,0,3,3,10,86,68,11,0,1,0,0,0
2034.5,1,1,0,1,0,60,172,172,8,0,4,2,11,83,58,16,0,2,0,0,0
2034.5,1,1,0,1,0,100,0,0,0,0,0,0,0,0,0,0,0,0,0,0,0
2034.5,1,1,0,1,1,0,13,13,0,13,0,0,13,13,13,0,0,0,0,0,0
2034.5,1,1,0,1,1,5,10,10,0,10,0,0,10,10,10,0,0,0,0,0,0
2034.5,1,1,0,1,1,10,8,8,0,8,0,0,8,8,8,0,0,0,0,0,0
2034.5,1,1,0,1,1,15,72,72,0,72,1,1,72,60,54,0,0,2,0,0,0
2034.5,1,1,0,1,1,20,380,380,0,380,0,0,380,346,290,0,0,2,0,0,0
2034.5,1,1,0,1,1,25,758,758,0,758,0,0,758,682,579,0,0,8,0,0,0
2034.5,1,1,0,1,1,30,1171,1171,0,1171,1,1,1171,1082,890,0,0,10,0,0,0
2034.5,1,1,0,1,1,35,1506,1506,0,1506,3,0,1506,1419,1119,0,0,16,0,0,0
2034.5,1,1,0,1,1,40,1778,1778,0,1778,9,6,1778,1680,1301,0,0,6,0,0,0
2034.5,1,1,0,1,1,45,1834,1834,0,1834,7,1,1834,1731,1353,0,0,5,0,0,0
2034.5,1,1,0,1,1,50,1580,1580,0,1580,4,2,1580,1455,1154,0,0,6,0,0,0
2034.5,1,1,0,1,1,55,1051,1051,0,1051,6,2,1051,887,715,0,0,1,0,0,0
2034.5,1,1,0,1,1,60,1333,1333,0,1333,21,0,1333,688,562,0,0,7,0,0,0
2034.5,1,1,0,1,1,100,0,0,0,0,0,0,0,0,0,0,0,0,0,0,0
2035,1,0,0,0,0,0,5891,0,0,0,20,0,436,1914,0,0,198,0,0,0,0
2035,1,0,0,0,0,5,5794,0,0,0,0,0,0,1978,0,0,0,0,0,0,0
2035,1,0,0,0,0,10,5784,0,0,0,3,0,0,2010,0,0,0,0,0,0,3
2035,1,0,0,0,0,15,5629,0,0,0,3,0,436,2283,0,0,407,0,0,0,17
2035,1,0,0,0,0,20,4919,0,0,0,1,0,1975,3487,0,0,1497,0,0,0,27
2035,1,0,0,0,0,25,4015,0,0,0,7,0,2263,3475,0,0,1661,0,0,0,12
2035,1,0,0,0,0,30,3326,0,0,0,3,0,2075,3113,0,0,1487,0,0,0,1
2035,1,0,0,0,0,35,2867,0,0,0,4,0,1811,2792,0,0,1327,0,0,0,0
2035,1,0,0,0,0,40,2474,0,0,0,5,0,1630,2447,0,0,1173,0,0,0,0
2035,1,0,0,0,0,45,1964,0,0,0,6,0,1317,1958,0,0,970,0,0,0,0
2035,1,0,0,0,0,50,1305,0,0,0,5,0,821,1299,0,0,604,0,0,0,0
2035,1,0,0,0,0,55,831,0,0,0,6,0,516,823,0,0,372,0,0,0,0
2035,1,0,0,0,0,60,1193,0,0,0,33,0,152,254,0,0,94,0,0,0,0
2035,1,0,0,0,0,100,1,0,0,0,0,0,0,0,0,0,0,0,0,0,0
2035,1,0,0,0,1,0,0,0,0,0,0,0,0,0,0,0,0,0,0,0,0
2035,1,0,0,0,1,5,0,0,0,0,0,0,0,0,0,0,0,0,0,0,0
2035,1,0,0,0,1,10,0,0,0,0,0,0,0,0,0,0,0,0,0,0,0
2035,1,0,0,0,1,15,0,0,0,0,0,0,0,0,0,0,0,0,0,0,0
2035,1,0,0,0,1,20,0,0,0,0,0,0,0,0,0,0,0,0,0,0,0
2035,1,0,0,0,1,25,0,0,0,0,0,0,0,0,0,0,0,0,0,0,0
2035,1,0,0,0,1,30,0,0,0,0,0,0,0,0,0,0,0,0,0,0,0
2035,1,0,0,0,1,35,0,0,0,0,0,0,0,0,0,0,0,0,0,0,0
2035,1,0,0,0,1,40,0,0,0,0,0,0,0,0,0,0,0,0,0,0,0
2035,1,0,0,0,1,45,0,0,0,0,0,0,0,0,0,0,0,0,0,0,0
2035,1,0,0,0,1,50,0,0,0,0,0,0,0,0,0,0,0,0,0,0,0
2035,1,0,0,0,1,55,0,0,0,0,0,0,0,0,0,0,0,0,0,0,0
2035,1,0,0,0,1,60,0,0,0,0,0,0,0,0,0,0,0,0,0,0,0
2035,1,0,0,0,1,100,0,0,0,0,0,0,0,0,0,0,0,0,0,0,0
2035,1,0,0,1,0,0,23,23,5,0,2,1,0,1,1,1,0,0,0,0,0
2035,1,0,0,1,0,5,18,18,0,0,0,0,0,5,5,1,0,0,0,0,0
2035,1,0,0,1,0,10,22,22,1,0,1,1,1,7,7,2,0,0,0,0,0
2035,1,0,0,1,0,15,22,22,10,0,1,1,5,13,6,7,0,2,0,0,0
2035,1,0,0,1,0,20,79,79,26,0,0,0,23,50,22,22,0,19,0,0,1
2035,1,0,0,1,0,25,162,162,36,0,1,1,41,121,68,34,0,33,0,0,1
2035,1,0,0,1,0,30,190,190,21,0,6,6,48,167,129,39,0,34,0,0,0
2035,1,0,0,1,0,35,201,201,21,0,2,2,31,179,139,18,0,22,0,0,0
2035,1,0,0,1,0,40,213,213,22,0,4,2,43,209,165,33,0,13,0,0,0
2035,1,0,0,1,0,45,136,136,16,0,4,4,26,135,107,18,0,10,0,0,0
2035,1,0,0,1,0,50,89,89,10,0,2,2,16,83,59,8,0,1,0,0,0
2035,1,0,0,1,0,55,71,71,6,0,1,0,12,60,49,4,0,1,0,0,0
2035,1,0,0,1,0,60,125,125,4,0,4,2,9,46,40,8,0,2,0,0,0
2035,1,0,0,1,0,100,0,0,0,0,0,0,0,0,0,0,0,0,0,0,0
2035,1,0,0,1,1,0,11,11,0,11,0,0,11,11,11,0,0,0,0,0,0
2035,1,0,0,1,1,5,11,11,0,11,0,0,11,11,11,0,0,0,0,0,0
2035,1,0,0,1,1,10,10,10,0,10,0,0,10,10,10,0,0,0,0,0,0
2035,1,0,0,1,1,15,12,12,0,12,0,0,12,12,12,0,0,0,0,0,0
2035,1,0,0,1,1,20,58,58,0,58,0,0,58,58,58,0,0,0,0,0,0
2035,1,0,0,1,1,25,212,212,0,212,1,1,212,212,212,0,0,5,0,0,0
2035,1,0,0,1,1,30,352,352,0,352,0,0,352,352,352,0,0,6,0,0,0
2035,1,0,0,1,1,35,521,521,0,521,5,5,521,511,508,0,0,12,0,0,0
2035,1,0,0,1,1,40,715,715,0,715,6,3,715,709,702,0,0,12,0,0,0
2035,1,0,0,1,1,45,914,914,0,914,11,6,914,890,823,0,0,15,0,0,0
2035,1,0,0,1,1,50,899,899,0,899,7,2,899,821,719,0,0,3,0,0,0
2035,1,0,0,1,1,55,702,702,0,702,7,0,702,597,499,0,0,7,0,0,0
2035,1,0,0,1,1,60,999,999,0,999,31,5,999,327,296,0,0,4,0,0,0
2035,1,0,0,1,1,100,0,0,0,0,0,0,0,0,0,0,0,0,0,0,0
2035,1,0,1,0,0,0,0,0,0,0,0,0,0,0,0,0,0,0,0,0,0
2035,1,0,1,0,0,5,1,0,0,0,0,0,0,0,0,0,0,0,0,0,0
2035,1,0,1,0,0,10,32,0,0,0,0,0,0,8,0,0,0,0,0,0,0
2035,1,0,1,0,0,15,138,0,0,0,0,0,18,53,0,0,19,0,0,0,0
2035,1,0,1,0,0,20,350,0,0,0,0,0,154,252,0,0,107,0,0,0,0
2035,1,0,1,0,0,25,530,0,0,0,0,0,314,457,0,0,218,0,0,0,0
2035,1,0,1,0,0,30,477,0,0,0,1,0,281,446,0,0,202,0,0,0,0
2035,1,0,1,0,0,35,422,0,0,0,1,0,286,412,0,0,226,0,0,0,0
2035,1,0,1,0,0,40,398,0,0,0,2,0,269,393,0,0,193,0,0,0,0
2035,1,0,1,0,0,45,316,0,0,0,0,0,205,312,0,0,175,0,0,0,0
2035,1,0,1,0,0,50,214,0,0,0,1,0,132,211,0,0,92,0,0,0,0
2035,1,0,1,0,0,55,154,0,0,0,1,0,101,154,0,0,70,0,0,0,0
2035,1,0,1,0,0,60,213,0,0,0,5,0,25,41,0,0,17,0,0,0,0
2035,1,0,1,0,0,100,1,0,0,0,0,0,0,0,0,0,0,0,0,0,0
2035,1,0,1,0,1,0,0,0,0,0,0,0,0,0,0,0,0,0,0,0,0
2035,1,0,1,0,1,5,0,0,0,0,0,0,0,0,0,0,0,0,0,0,0
2035,1,0,1,0,1,10,0,0,0,0,0,0,0,0,0,0,0,0,0,0,0
2035,1,0,1,0,1,15,0,0,0,0,0,0,0,0,0,0,0,0,0,0,0
2035,1,0,1,0,1,20,0,0,0,0,0,0,0,0,0,0,0,0,0,0,0
2035,1,0,1,0,1,25,0,0,0,0,0,0,0,0,0,0,0,0,0,0,0
2035,1,0,1,0,1,30,0,0,0,0,0,0,0,0,0,0,0,0,0,0,0
2035,1,0,1,0,1,35,0,0,0,0,0,0,0,0,0,0,0,0,0,0,0
2035,1,0,1,0,1,40,0,0,0,0,0,0,0,0,0,0,0,0,0,0,0
2035,1,0,1,0,1,45,0,0,0,0,0,0,0,0,0,0,0,0,0,0,0
2035,1,0,1,0,1,50,0,0,0,0,0,0,0,0,0,0,0,0,0,0,0
2035,1,0,1,0,1,55,0,0,0,0,0,0,0,0,0,0,0,0,0,0,0
2035,1,0,1,0,1,60,0,0,0,0,0,0,0,0,0,0,0,0,0,0,0
2035,1,0,1,0,1,100,0,0,0,0,0,0,0,0,0,0,0,0,0,0,0
2035,1,0,1,1,0,0,0,0,0,0,0,0,0,0,0,0,0,0,0,0,0
2035,1,0,1,1,0,5,0,0,0,0,0,0,0,0,0,0,0,0,0,0,0
2035,1,0,1,1,0,10,0,0,0,0,0,0,0,0,0,0,0,0,0,0,0
2035,1,0,1,1,0,15,0,0,0,0,0,0,0,0,0,0,0,0,0,0,0
2035,1,0,1,1,0,20,6,6,1,0,0,0,1,4,2,0,0,3,0,0,0
2035,1,0,1,1,0,25,16,16,2,0,0,0,2,14,10,2,0,2,0,0,0
2035,1,0,1,1,0,30,18,18,3,0,0,0,4,17,13,3,0,5,0,0,0
2035,1,0,1,1,0,35,21,21,1,0,0,0,1,20,17,0,0,0,0,0,0
2035,1,0,1,1,0,40,14,14,1,0,0,0,1,13,11,0,0,0,0,0,0
2035,1,0,1,1,0,45,10,10,2,0,0,0,3,10,7,1,0,1,0,0,0
2035,1,0,1,1,0,50,13,13,0,0,0,0,0,12,11,1,0,1,0,0,0
2035,1,0,1,1,0,55,9,9,1,0,0,0,1,9,6,1,0,0,0,0,0
2035,1,0,1,1,0,60,13,13,0,0,1,0,2,5,3,2,0,0,0,0,0
2035,1,0,1,1,0,100,0,0,0,0,0,0,0,0,0,0,0,0,0,0,0
2035,1,0,1,1,1,0,0,0,0,0,0,0,0,0,0,0,0,0,0,0,0
2035,1,0,1,1,1,5,0,0,0,0,0,0,0,0,0,0,0,0,0,0,0
2035,1,0,1,1,1,10,0,0,0,0,0,0,0,0,0,0,0,0,0,0,0
2035,1,0,1,1,1,15,1,1,0,1,0,0,1,1,1,0,0,0,0,0,0
2035,1,0,1,1,1,20,4,4,0,4,0,0,4,4,4,0,0,0,0,0,0
2035,1,0,1,1,1,25,13,13,0,13,0,0,13,13,13,0,0,0,0,0,0
2035,1,0,1,1,1,30,35,35,0,35,1,0,35,35,35,0,0,0,0,0,0
2035,1,0,1,1,1,35,48,48,0,48,0,0,48,48,47,0,0,3,0,0,0
2035,1,0,1,1,1,40,56,56,0,56,0,0,56,55,54,0,0,0,0,0,0
2035,1,0,1,1,1,45,89,89,0,89,0,0,89,84,79,0,0,0,0,0,0
2035,1,0,1,1,1,50,103,103,0,103,1,0,103,95,89,0,0,1,0,0,0
2035,1,0,1,1,1,55,71,71,0,71,1,1,71,62,50,0,0,0,0,0,0
2035,1,0,1,1,1,60,94,94,0,94,0,0,94,26,25,0,0,1,0,0,0
2035,1,0,1,1,1,100,0,0,0,0,0,0,0,0,0,0,0,0,0,0,0
2035,1,1,0,0,0,0,6053,0,0,0,10,0,452,1977,0,0,208,0,0,0,0
2035,1,1,0,0,0,5,5791,0,0,0,2,0,0,1987,0,0,0,0,0,0,0
2035,1,1,0,0,0,10,5988,0,0,0,0,0,126,2121,0,0,124,0,0,0,0
2035,1,1,0,0,0,15,5469,0,0,0,2,0,1342,3262,0,0,1011,0,0,0,0
2035,1,1,0,0,0,20,4928,0,0,0,1,0,2409,4225,0,0,1819,0,0,0,0
2035,1,1,0,0,0,25,3953,0,0,0,2,0,2479,3817,0,0,1924,0,0,0,0
2035,1,1,0,0,0,30,3232,0,0,0,0,0,2093,3206,0,0,1559,0,0,0,0
2035,1,1,0,0,0,35,2678,0,0,0,0,0,1788,2669,0,0,1378,0,0,0,0
2035,1,1,0,0,0,40,2200,0,0,0,2,0,1465,2199,0,0,1043,0,0,0,0
2035,1,1,0,0,0,45,1698,0,0,0,6,0,1116,1698,0,0,805,0,0,0,0
2035,1,1,0,0,0,50,1184,0,0,0,1,0,736,1183,0,0,535,0,0,0,0
2035,1,1,0,0,0,55,648,0,0,0,3,0,380,627,0,0,278,0,0,0,0
2035,1,1,0,0,0,60,1741,0,0,0,30,0,98,523,0,0,59,0,0,0,0
2035,1,1,0,0,0,100,6,0,0,0,0,0,0,0,0,0,0,0,0,0,0
2035,1,1,0,0,1,0,0,0,0,0,0,0,0,0,0,0,0,0,0,0,0
2035,1,1,0,0,1,5,0,0,0,0,0,0,0,0,0,0,0,0,0,0,0
2035,1,1,0,0,1,10,0,0,0,0,0,0,0,0,0,0,0,0,0,0,0
2035,1,1,0,0,1,15,0,0,0,0,0,0,0,0,0,0,0,0,0,0,0
2035,1,1,0,0,1,20,0,0,0,0,0,0,0,0,0,0,0,0,0,0,0
2035,1,1,0,0,1,25,0,0,0,0,0,0,0,0,0,0,0,0,0,0,0
2035,1,1,0,0,1,30,0,0,0,0,0,0,0,0,0,0,0,0,0,0,0
2035,1,1,0,0,1,35,0,0,0,0,0,0,0,0,0,0,0,0,0,0,0
2035,1,1,0,0,1,40,0,0,0,0,0,0,0,0,0,0,0,0,0,0,0
2035,1,1,0,0,1,45,0,0,0,0,0,0,0,0,0,0,0,0,0,0,0
2035,1,1,0,0,1,50,0,0,0,0,0,0,0,0,0,0,0,0,0,0,0
2035,1,1,0,0,1,55,0,0,0,0,0,0,0,0,0,0,0,0,0,0,0
2035,1,1,0,0,1,60,0,0,0,0,0,0,0,0,0,0,0,0,0,0,0
2035,1,1,0,0,1,100,0,0,0,0,0,0,0,0,0,0,0,0,0,0,0
2035,1,1,0,1,0,0,13,13,6,0,4,4,2,3,3,5,0,0,0,0,0
2035,1,1,0,1,0,5,12,12,0,0,1,1,0,2,2,1,0,0,0,0,0
2035,1,1,0,1,0,10,24,24,5,0,0,0,2,3,3,3,0,4,0,0,0
2035,1,1,0,1,0,15,95,95,33,0,1,1,21,62,18,14,0,23,0,0,0
2035,1,1,0,1,0,20,198,198,49,0,1,1,60,161,69,43,0,44,0,0,0
2035,1,1,0,1,0,25,203,203,37,0,0,0,62,191,107,40,0,14,0,0,0
2035,1,1,0,1,0,30,217,217,32,0,0,0,45,210,137,29,0,10,0,0,0
2035,1,1,0,1,0,35,166,166,17,0,0,0,28,157,104,18,0,6,0,0,0
2035,1,1,0,1,0,40,151,151,19,0,2,2,26,145,93,13,0,3,0,0,0
2035,1,1,0,1,0,45,202,202,17,0,2,2,21,196,142,17,0,7,0,0,0
2035,1,1,0,1,0,50,166,166,6,0,2,2,24,157,123,17,0,6,0,0,0
2035,1,1,0,1,0,55,108,108,1,0,3,2,4,99,78,3,0,3,0,0,0
2035,1,1,0,1,0,60,173,173,2,0,3,2,4,81,55,5,0,4,0,0,0
2035,1,1,0,1,0,100,0,0,0,0,0,0,0,0,0,0,0,0,0,0,0
2035,1,1,0,1,1,0,13,13,0,13,0,0,13,13,13,0,0,0,0,0,0
2035,1,1,0,1,1,5,10,10,0,10,0,0,10,10,10,0,0,0,0,0,0
2035,1,1,0,1,1,10,7,7,0,7,0,0,7,7,7,0,0,0,0,0,0
2035,1,1,0,1,1,15,64,64,0,64,0,0,64,54,53,0,0,0,0,0,0
2035,1,1,0,1,1,20,385,385,0,385,0,0,385,349,294,0,0,8,0,0,0
2035,1,1,0,1,1,25,786,786,0,786,0,0,786,715,599,0,0,7,0,0,0
2035,1,1,0,1,1,30,1139,1139,0,1139,1,1,1139,1045,865,0,0,10,0,0,0
2035,1,1,0,1,1,35,1480,1480,0,1480,2,0,1480,1401,1089,0,0,10,0,0,0
2035,1,1,0,1,1,40,1782,1782,0,1782,5,4,1782,1681,1296,0,0,7,0,0,0
2035,1,1,0,1,1,45,1819,1819,0,1819,6,2,1819,1719,1334,0,0,12,0,0,0
2035,1,1,0,1,1,50,1661,1661,0,1661,6,3,1661,1539,1214,0,0,4,0,0,0
2035,1,1,0,1,1,55,1072,1072,0,1072,6,2,1072,922,747,0,0,1,0,0,0
2035,1,1,0,1,1,60,1401,1401,0,1401,19,4,1401,742,604,0,0,1,0,0,0
2035,1,1,0,1,1,100,0,0,0,0,0,0,0,0,0,0,0,0,0,0,0
2035.5,1,0,0,0,0,0,5902,0,0,0,21,0,432,1927,0,0,225,0,0,0,0
2035.5,1,0,0,0,0,5,5767,0,0,0,0,0,0,1962,0,0,0,0,0,0,1
2035.5,1,0,0,0,0,10,5803,0,0,0,2,0,0,2028,0,0,0,0,0,0,3
2035.5,1,0,0,0,0,15,5612,0,0,0,5,0,428,2263,0,0,423,0,0,0,19
2035.5,1,0,0,0,0,20,4973,0,0,0,3,0,1970,3498,0,0,1506,0,0,0,26
2035.5,1,0,0,0,0,25,4032,0,0,0,2,0,2256,3515,0,0,1637,0,0,0,6
2035.5,1,0,0,0,0,30,3391,0,0,0,3,0,2086,3172,0,0,1473,0,0,0,1
2035.5,1,0,0,0,0,35,2903,0,0,0,6,0,1819,2828,0,0,1303,0,0,0,0
2035.5,1,0,0,0,0,40,2445,0,0,0,12,0,1588,2418,0,0,1106,0,0,0,0
2035.5,1,0,0,0,0,45,2028,0,0,0,9,0,1343,2022,0,0,944,0,0,0,0
2035.5,1,0,0,0,0,50,1360,0,0,0,10,0,872,1355,0,0,597,0,0,0,0
2035.5,1,0,0,0,0,55,843,0,0,0,10,0,546,838,0,0,395,0,0,0,0
2035.5,1,0,0,0,0,60,1222,0,0,0,32,0,204,317,0,0,130,0,0,0,0
2035.5,1,0,0,0,0,100,1,0,0,0,0,0,0,0,0,0,0,0,0,0,0
2035.5,1,0,0,0,1,0,0,0,0,0,0,0,0,0,0,0,0,0,0,0,0
2035.5,1,0,0,0,1,5,0,0,0,0,0,0,0,0,0,0,0,0,0,0,0
2035.5,1,0,0,0,1,10,0,0,0,0,0,0,0,0,0,0,0,0,0,0,0
2035.5,1,0,0,0,1,15,0,0,0,0,0,0,0,0,0,0,0,0,0,0,0
2035.5,1,0,0,0,1,20,0,0,0,0,0,0,0,0,0,0,0,0,0,0,0
2035.5,1,0,0,0,1,25,0,0,0,0,0,0,0,0,0,0,0,0,0,0,0
2035.5,1,0,0,0,1,30,0,0,0,0,0,0,0,0,0,0,0,0,0,0,0
2035.5,1,0,0,0,1,35,0,0,0,0,0,0,0,0,0,0,0,0,0,0,0
2035.5,1,0,0,0,1,40,0,0,0,0,0,0,0,0,0,0,0,0,0,0,0
2035.5,1,0,0,0,1,45,0,0,0,0,0,0,0,0,0,0,0,0,0,0,0
2035.5,1,0,0,0,1,50,0,0,0,0,0,0,0,0,0,0,0,0,0,0,0
2035.5,1,0,0,0,1,55,0,0,0,0,0,0,0,0,0,0,0,0,0,0,0
2035.5,1,0,0,0,1,60,0,0,0,0,0,0,0,0,0,0,0,0,0,0,0
2035.5,1,0,0,0,1,100,0,0,0,0,0,0,0,0,0,0,0,0,0,0,0
2035.5,1,0,0,1,0,0,18,18,5,0,4,4,1,2,2,3,0,0,0,0,0
2035.5,1,0,0,1,0,5,19,19,0,0,0,0,0,3,3,1,0,0,0,0,0
2035.5,1,0,0,1,0,10,20,20,0,0,0,0,0,6,6,0,0,0,0,0,0
2035.5,1,0,0,1,0,15,28,28,12,0,0,0,3,14,4,3,0,3,0,0,0
2035.5,1,0,0,1,0,20,80,80,20,0,0,0,25,57,28,16,0,11,0,0,2
2035.5,1,0,0,1,0,25,165,165,27,0,0,0,53,129,76,36,0,38,0,0,0
2035.5,1,0,0,1,0,30,196,196,20,0,2,2,46,172,129,29,0,28,0,0,1
2035.5,1,0,0,1,0,35,198,198,25,0,3,3,30,177,134,22,0,27,0,0,0
2035.5,1,0,0,1,0,40,225,225,20,0,0,0,40,219,166,29,0,18,0,0,0
2035.5,1,0,0,1,0,45,145,145,17,0,4,4,36,144,116,17,0,11,0,0,0
2035.5,1,0,0,1,0,50,88,88,7,0,1,0,11,81,60,9,0,3,0,0,0
2035.5,1,0,0,1,0,55,69,69,10,0,3,1,13,62,44,7,0,2,0,0,0
2035.5,1,0,0,1,0,60,125,125,12,0,5,1,9,45,39,10,0,3,0,0,0
2035.5,1,0,0,1,0,100,0,0,0,0,0,0,0,0,0,0,0,0,0,0,0
2035.5,1,0,0,1,1,0,11,11,0,11,1,1,11,11,11,0,0,0,0,0,0
2035.5,1,0,0,1,1,5,10,10,0,10,1,1,10,10,10,0,0,0,0,0,0
2035.5,1,0,0,1,1,10,10,10,0,10,1,1,10,10,10,0,0,0,0,0,0
2035.5,1,0,0,1,1,15,16,16,0,16,0,0,16,16,16,0,0,0,0,0,0
2035.5,1,0,0,1,1,20,51,51,0,51,1,1,51,51,51,0,0,1,0,0,0
2035.5,1,0,0,1,1,25,208,208,0,208,1,1,208,208,208,0,0,5,0,0,2
2035.5,1,0,0,1,1,30,366,366,0,366,0,0,366,366,366,0,0,12,0,0,0
2035.5,1,0,0,1,1,35,509,509,0,509,2,1,509,501,499,0,0,7,0,0,0
2035.5,1,0,0,1,1,40,687,687,0,687,6,3,687,681,674,0,0,10,0,0,0
2035.5,1,0,0,1,1,45,908,908,0,908,9,5,908,886,823,0,0,14,0,0,0
2035.5,1,0,0,1,1,50,924,924,0,924,7,1,924,853,741,0,0,5,0,0,0
2035.5,1,0,0,1,1,55,735,735,0,735,5,2,735,630,538,0,0,3,0,0,0
2035.5,1,0,0,1,1,60,1035,1035,0,1035,31,1,1035,371,332,0,0,4,0,0,0
2035.5,1,0,0,1,1,100,0,0,0,0,0,0,0,0,0,0,0,0,0,0,0
2035.5,1,0,1,0,0,0,0,0,0,0,0,0,0,0,0,0,0,0,0,0,0
2035.5,1,0,1,0,0,5,2,0,0,0,0,0,0,0,0,0,0,0,0,0,0
2035.5,1,0,1,0,0,10,28,0,0,0,0,0,0,7,0,0,0,0,0,0,0
2035.5,1,0,1,0,0,15,130,0,0,0,0,0,17,49,0,0,15,0,0,0,0
2035.5,1,0,1,0,0,20,368,0,0,0,0,0,149,268,0,0,110,0,0,0,0
2035.5,1,0,1,0,0,25,514,0,0,0,0,0,289,449,0,0,219,0,0,0,0
2035.5,1,0,1,0,0,30,482,0,0,0,0,0,281,448,0,0,171,0,0,0,0
2035.5,1,0,1,0,0,35,423,0,0,0,1,0,266,412,0,0,178,0,0,0,0
2035.5,1,0,1,0,0,40,411,0,0,0,0,0,277,406,0,0,174,0,0,0,0
2035.5,1,0,1,0,0,45,321,0,0,0,0,0,223,317,0,0,164,0,0,0,0
2035.5,1,0,1,0,0,50,219,0,0,0,0,0,143,216,0,0,114,0,0,0,0
2035.5,1,0,1,0,0,55,163,0,0,0,2,0,107,163,0,0,81,0,0,0,0
2035.5,1,0,1,0,0,60,216,0,0,0,6,0,34,52,0,0,24,0,0,0,0
2035.5,1,0,1,0,0,100,1,0,0,0,0,0,0,0,0,0,0,0,0,0,0
2035.5,1,0,1,0,1,0,0,0,0,0,0,0,0,0,0,0,0,0,0,0,0
2035.5,1,0,1,0,1,5,0,0,0,0,0,0,0,0,0,0,0,0,0,0,0
2035.5,1,0,1,0,1,10,0,0,0,0,0,0,0,0,0,0,0,0,0,0,0
2035.5,1,0,1,0,1,15,0,0,0,0,0,0,0,0,0,0,0,0,0,0,0
2035.5,1,0,1,0,1,20,0,0,0,0,0,0,0,0,0,0,0,0,0,0,0
2035.5,1,0,1,0,1,25,0,0,0,0,0,0,0,0,0,0,0,0,0,0,0
2035.5,1,0,1,0,1,30,0,0,0,0,0,0,0,0,0,0,0,0,0,0,0
2035.5,1,0,1,0,1,35,0,0,0,0,0,0,0,0,0,0,0,0,0,0,0
2035.5,1,0,1,0,1,40,0,0,0,0,0,0,0,0,0,0,0,0,0,0,0
2035.5,1,0,1,0,1,45,0,0,0,0,0,0,0,0,0,0,0,0,0,0,0
2035.5,1,0,1,0,1,50,0,0,0,0,0,0,0,0,0,0,0,0,0,0,0
2035.5,1,0,1,0,1,55,0,0,0,0,0,0,0,0,0,0,0,0,0,0,0
2035.5,1,0,1,0,1,60,0,0,0,0,0,0,0,0,0,0,0,0,0,0,0
2035.5,1,0,1,0,1,100,0,0,0,0,0,0,0,0,0,0,0,0,0,0,0
2035.5,1,0,1,1,0,0,0,0,0,0,0,0,0,0,0,0,0,0,0,0,0
2035.5,1,0,1,1,0,5,0,0,0,0,0,0,0,0,0,0,0,0,0,0,0
2035.5,1,0,1,1,0,10,0,0,0,0,0,0,0,0,0,0,0,0,0,0,0
2035.5,1,0,1,1,0,15,0,0,0,0,0,0,0,0,0,0,0,0,0,0,0
2035.5,1,0,1,1,0,20,6,6,1,0,0,0,0,2,1,1,0,0,0,0,0
2035.5,1,0,1,1,0,25,17,17,2,0,0,0,4,14,10,4,0,2,0,0,0
2035.5,1,0,1,1,0,30,19,19,3,0,0,0,4,18,14,4,0,6,0,0,0
2035.5,1,0,1,1,0,35,22,22,1,0,0,0,3,21,18,3,0,1,0,0,0
2035.5,1,0,1,1,0,40,13,13,1,0,0,0,1,12,10,2,0,0,0,0,0
2035.5,1,0,1,1,0,45,14,14,2,0,0,0,5,14,11,3,0,1,0,0,0
2035.5,1,0,1,1,0,50,12,12,1,0,0,0,2,12,11,1,0,0,0,0,0
2035.5,1,0,1,1,0,55,6,6,1,0,1,1,1,5,2,0,0,0,0,0,0
2035.5,1,0,1,1,0,60,13,13,2,0,0,0,2,4,3,3,0,1,0,0,0
2035.5,1,0,1,1,0,100,0,0,0,0,0,0,0,0,0,0,0,0,0,0,0
2035.5,1,0,1,1,1,0,0,0,0,0,0,0,0,0,0,0,0,0,0,0,0
2035.5,1,0,1,1,1,5,0,0,0,0,0,0,0,0,0,0,0,0,0,0,0
2035.5,1,0,1,1,1,10,0,0,0,0,0,0,0,0,0,0,0,0,0,0,0
2035.5,1,0,1,1,1,15,1,1,0,1,0,0,1,1,1,0,0,0,0,0,0
2035.5,1,0,1,1,1,20,2,2,0,2,0,0,2,2,2,0,0,0,0,0,0
2035.5,1,0,1,1,1,25,20,20,0,20,0,0,20,20,20,0,0,0,0,0,0
2035.5,1,0,1,1,1,30,29,29,0,29,0,0,29,29,29,0,0,1,0,0,0
2035.5,1,0,1,1,1,35,47,47,0,47,0,0,47,47,46,0,0,0,0,0,0
2035.5,1,0,1,1,1,40,60,60,0,60,1,1,60,59,58,0,0,1,0,0,0
2035.5,1,0,1,1,1,45,80,80,0,80,1,0,80,78,72,0,0,0,0,0,0
2035.5,1,0,1,1,1,50,106,106,0,106,0,0,106,95,89,0,0,1,0,0,0
2035.5,1,0,1,1,1,55,81,81,0,81,1,0,81,73,59,0,0,0,0,0,0
2035.5,1,0,1,1,1,60,102,102,0,102,1,0,102,35,34,0,0,0,0,0,0
2035.5,1,0,1,1,1,100,0,0,0,0,0,0,0,0,0,0,0,0,0,0,0
2035.5,1,1,0,0,0,0,6074,0,0,0,17,0,422,1963,0,0,189,0,0,0,0
2035.5,1,1,0,0,0,5,5744,0,0,0,1,0,0,1981,0,0,0,0,0,0,0
2035.5,1,1,0,0,0,10,5992,0,0,0,1,0,108,2118,0,0,122,0,0,0,0
2035.5,1,1,0,0,0,15,5499,0,0,0,3,0,1349,3264,0,0,1036,0,0,0,0
2035.5,1,1,0,0,0,20,4983,0,0,0,1,0,2408,4263,0,0,1878,0,0,0,0
2035.5,1,1,0,0,0,25,3986,0,0,0,2,0,2470,3856,0,0,1874,0,0,0,0
2035.5,1,1,0,0,0,30,3264,0,0,0,0,0,2141,3235,0,0,1598,0,0,0,0
2035.5,1,1,0,0,0,35,2733,0,0,0,2,0,1856,2724,0,0,1415,0,0,0,0
2035.5,1,1,0,0,0,40,2184,0,0,0,1,0,1463,2183,0,0,1070,0,0,0,0
2035.5,1,1,0,0,0,45,1747,0,0,0,5,0,1182,1747,0,0,824,0,0,0,0
2035.5,1,1,0,0,0,50,1248,0,0,0,4,0,824,1247,0,0,610,0,0,0,0
2035.5,1,1,0,0,0,55,678,0,0,0,1,0,413,661,0,0,285,0,0,0,0
2035.5,1,1,0,0,0,60,1760,0,0,0,34,0,127,573,0,0,102,0,0,0,0
2035.5,1,1,0,0,0,100,6,0,0,0,1,0,0,0,0,0,0,0,0,0,0
2035.5,1,1,0,0,1,0,0,0,0,0,0,0,0,0,0,0,0,0,0,0,0
2035.5,1,1,0,0,1,5,0,0,0,0,0,0,0,0,0,0,0,0,0,0,0
2035.5,1,1,0,0,1,10,0,0,0,0,0,0,0,0,0,0,0,0,0,0,0
2035.5,1,1,0,0,1,15,0,0,0,0,0,0,0,0,0,0,0,0,0,0,0
2035.5,1,1,0,0,1,20,0,0,0,0,0,0,0,0,0,0,0,0,0,0,0
2035.5,1,1,0,0,1,25,0,0,0,0,0,0,0,0,0,0,0,0,0,0,0
2035.5,1,1,0,0,1,30,0,0,0,0,0,0,0,0,0,0,0,0,0,0,0
2035.5,1,1,0,0,1,35,0,0,0,0,0,0,0,0,0,0,0,0,0,0,0
2035.5,1,1,0,0,1,40,0,0,0,0,0,0,0,0,0,0,0,0,0,0,0
2035.5,1,1,0,0,1,45,0,0,0,0,0,0,0,0,0,0,0,0,0,0,0
2035.5,1,1,0,0,1,50,0,0,0,0,0,0,0,0,0,0,0,0,0,0,0
2035.5,1,1,0,0,1,55,0,0,0,0,0,0,0,0,0,0,0,0,0,0,0
2035.5,1,1,0,0,1,60,0,0,0,0,0,0,0,0,0,0,0,0,0,0,0
2035.5,1,1,0,0,1,100,0,0,0,0,0,0,0,0,0,0,0,0,0,0,0
2035.5,1,1,0,1,0,0,14,14,2,0,1,1,3,4,4,3,0,0,0,0,0
2035.5,1,1,0,1,0,5,12,12,0,0,0,0,0,2,2,0,0,0,0,0,0
2035.5,1,1,0,1,0,10,22,22,2,0,0,0,2,4,3,2,0,2,0,0,0
2035.5,1,1,0,1,0,15,95,95,29,0,0,0,20,58,18,12,0,24,0,0,0
2035.5,1,1,0,1,0,20,202,202,39,0,3,3,61,171,72,36,0,31,0,0,0
2035.5,1,1,0,1,0,25,209,209,47,0,2,1,77,195,108,50,0,12,0,0,0
2035.5,1,1,0,1,0,30,197,197,36,0,0,0,48,191,122,44,0,13,0,0,0
2035.5,1,1,0,1,0,35,181,181,24,0,0,0,31,174,108,17,0,9,0,0,0
2035.5,1,1,0,1,0,40,153,153,23,0,2,2,26,149,94,12,0,6,0,0,0
2035.5,1,1,0,1,0,45,178,178,7,0,2,2,16,173,127,20,0,11,0,0,0
2035.5,1,1,0,1,0,50,179,179,5,0,2,2,20,171,129,21,0,5,0,0,0
2035.5,1,1,0,1,0,55,131,131,0,0,1,0,9,118,93,9,0,5,0,0,0
2035.5,1,1,0,1,0,60,178,178,7,0,6,4,7,87,59,7,0,6,0,0,0
2035.5,1,1,0,1,0,100,0,0,0,0,0,0,0,0,0,0,0,0,0,0,0
2035.5,1,1,0,1,1,0,13,13,0,13,0,0,13,13,13,0,0,0,0,0,0
2035.5,1,1,0,1,1,5,12,12,0,12,0,0,12,12,12,0,0,0,0,0,0
2035.5,1,1,0,1,1,10,6,6,0,6,0,0,6,6,6,0,0,0,0,0,0
2035.5,1,1,0,1,1,15,63,63,0,63,1,1,63,54,53,0,0,0,0,0,0
2035.5,1,1,0,1,1,20,386,386,0,386,3,2,386,342,288,0,0,8,0,0,0
2035.5,1,1,0,1,1,25,769,769,0,769,0,0,769,701,585,0,0,7,0,0,0
2035.5,1,1,0,1,1,30,1137,1137,0,1137,2,2,1137,1047,864,0,0,8,0,0,0
2035.5,1,1,0,1,1,35,1474,1474,0,1474,3,1,1474,1395,1096,0,0,7,0,0,0
2035.5,1,1,0,1,1,40,1762,1762,0,1762,5,2,1762,1664,1278,0,0,5,0,0,0
2035.5,1,1,0,1,1,45,1876,1876,0,1876,6,1,1876,1772,1369,0,0,11,0,0,0
2035.5,1,1,0,1,1,50,1657,1657,0,1657,5,1,1657,1542,1226,0,0,6,0,0,0
2035.5,1,1,0,1,1,55,1138,1138,0,1138,2,1,1138,992,803,0,0,6,0,0,0
2035.5,1,1,0,1,1,60,1469,1469,0,1469,16,2,1469,800,649,0,0,2,0,0,0
2035.5,1,1,0,1,1,100,1,1,0,1,0,0,1,0,0,0,0,0,0,0,0
2036,1,0,0,0,0,0,5949,0,0,0,20,0,455,1939,0,0,201,0,0,0,0
2036,1,0,0,0,0,5,5768,0,0,0,1,0,0,1956,0,0,0,0,0,0,2
2036,1,0,0,0,0,10,5816,0,0,0,1,0,0,2021,0,0,0,0,0,0,7
2036,1,0,0,0,0,15,5608,0,0,0,2,0,423,2270,0,0,405,0,0,0,20
2036,1,0,0,0,0,20,4960,0,0,0,3,0,2011,3507,0,0,1534,0,0,0,34
2036,1,0,0,0,0,25,4088,0,0,0,2,0,2225,3554,0,0,1591,0,0,0,17
2036,1,0,0,0,0,30,3401,0,0,0,4,0,2129,3181,0,0,1527,0,0,0,0
2036,1,0,0,0,0,35,2921,0,0,0,4,0,1831,2844,0,0,1322,0,0,0,0
2036,1,0,0,0,0,40,2504,0,0,0,4,0,1619,2475,0,0,1130,0,0,0,0
2036,1,0,0,0,0,45,2041,0,0,0,3,0,1335,2036,0,0,985,0,0,0,0
2036,1,0,0,0,0,50,1396,0,0,0,6,0,888,1391,0,0,642,0,0,0,0
2036,1,0,0,0,0,55,886,0,0,0,6,0,573,882,0,0,407,0,0,0,0
2036,1,0,0,0,0,60,1249,0,0,0,37,0,247,373,0,0,162,0,0,0,0
2036,1,0,0,0,0,100,1,0,0,0,0,0,0,0,0,0,0,0,0,0,0
2036,1,0,0,0,1,0,0,0,0,0,0,0,0,0,0,0,0,0,0,0,0
2036,1,0,0,0,1,5,0,0,0,0,0,0,0,0,0,0,0,0,0,0,0
2036,1,0,0,0,1,10,0,0,0,0,0,0,0,0,0,0,0,0,0,0,0
2036,1,0,0,0,1,15,0,0,0,0,0,0,0,0,0,0,0,0,0,0,0
2036,1,0,0,0,1,20,0,0,0,0,0,0,0,0,0,0,0,0,0,0,0
2036,1,0,0,0,1,25,0,0,0,0,0,0,0,0,0,0,0,0,0,0,0
2036,1,0,0,0,1,30,0,0,0,0,0,0,0,0,0,0,0,0,0,0,0
2036,1,0,0,0,1,35,0,0,0,0,0,0,0,0,0,0,0,0,0,0,0
2036,1,0,0,0,1,40,0,0,0,0,0,0,0,0,0,0,0,0,0,0,0
2036,1,0,0,0,1,45,0,0,0,0,0,0,0,0,0,0,0,0,0,0,0
2036,1,0,0,0,1,50,0,0,0,0,0,0,0,0,0,0,0,0,0,0,0
2036,1,0,0,0,1,55,0,0,0,0,0,0,0,0,0,0,0,0,0,0,0
2036,1,0,0,0,1,60,0,0,0,0,0,0,0,0,0,0,0,0,0,0,0
2036,1,0,0,0,1,100,0,0,0,0,0,0,0,0,0,0,0,0,0,0,0
2036,1,0,0,1,0,0,19,19,4,0,3,3,1,2,2,1,0,0,0,0,0
2036,1,0,0,1,0,5,20,20,0,0,0,0,1,5,5,1,0,0,0,0,0
2036,1,0,0,1,0,10,17,17,0,0,0,0,1,7,7,1,0,0,0,0,0
2036,1,0,0,1,0,15,29,29,7,0,0,0,3,14,4,2,0,2,0,0,0
2036,1,0,0,1,0,20,79,79,15,0,0,0,10,54,24,11,0,23,0,0,1
2036,1,0,0,1,0,25,153,153,19,0,1,1,41,120,66,25,0,28,0,0,1
2036,1,0,0,1,0,30,211,211,33,0,1,1,50,183,133,37,0,43,0,0,0
2036,1,0,0,1,0,35,191,191,14,0,3,3,33,172,134,26,0,21,0,0,0
2036,1,0,0,1,0,40,230,230,24,0,5,5,43,223,166,28,0,12,0,0,0
2036,1,0,0,1,0,45,148,148,15,0,3,3,29,147,118,16,0,8,0,0,0
2036,1,0,0,1,0,50,102,102,8,0,0,0,14,91,68,9,0,2,0,0,0
2036,1,0,0,1,0,55,64,64,4,0,1,1,10,58,45,4,0,0,0,0,0
2036,1,0,0,1,0,60,124,124,8,0,4,0,8,49,36,6,0,3,0,0,0
2036,1,0,0,1,0,100,0,0,0,0,0,0,0,0,0,0,0,0,0,0,0
2036,1,0,0,1,1,0,8,8,0,8,0,0,8,8,8,0,0,0,0,0,0
2036,1,0,0,1,1,5,11,11,0,11,0,0,11,11,11,0,0,0,0,0,0
2036,1,0,0,1,1,10,10,10,0,10,0,0,10,10,10,0,0,0,0,0,0
2036,1,0,0,1,1,15,15,15,0,15,0,0,15,15,15,0,0,0,0,0,0
2036,1,0,0,1,1,20,51,51,0,51,1,1,51,51,51,0,0,2,0,0,0
2036,1,0,0,1,1,25,213,213,0,213,1,1,213,213,213,0,0,9,0,0,0
2036,1,0,0,1,1,30,369,369,0,369,2,1,369,369,369,0,0,8,0,0,1
2036,1,0,0,1,1,35,493,493,0,493,1,1,493,485,481,0,0,13,0,0,0
2036,1,0,0,1,1,40,698,698,0,698,5,2,698,694,682,0,0,13,0,0,0
2036,1,0,0,1,1,45,907,907,0,907,5,3,907,889,836,0,0,12,0,0,0
2036,1,0,0,1,1,50,923,923,0,923,10,4,923,859,749,0,0,8,0,0,0
2036,1,0,0,1,1,55,744,744,0,744,12,1,744,653,549,0,0,5,0,0,0
2036,1,0,0,1,1,60,1075,1075,0,1075,33,4,1075,419,373,0,0,7,0,0,0
2036,1,0,0,1,1,100,0,0,0,0,0,0,0,0,0,0,0,0,0,0,0
2036,1,0,1,0,0,0,0,0,0,0,0,0,0,0,0,0,0,0,0,0,0
2036,1,0,1,0,0,5,2,0,0,0,0,0,0,1,0,0,0,0,0,0,0
2036,1,0,1,0,0,10,34,0,0,0,0,0,0,12,0,0,0,0,0,0,0
2036,1,0,1,0,0,15,134,0,0,0,0,0,18,53,0,0,11,0,0,0,0
2036,1,0,1,0,0,20,375,0,0,0,0,0,157,269,0,0,118,0,0,0,0
2036,1,0,1,0,0,25,528,0,0,0,0,0,303,458,0,0,206,0,0,0,0
2036,1,0,1,0,0,30,476,0,0,0,0,0,288,441,0,0,233,0,0,0,0
2036,1,0,1,0,0,35,427,0,0,0,0,0,262,418,0,0,194,0,0,0,0
2036,1,0,1,0,0,40,419,0,0,0,2,0,267,414,0,0,200,0,0,0,0
2036,1,0,1,0,0,45,326,0,0,0,0,0,212,322,0,0,150,0,0,0,0
2036,1,0,1,0,0,50,228,0,0,0,2,0,153,225,0,0,103,0,0,0,0
2036,1,0,1,0,0,55,160,0,0,0,4,0,109,160,0,0,84,0,0,0,0
2036,1,0,1,0,0,60,222,0,0,0,3,0,41,62,0,0,30,0,0,0,0
2036,1,0,1,0,0,100,1,0,0,0,0,0,0,0,0,0,0,0,0,0,0
2036,1,0,1,0,1,0,0,0,0,0,0,0,0,0,0,0,0,0,0,0,0
2036,1,0,1,0,1,5,0,0,0,0,0,0,0,0,0,0,0,0,0,0,0
2036,1,0,1,0,1,10,0,0,0,0,0,0,0,0,0,0,0,0,0,0,0
2036,1,0,1,0,1,15,0,0,0,0,0,0,0,0,0,0,0,0,0,0,0
2036,1,0,1,0,1,20,0,0,0,0,0,0,0,0,0,0,0,0,0,0,0
2036,1,0,1,0,1,25,0,0,0,0,0,0,0,0,0,0,0,0,0,0,0
2036,1,0,1,0,1,30,0,0,0,0,0,0,0,0,0,0,0,0,0,0,0
2036,1,0,1,0,1,35,0,0,0,0,0,0,0,0,0,0,0,0,0,0,0
2036,1,0,1,0,1,40,0,0,0,0,0,0,0,0,0,0,0,0,0,0,0
2036,1,0,1,0,1,45,0,0,0,0,0,0,0,0,0,0,0,0,0,0,0
2036,1,0,1,0,1,50,0,0,0,0,0,0,0,0,0,0,0,0,0,0,0
2036,1,0,1,0,1,55,0,0,0,0,0,0,0,0,0,0,0,0,0,0,0
2036,1,0,1,0,1,60,0,0,0,0,0,0,0,0,0,0,0,0,0,0,0
2036,1,0,1,0,1,100,0,0,0,0,0,0,0,0,0,0,0,0,0,0,0
2036,1,0,1,1,0,0,0,0,0,0,0,0,0,0,0,0,0,0,0,0,0
2036,1,0,1,1,0,5,0,0,0,0,0,0,0,0,0,0,0,0,0,0,0
2036,1,0,1,1,0,10,0,0,0,0,0,0,0,0,0,0,0,0,0,0,0
2036,1,0,1,1,0,15,0,0,0,0,0,0,0,0,0,0,0,0,0,0,0
2036,1,0,1,1,0,20,8,8,1,0,0,0,3,5,3,1,0,2,0,0,0
2036,1,0,1,1,0,25,12,12,2,0,0,0,1,8,7,3,0,0,0,0,0
2036,1,0,1,1,0,30,22,22,3,0,0,0,9,20,16,5,0,6,0,0,0
2036,1,0,1,1,0,35,19,19,1,0,0,0,2,18,17,4,0,2,0,0,0
2036,1,0,1,1,0,40,15,15,1,0,2,2,4,14,10,1,0,2,0,0,0
2036,1,0,1,1,0,45,15,15,1,0,1,0,3,14,9,0,0,1,0,0,0
2036,1,0,1,1,0,50,11,11,1,0,0,0,2,11,10,2,0,1,0,0,0
2036,1,0,1,1,0,55,13,13,2,0,0,0,3,12,6,0,0,0,0,0,0
2036,1,0,1,1,0,60,7,7,1,0,1,0,2,4,3,0,0,0,0,0,0
2036,1,0,1,1,0,100,0,0,0,0,0,0,0,0,0,0,0,0,0,0,0
2036,1,0,1,1,1,0,0,0,0,0,0,0,0,0,0,0,0,0,0,0,0
2036,1,0,1,1,1,5,0,0,0,0,0,0,0,0,0,0,0,0,0,0,0
2036,1,0,1,1,1,10,0,0,0,0,0,0,0,0,0,0,0,0,0,0,0
2036,1,0,1,1,1,15,0,0,0,0,0,0,0,0,0,0,0,0,0,0,0
2036,1,0,1,1,1,20,2,2,0,2,0,0,2,2,2,0,0,0,0,0,0
2036,1,0,1,1,1,25,22,22,0,22,0,0,22,22,22,0,0,0,0,0,0
2036,1,0,1,1,1,30,32,32,0,32,0,0,32,32,32,0,0,0,0,0,0
2036,1,0,1,1,1,35,49,49,0,49,1,1,49,49,48,0,0,1,0,0,0
2036,1,0,1,1,1,40,60,60,0,60,0,0,60,59,58,0,0,1,0,0,0
2036,1,0,1,1,1,45,75,75,0,75,4,3,75,73,68,0,0,0,0,0,0
2036,1,0,1,1,1,50,101,101,0,101,2,1,101,91,87,0,0,0,0,0,0
2036,1,0,1,1,1,55,80,80,0,80,3,1,80,73,58,0,0,1,0,0,0
2036,1,0,1,1,1,60,110,110,0,110,3,0,110,38,36,0,0,0,0,0,0
2036,1,0,1,1,1,100,0,0,0,0,0,0,0,0,0,0,0,0,0,0,0
2036,1,1,0,0,0,0,6118,0,0,0,14,0,440,1968,0,0,218,0,0,0,0
2036,1,1,0,0,0,5,5763,0,0,0,0,0,0,1981,0,0,0,0,0,0,0
2036,1,1,0,0,0,10,5965,0,0,0,0,0,117,2127,0,0,128,0,0,0,0
2036,1,1,0,0,0,15,5542,0,0,0,0,0,1371,3264,0,0,1045,0,0,0,0
2036,1,1,0,0,0,20,5005,0,0,0,1,0,2470,4313,0,0,1861,0,0,0,0
2036,1,1,0,0,0,25,4042,0,0,0,1,0,2523,3893,0,0,1941,0,0,0,0
2036,1,1,0,0,0,30,3301,0,0,0,1,0,2154,3275,0,0,1564,0,0,0,0
2036,1,1,0,0,0,35,2746,0,0,0,1,0,1866,2735,0,0,1396,0,0,0,0
2036,1,1,0,0,0,40,2190,0,0,0,2,0,1461,2189,0,0,999,0,0,0,0
2036,1,1,0,0,0,45,1819,0,0,0,3,0,1213,1819,0,0,832,0,0,0,0
2036,1,1,0,0,0,50,1255,0,0,0,3,0,831,1254,0,0,587,0,0,0,0
2036,1,1,0,0,0,55,736,0,0,0,1,0,479,725,0,0,326,0,0,0,0
2036,1,1,0,0,0,60,1775,0,0,0,41,0,145,616,0,0,95,0,0,0,0
2036,1,1,0,0,0,100,6,0,0,0,1,0,0,0,0,0,0,0,0,0,0
2036,1,1,0,0,1,0,0,0,0,0,0,0,0,0,0,0,0,0,0,0,0
2036,1,1,0,0,1,5,0,0,0,0,0,0,0,0,0,0,0,0,0,0,0
2036,1,1,0,0,1,10,0,0,0,0,0,0,0,0,0,0,0,0,0,0,0
2036,1,1,0,0,1,15,0,0,0,0,0,0,0,0,0,0,0,0,0,0,0
2036,1,1,0,0,1,20,0,0,0,0,0,0,0,0,0,0,0,0,0,0,0
2036,1,1,0,0,1,25,0,0,0,0,0,0,0,0,0,0,0,0,0,0,0
2036,1,1,0,0,1,30,0,0,0,0,0,0,0,0,0,0,0,0,0,0,0
2036,1,1,0,0,1,35,0,0,0,0,0,0,0,0,0,0,0,0,0,0,0
2036,1,1,0,0,1,40,0,0,0,0,0,0,0,0,0,0,0,0,0,0,0
2036,1,1,0,0,1,45,0,0,0,0,0,0,0,0,0,0,0,0,0,0,0
2036,1,1,0,0,1,50,0,0,0,0,0,0,0,0,0,0,0,0,0,0,0
2036,1,1,0,0,1,55,0,0,0,0,0,0,0,0,0,0,0,0,0,0,0
2036,1,1,0,0,1,60,0,0,0,0,0,0,0,0,0,0,0,0,0,0,0
2036,1,1,0,0,1,100,0,0,0,0,0,0,0,0,0,0,0,0,0,0,0
2036,1,1,0,1,0,0,11,11,2,0,1,1,0,1,1,0,0,0,0,0,0
2036,1,1,0,1,0,5,11,11,0,0,1,1,0,2,2,0,0,0,0,0,0
2036,1,1,0,1,0,10,27,27,9,0,2,2,1,5,3,1,0,9,0,0,0
2036,1,1,0,1,0,15,106,106,46,0,0,0,21,67,16,16,0,19,0,0,0
2036,1,1,0,1,0,20,205,205,45,0,1,1,62,170,77,36,0,12,0,0,0
2036,1,1,0,1,0,25,212,212,33,0,3,3,65,197,108,42,0,20,0,0,0
2036,1,1,0,1,0,30,201,201,31,0,3,3,50,193,123,33,0,7,0,0,0
2036,1,1,0,1,0,35,172,172,35,0,0,0,38,165,91,19,0,6,0,0,0
2036,1,1,0,1,0,40,143,143,16,0,1,1,20,139,90,12,0,9,0,0,0
2036,1,1,0,1,0,45,187,187,8,0,1,1,20,184,136,12,0,4,0,0,0
2036,1,1,0,1,0,50,177,177,5,0,4,3,10,170,122,11,0,4,0,0,0
2036,1,1,0,1,0,55,143,143,1,0,2,2,7,134,102,8,0,2,0,0,0
2036,1,1,0,1,0,60,184,184,7,0,3,1,17,95,67,20,0,1,0,0,0
2036,1,1,0,1,0,100,0,0,0,0,0,0,0,0,0,0,0,0,0,0,0
2036,1,1,0,1,1,0,16,16,0,16,0,0,16,16,16,0,0,0,0,0,0
2036,1,1,0,1,1,5,9,9,0,9,0,0,9,9,9,0,0,0,0,0,0
2036,1,1,0,1,1,10,8,8,0,8,0,0,8,8,8,0,0,0,0,0,0
2036,1,1,0,1,1,15,74,74,0,74,0,0,74,61,57,0,0,2,0,0,0
2036,1,1,0,1,1,20,376,376,0,376,0,0,376,331,268,0,0,7,0,0,0
2036,1,1,0,1,1,25,758,758,0,758,0,0,758,696,587,0,0,4,0,0,0
2036,1,1,0,1,1,30,1154,1154,0,1154,1,1,1154,1067,882,0,0,13,0,0,0
2036,1,1,0,1,1,35,1472,1472,0,1472,2,1,1472,1387,1087,0,0,8,0,0,0
2036,1,1,0,1,1,40,1757,1757,0,1757,2,2,1757,1664,1279,0,0,4,0,0,0
2036,1,1,0,1,1,45,1870,1870,0,1870,5,1,1870,1768,1364,0,0,13,0,0,0
2036,1,1,0,1,1,50,1673,1673,0,1673,6,4,1673,1557,1226,0,0,7,0,0,0
2036,1,1,0,1,1,55,1183,1183,0,1183,11,5,1183,1042,853,0,0,6,0,0,0
2036,1,1,0,1,1,60,1555,1555,0,1555,15,6,1555,885,719,0,0,3,0,0,0
2036,1,1,0,1,1,100,1,1,0,1,0,0,1,0,0,0,0,0,0,0,0
2036.5,1,0,0,0,0,0,5948,0,0,0,23,0,422,1943,0,0,193,0,0,0,0
2036.5,1,0,0,0,0,5,5742,0,0,0,3,0,0,1946,0,0,0,0,0,0,0
2036.5,1,0,0,0,0,10,5871,0,0,0,3,0,0,2040,0,0,0,0,0,0,7
2036.5,1,0,0,0,0,15,5545,0,0,0,2,0,440,2239,0,0,410,0,0,0,11
2036.5,1,0,0,0,0,20,5038,0,0,0,7,0,2045,3573,0,0,1552,0,0,0,23
2036.5,1,0,0,0,0,25,4113,0,0,0,1,0,2230,3600,0,0,1618,0,0,0,11
2036.5,1,0,0,0,0,30,3447,0,0,0,5,0,2163,3220,0,0,1542,0,0,0,1
2036.5,1,0,0,0,0,35,2964,0,0,0,4,0,1880,2888,0,0,1350,0,0,0,0
2036.5,1,0,0,0,0,40,2482,0,0,0,6,0,1589,2460,0,0,1141,0,0,0,0
2036.5,1,0,0,0,0,45,2101,0,0,0,8,0,1394,2090,0,0,977,0,0,0,0
2036.5,1,0,0,0,0,50,1459,0,0,0,4,0,972,1456,0,0,715,0,0,0,0
2036.5,1,0,0,0,0,55,858,0,0,0,8,0,569,857,0,0,423,0,0,0,0
2036.5,1,0,0,0,0,60,1300,0,0,0,28,0,300,456,0,0,213,0,0,0,0
2036.5,1,0,0,0,0,100,1,0,0,0,0,0,0,0,0,0,0,0,0,0,0
2036.5,1,0,0,0,1,0,0,0,0,0,0,0,0,0,0,0,0,0,0,0,0
2036.5,1,0,0,0,1,5,0,0,0,0,0,0,0,0,0,0,0,0,0,0,0
2036.5,1,0,0,0,1,10,0,0,0,0,0,0,0,0,0,0,0,0,0,0,0
2036.5,1,0,0,0,1,15,0,0,0,0,0,0,0,0,0,0,0,0,0,0,0
2036.5,1,0,0,0,1,20,0,0,0,0,0,0,0,0,0,0,0,0,0,0,0
2036.5,1,0,0,0,1,25,0,0,0,0,0,0,0,0,0,0,0,0,0,0,0
2036.5,1,0,0,0,1,30,0,0,0,0,0,0,0,0,0,0,0,0,0,0,0
2036.5,1,0,0,0,1,35,0,0,0,0,0,0,0,0,0,0,0,0,0,0,0
2036.5,1,0,0,0,1,40,0,0,0,0,0,0,0,0,0,0,0,0,0,0,0
2036.5,1,0,0,0,1,45,0,0,0,0,0,0,0,0,0,0,0,0,0,0,0
2036.5,1,0,0,0,1,50,0,0,0,0,0,0,0,0,0,0,0,0,0,0,0
2036.5,1,0,0,0,1,55,0,0,0,0,0,0,0,0,0,0,0,0,0,0,0
2036.5,1,0,0,0,1,60,0,0,0,0,0,0,0,0,0,0,0,0,0,0,0
2036.5,1,0,0,0,1,100,0,0,0,0,0,0,0,0,0,0,0,0,0,0,0
2036.5,1,0,0,1,0,0,19,19,6,0,2,2,2,2,2,3,0,0,0,0,0
2036.5,1,0,0,1,0,5,21,21,0,0,0,0,0,5,5,0,0,0,0,0,0
2036.5,1,0,0,1,0,10,17,17,0,0,0,0,1,6,6,0,0,0,0,0,0
2036.5,1,0,0,1,0,15,26,26,4,0,0,0,4,16,6,5,0,5,0,0,0
2036.5,1,0,0,1,0,20,78,78,18,0,0,0,14,49,23,13,0,15,0,0,0
2036.5,1,0,0,1,0,25,156,156,25,0,1,1,37,123,68,32,0,36,0,0,1
2036.5,1,0,0,1,0,30,204,204,16,0,4,4,39,175,129,28,0,29,0,0,0
2036.5,1,0,0,1,0,35,188,188,17,0,6,5,34,168,132,24,0,17,0,0,0
2036.5,1,0,0,1,0,40,233,233,25,0,0,0,40,227,166,39,0,21,0,0,0
2036.5,1,0,0,1,0,45,121,121,15,0,5,4,28,119,95,19,0,16,0,0,0
2036.5,1,0,0,1,0,50,111,111,7,0,1,1,10,102,72,7,0,5,0,0,0
2036.5,1,0,0,1,0,55,67,67,7,0,2,0,5,60,46,3,0,1,0,0,0
2036.5,1,0,0,1,0,60,126,126,9,0,4,2,6,55,38,9,0,4,0,0,0
2036.5,1,0,0,1,0,100,0,0,0,0,0,0,0,0,0,0,0,0,0,0,0
2036.5,1,0,0,1,1,0,8,8,0,8,0,0,8,8,8,0,0,0,0,0,0
2036.5,1,0,0,1,1,5,12,12,0,12,0,0,12,12,12,0,0,0,0,0,0
2036.5,1,0,0,1,1,10,8,8,0,8,0,0,8,8,8,0,0,0,0,0,1
2036.5,1,0,0,1,1,15,17,17,0,17,0,0,17,17,17,0,0,0,0,0,0
2036.5,1,0,0,1,1,20,52,52,0,52,1,1,52,52,52,0,0,1,0,0,0
2036.5,1,0,0,1,1,25,208,208,0,208,0,0,208,208,208,0,0,5,0,0,0
2036.5,1,0,0,1,1,30,366,366,0,366,2,1,366,366,366,0,0,8,0,0,0
2036.5,1,0,0,1,1,35,503,503,0,503,3,3,503,499,493,0,0,16,0,0,0
2036.5,1,0,0,1,1,40,690,690,0,690,4,3,690,682,670,0,0,14,0,0,0
2036.5,1,0,0,1,1,45,919,919,0,919,6,5,919,906,858,0,0,9,0,0,0
2036.5,1,0,0,1,1,50,932,932,0,932,9,6,932,871,772,0,0,6,0,0,0
2036.5,1,0,0,1,1,55,771,771,0,771,9,3,771,681,564,0,0,6,0,0,0
2036.5,1,0,0,1,1,60,1115,1115,0,1115,26,2,1115,465,412,0,0,14,0,0,0
2036.5,1,0,0,1,1,100,0,0,0,0,0,0,0,0,0,0,0,0,0,0,0
2036.5,1,0,1,0,0,0,0,0,0,0,0,0,0,0,0,0,0,0,0,0,0
2036.5,1,0,1,0,0,5,2,0,0,0,0,0,0,1,0,0,0,0,0,0,0
2036.5,1,0,1,0,0,10,33,0,0,0,0,0,0,12,0,0,0,0,0,0,0
2036.5,1,0,1,0,0,15,140,0,0,0,0,0,23,64,0,0,18,0,0,0,0
2036.5,1,0,1,0,0,20,357,0,0,0,0,0,148,256,0,0,116,0,0,0,0
2036.5,1,0,1,0,0,25,534,0,0,0,0,0,292,464,0,0,217,0,0,0,0
2036.5,1,0,1,0,0,30,495,0,0,0,0,0,299,461,0,0,229,0,0,0,0
2036.5,1,0,1,0,0,35,422,0,0,0,1,0,273,412,0,0,198,0,0,0,0
2036.5,1,0,1,0,0,40,414,0,0,0,1,0,258,409,0,0,189,0,0,0,0
2036.5,1,0,1,0,0,45,336,0,0,0,1,0,220,333,0,0,142,0,0,0,0
2036.5,1,0,1,0,0,50,240,0,0,0,1,0,159,238,0,0,103,0,0,0,0
2036.5,1,0,1,0,0,55,163,0,0,0,4,0,117,162,0,0,81,0,0,0,0
2036.5,1,0,1,0,0,60,228,0,0,0,5,0,45,75,0,0,26,0,0,0,0
2036.5,1,0,1,0,0,100,1,0,0,0,0,0,0,0,0,0,0,0,0,0,0
2036.5,1,0,1,0,1,0,0,0,0,0,0,0,0,0,0,0,0,0,0,0,0
2036.5,1,0,1,0,1,5,0,0,0,0,0,0,0,0,0,0,0,0,0,0,0
2036.5,1,0,1,0,1,10,0,0,0,0,0,0,0,0,0,0,0,0,0,0,0
2036.5,1,0,1,0,1,15,0,0,0,0,0,0,0,0,0,0,0,0,0,0,0
2036.5,1,0,1,0,1,20,0,0,0,0,0,0,0,0,0,0,0,0,0,0,0
2036.5,1,0,1,0,1,25,0,0,0,0,0,0,0,0,0,0,0,0,0,0,0
2036.5,1,0,1,0,1,30,0,0,0,0,0,0,0,0,0,0,0,0,0,0,0
2036.5,1,0,1,0,1,35,0,0,0,0,0,0,0,0,0,0,0,0,0,0,0
2036.5,1,0,1,0,1,40,0,0,0,0,0,0,0,0,0,0,0,0,0,0,0
2036.5,1,0,1,0,1,45,0,0,0,0,0,0,0,0,0,0,0,0,0,0,0
2036.5,1,0,1,0,1,50,0,0,0,0,0,0,0,0,0,0,0,0,0,0,0
2036.5,1,0,1,0,1,55,0,0,0,0,0,0,0,0,0,0,0,0,0,0,0
2036.5,1,0,1,0,1,60,0,0,0,0,0,0,0,0,0,0,0,0,0,0,0
2036.5,1,0,1,0,1,100,0,0,0,0,0,0,0,0,0,0,0,0,0,0,0
2036.5,1,0,1,1,0,0,0,0,0,0,0,0,0,0,0,0,0,0,0,0,0
2036.5,1,0,1,1,0,5,0,0,0,0,0,0,0,0,0,0,0,0,0,0,0
2036.5,1,0,1,1,0,10,1,1,0,0,0,0,0,1,1,0,0,0,0,0,0
2036.5,1,0,1,1,0,15,0,0,0,0,0,0,0,0,0,0,0,0,0,0,0
2036.5,1,0,1,1,0,20,6,6,1,0,0,0,2,4,2,2,0,1,0,0,0
2036.5,1,0,1,1,0,25,15,15,0,0,0,0,2,11,11,2,0,2,0,0,0
2036.5,1,0,1,1,0,30,19,19,2,0,0,0,3,16,13,3,0,1,0,0,0
2036.5,1,0,1,1,0,35,14,14,0,0,1,1,3,13,12,4,0,1,0,0,0
2036.5,1,0,1,1,0,40,15,15,3,0,0,0,3,14,10,2,0,2,0,0,0
2036.5,1,0,1,1,0,45,17,17,1,0,0,0,2,16,12,2,0,1,0,0,0
2036.5,1,0,1,1,0,50,9,9,0,0,0,0,2,9,8,2,0,0,0,0,0
2036.5,1,0,1,1,0,55,10,10,0,0,0,0,1,9,6,0,0,1,0,0,0
2036.5,1,0,1,1,0,60,13,13,2,0,0,0,0,3,2,0,0,0,0,0,0
2036.5,1,0,1,1,0,100,0,0,0,0,0,0,0,0,0,0,0,0,0,0,0
2036.5,1,0,1,1,1,0,0,0,0,0,0,0,0,0,0,0,0,0,0,0,0
2036.5,1,0,1,1,1,5,0,0,0,0,0,0,0,0,0,0,0,0,0,0,0
2036.5,1,0,1,1,1,10,0,0,0,0,0,0,0,0,0,0,0,0,0,0,0
2036.5,1,0,1,1,1,15,0,0,0,0,0,0,0,0,0,0,0,0,0,0,0
2036.5,1,0,1,1,1,20,2,2,0,2,0,0,2,2,2,0,0,1,0,0,0
2036.5,1,0,1,1,1,25,22,22,0,22,1,1,22,22,22,0,0,1,0,0,0
2036.5,1,0,1,1,1,30,31,31,0,31,0,0,31,31,31,0,0,0,0,0,0
2036.5,1,0,1,1,1,35,51,51,0,51,0,0,51,51,50,0,0,0,0,0,0
2036.5,1,0,1,1,1,40,66,66,0,66,0,0,66,65,63,0,0,0,0,0,0
2036.5,1,0,1,1,1,45,63,63,0,63,0,0,63,62,57,0,0,3,0,0,0
2036.5,1,0,1,1,1,50,102,102,0,102,2,0,102,93,89,0,0,1,0,0,0
2036.5,1,0,1,1,1,55,86,86,0,86,3,2,86,78,59,0,0,1,0,0,0
2036.5,1,0,1,1,1,60,112,112,0,112,1,0,112,45,43,0,0,1,0,0,0
2036.5,1,0,1,1,1,100,0,0,0,0,0,0,0,0,0,0,0,0,0,0,0
2036.5,1,1,0,0,0,0,6075,0,0,0,11,0,449,1941,0,0,198,0,0,0,0
2036.5,1,1,0,0,0,5,5812,0,0,0,0,0,0,2010,0,0,0,0,0,0,0
2036.5,1,1,0,0,0,10,5993,0,0,0,1,0,121,2140,0,0,109,0,0,0,0
2036.5,1,1,0,0,0,15,5539,0,0,0,2,0,1349,3259,0,0,1007,0,0,0,0
2036.5,1,1,0,0,0,20,5034,0,0,0,2,0,2404,4320,0,0,1799,0,0,0,0
2036.5,1,1,0,0,0,25,4088,0,0,0,1,0,2542,3944,0,0,1952,0,0,0,0
2036.5,1,1,0,0,0,30,3311,0,0,0,3,0,2205,3283,0,0,1711,0,0,0,0
2036.5,1,1,0,0,0,35,2793,0,0,0,2,0,1883,2784,0,0,1371,0,0,0,0
2036.5,1,1,0,0,0,40,2197,0,0,0,5,0,1426,2196,0,0,1048,0,0,0,0
2036.5,1,1,0,0,0,45,1835,0,0,0,3,0,1199,1835,0,0,847,0,0,0,0
2036.5,1,1,0,0,0,50,1297,0,0,0,5,0,848,1296,0,0,579,0,0,0,0
2036.5,1,1,0,0,0,55,789,0,0,0,2,0,531,784,0,0,380,0,0,0,0
2036.5,1,1,0,0,0,60,1775,0,0,0,42,0,150,652,0,0,98,0,0,0,0
2036.5,1,1,0,0,0,100,4,0,0,0,2,0,0,0,0,0,0,0,0,0,0
2036.5,1,1,0,0,1,0,0,0,0,0,0,0,0,0,0,0,0,0,0,0,0
2036.5,1,1,0,0,1,5,0,0,0,0,0,0,0,0,0,0,0,0,0,0,0
2036.5,1,1,0,0,1,10,0,0,0,0,0,0,0,0,0,0,0,0,0,0,0
2036.5,1,1,0,0,1,15,0,0,0,0,0,0,0,0,0,0,0,0,0,0,0
2036.5,1,1,0,0,1,20,0,0,0,0,0,0,0,0,0,0,0,0,0,0,0
2036.5,1,1,0,0,1,25,0,0,0,0,0,0,0,0,0,0,0,0,0,0,0
2036.5,1,1,0,0,1,30,0,0,0,0,0,0,0,0,0,0,0,0,0,0,0
2036.5,1,1,0,0,1,35,0,0,0,0,0,0,0,0,0,0,0,0,0,0,0
2036.5,1,1,0,0,1,40,0,0,0,0,0,0,0,0,0,0,0,0,0,0,0
2036.5,1,1,0,0,1,45,0,0,0,0,0,0,0,0,0,0,0,0,0,0,0
2036.5,1,1,0,0,1,50,0,0,0,0,0,0,0,0,0,0,0,0,0,0,0
2036.5,1,1,0,0,1,55,0,0,0,0,0,0,0,0,0,0,0,0,0,0,0
2036.5,1,1,0,0,1,60,0,0,0,0,0,0,0,0,0,0,0,0,0,0,0
2036.5,1,1,0,0,1,100,0,0,0,0,0,0,0,0,0,0,0,0,0,0,0
2036.5,1,1,0,1,0,0,10,10,5,0,4,4,2,3,3,4,0,0,0,0,0
2036.5,1,1,0,1,0,5,10,10,0,0,0,0,0,2,2,0,0,0,0,0,0
2036.5,1,1,0,1,0,10,23,23,3,0,3,3,0,3,1,0,0,2,0,0,0
2036.5,1,1,0,1,0,15,106,106,29,0,1,1,14,64,15,8,0,18,0,0,0
2036.5,1,1,0,1,0,20,207,207,49,0,1,1,54,169,68,33,0,17,0,0,0
2036.5,1,1,0,1,0,25,210,210,48,0,0,0,65,195,99,40,0,17,0,0,0
2036.5,1,1,0,1,0,30,207,207,34,0,1,1,55,195,116,38,0,10,0,0,0
2036.5,1,1,0,1,0,35,156,156,24,0,1,0,36,153,91,15,0,4,0,0,0
2036.5,1,1,0,1,0,40,148,148,24,0,0,0,27,144,96,19,0,3,0,0,0
2036.5,1,1,0,1,0,45,190,190,17,0,3,2,22,185,127,13,0,2,0,0,0
2036.5,1,1,0,1,0,50,183,183,6,0,5,5,14,178,127,15,0,7,0,0,0
2036.5,1,1,0,1,0,55,132,132,2,0,2,2,7,126,95,16,0,4,0,0,0
2036.5,1,1,0,1,0,60,191,191,9,0,4,3,13,104,71,12,0,3,0,0,0
2036.5,1,1,0,1,0,100,0,0,0,0,0,0,0,0,0,0,0,0,0,0,0
2036.5,1,1,0,1,1,0,16,16,0,16,0,0,16,16,16,0,0,0,0,0,0
2036.5,1,1,0,1,1,5,10,10,0,10,0,0,10,10,10,0,0,0,0,0,0
2036.5,1,1,0,1,1,10,6,6,0,6,0,0,6,6,6,0,0,0,0,0,0
2036.5,1,1,0,1,1,15,79,79,0,79,1,1,79,62,55,0,0,2,0,0,0
2036.5,1,1,0,1,1,20,377,377,0,377,1,1,377,335,271,0,0,2,0,0,0
2036.5,1,1,0,1,1,25,772,772,0,772,1,1,772,712,601,0,0,9,0,0,0
2036.5,1,1,0,1,1,30,1140,1140,0,1140,3,2,1140,1052,868,0,0,4,0,0,0
2036.5,1,1,0,1,1,35,1488,1488,0,1488,2,0,1488,1407,1098,0,0,9,0,0,0
2036.5,1,1,0,1,1,40,1736,1736,0,1736,1,0,1736,1646,1259,0,0,18,0,0,0
2036.5,1,1,0,1,1,45,1883,1883,0,1883,3,0,1883,1777,1347,0,0,11,0,0,0
2036.5,1,1,0,1,1,50,1702,1702,0,1702,6,1,1702,1591,1271,0,0,5,0,0,0
2036.5,1,1,0,1,1,55,1230,1230,0,1230,10,5,1230,1097,900,0,0,4,0,0,0
2036.5,1,1,0,1,1,60,1643,1643,0,1643,24,3,1643,966,783,0,0,1,0,0,0
2036.5,1,1,0,1,1,100,2,2,0,2,0,0,2,0,0,0,0,0,0,0,0
2037,1,0,0,0,0,0,6003,0,0,0,18,0,443,1955,0,0,211,0,0,0,0
2037,1,0,0,0,0,5,5719,0,0,0,3,0,0,1960,0,0,0,0,0,0,0
2037,1,0,0,0,0,10,5861,0,0,0,4,0,1,2016,0,0,1,0,0,0,3
2037,1,0,0,0,0,15,5608,0,0,0,4,0,477,2297,0,0,429,0,0,0,12
2037,1,0,0,0,0,20,5049,0,0,0,4,0,2045,3574,0,0,1566,0,0,0,29
2037,1,0,0,0,0,25,4169,0,0,0,0,0,2328,3674,0,0,1731,0,0,0,18
2037,1,0,0,0,0,30,3452,0,0,0,6,0,2190,3235,0,0,1586,0,0,0,3
2037,1,0,0,0,0,35,3005,0,0,0,3,0,1948,2934,0,0,1431,0,0,0,0
2037,1,0,0,0,0,40,2494,0,0,0,4,0,1625,2472,0,0,1238,0,0,0,0
2037,1,0,0,0,0,45,2103,0,0,0,11,0,1394,2089,0,0,1017,0,0,0,0
2037,1,0,0,0,0,50,1512,0,0,0,13,0,1007,1509,0,0,714,0,0,0,0
2037,1,0,0,0,0,55,872,0,0,0,5,0,574,871,0,0,417,0,0,0,0
2037,1,0,0,0,0,60,1330,0,0,0,33,0,368,520,0,0,258,0,0,0,0
2037,1,0,0,0,0,100,1,0,0,0,0,0,0,0,0,0,0,0,0,0,0
2037,1,0,0,0,1,0,0,0,0,0,0,0,0,0,0,0,0,0,0,0,0
2037,1,0,0,0,1,5,0,0,0,0,0,0,0,0,0,0,0,0,0,0,0
2037,1,0,0,0,1,10,0,0,0,0,0,0,0,0,0,0,0,0,0,0,0
2037,1,0,0,0,1,15,0,0,0,0,0,0,0,0,0,0,0,0,0,0,0
2037,1,0,0,0,1,20,0,0,0,0,0,0,0,0,0,0,0,0,0,0,0
2037,1,0,0,0,1,25,0,0,0,0,0,0,0,0,0,0,0,0,0,0,0
2037,1,0,0,0,1,30,0,0,0,0,0,0,0,0,0,0,0,0,0,0,0
2037,1,0,0,0,1,35,0,0,0,0,0,0,0,0,0,0,0,0,0,0,0
2037,1,0,0,0,1,40,0,0,0,0,0,0,0,0,0,0,0,0,0,0,0
2037,1,0,0,0,1,45,0,0,0,0,0,0,0,0,0,0,0,0,0,0,0
2037,1,0,0,0,1,50,0,0,0,0,0,0,0,0,0,0,0,0,0,0,0
2037,1,0,0,0,1,55,0,0,0,0,0,0,0,0,0,0,0,0,0,0,0
2037,1,0,0,0,1,60,0,0,0,0,0,0,0,0,0,0,0,0,0,0,0
2037,1,0,0,0,1,100,0,0,0,0,0,0,0,0,0,0,0,0,0,0,0
2037,1,0,0,1,0,0,19,19,4,0,2,2,4,4,4,4,0,0,0,0,0
2037,1,0,0,1,0,5,21,21,0,0,0,0,0,4,4,0,0,0,0,0,0
2037,1,0,0,1,0,10,16,16,0,0,0,0,0,6,6,1,0,0,0,0,0
2037,1,0,0,1,0,15,21,21,6,0,1,1,1,11,3,1,0,3,0,0,0
2037,1,0,0,1,0,20,76,76,14,0,0,0,16,44,18,15,0,17,0,0,0
2037,1,0,0,1,0,25,153,153,23,0,4,3,35,121,64,25,0,19,0,0,1
2037,1,0,0,1,0,30,205,205,13,0,3,3,39,178,141,27,0,20,0,0,0
2037,1,0,0,1,0,35,183,183,18,0,4,4,32,165,134,24,0,20,0,0,0
2037,1,0,0,1,0,40,215,215,23,0,2,2,52,210,160,44,0,23,0,0,0
2037,1,0,0,1,0,45,128,128,13,0,1,0,23,126,101,14,0,7,0,0,0
2037,1,0,0,1,0,50,97,97,12,0,1,0,14,93,65,12,0,6,0,0,0
2037,1,0,0,1,0,55,64,64,9,0,3,1,7,58,38,4,0,1,0,0,0
2037,1,0,0,1,0,60,140,140,8,0,6,3,8,67,52,9,0,4,0,0,0
2037,1,0,0,1,0,100,0,0,0,0,0,0,0,0,0,0,0,0,0,0,0
2037,1,0,0,1,1,0,9,9,0,9,0,0,9,9,9,0,0,0,0,0,0
2037,1,0,0,1,1,5,13,13,0,13,0,0,13,13,13,0,0,0,0,0,0
2037,1,0,0,1,1,10,9,9,0,9,0,0,9,9,9,0,0,0,0,0,0
2037,1,0,0,1,1,15,17,17,0,17,2,2,17,17,17,0,0,1,0,0,0
2037,1,0,0,1,1,20,63,63,0,63,0,0,63,63,63,0,0,2,0,0,0
2037,1,0,0,1,1,25,205,205,0,205,1,1,205,205,205,0,0,3,0,0,1
2037,1,0,0,1,1,30,357,357,0,357,0,0,357,357,357,0,0,12,0,0,0
2037,1,0,0,1,1,35,501,501,0,501,3,2,501,496,486,0,0,6,0,0,0
2037,1,0,0,1,1,40,708,708,0,708,7,4,708,698,686,0,0,8,0,0,0
2037,1,0,0,1,1,45,907,907,0,907,10,8,907,895,850,0,0,17,0,0,0
2037,1,0,0,1,1,50,951,951,0,951,8,1,951,897,789,0,0,7,0,0,0
2037,1,0,0,1,1,55,788,788,0,788,5,1,788,703,586,0,0,3,0,0,0
2037,1,0,0,1,1,60,1140,1140,0,1140,42,5,1140,505,441,0,0,10,0,0,0
2037,1,0,0,1,1,100,1,1,0,1,0,0,1,0,0,0,0,0,0,0,0
2037,1,0,1,0,0,0,0,0,0,0,0,0,0,0,0,0,0,0,0,0,0
2037,1,0,1,0,0,5,2,0,0,0,0,0,0,1,0,0,0,0,0,0,0
2037,1,0,1,0,0,10,28,0,0,0,0,0,0,12,0,0,0,0,0,0,0
2037,1,0,1,0,0,15,135,0,0,0,0,0,20,60,0,0,17,0,0,0,0
2037,1,0,1,0,0,20,365,0,0,0,1,0,159,259,0,0,120,0,0,0,0
2037,1,0,1,0,0,25,542,0,0,0,0,0,296,472,0,0,224,0,0,0,0
2037,1,0,1,0,0,30,502,0,0,0,0,0,318,470,0,0,212,0,0,0,0
2037,1,0,1,0,0,35,427,0,0,0,1,0,279,415,0,0,205,0,0,0,0
2037,1,0,1,0,0,40,408,0,0,0,2,0,254,405,0,0,180,0,0,0,0
2037,1,0,1,0,0,45,344,0,0,0,0,0,207,340,0,0,148,0,0,0,0
2037,1,0,1,0,0,50,246,0,0,0,0,0,162,244,0,0,117,0,0,0,0
2037,1,0,1,0,0,55,168,0,0,0,2,0,116,167,0,0,82,0,0,0,0
2037,1,0,1,0,0,60,233,0,0,0,5,0,55,83,0,0,47,0,0,0,0
2037,1,0,1,0,0,100,1,0,0,0,0,0,0,0,0,0,0,0,0,0,0
2037,1,0,1,0,1,0,0,0,0,0,0,0,0,0,0,0,0,0,0,0,0
2037,1,0,1,0,1,5,0,0,0,0,0,0,0,0,0,0,0,0,0,0,0
2037,1,0,1,0,1,10,0,0,0,0,0,0,0,0,0,0,0,0,0,0,0
2037,1,0,1,0,1,15,0,0,0,0,0,0,0,0,0,0,0,0,0,0,0
2037,1,0,1,0,1,20,0,0,0,0,0,0,0,0,0,0,0,0,0,0,0
2037,1,0,1,0,1,25,0,0,0,0,0,0,0,0,0,0,0,0,0,0,0
2037,1,0,1,0,1,30,0,0,0,0,0,0,0,0,0,0,0,0,0,0,0
2037,1,0,1,0,1,35,0,0,0,0,0,0,0,0,0,0,0,0,0,0,0
2037,1,0,1,0,1,40,0,0,0,0,0,0,0,0,0,0,0,0,0,0,0
2037,1,0,1,0,1,45,0,0,0,0,0,0,0,0,0,0,0,0,0,0,0
2037,1,0,1,0,1,50,0,0,0,0,0,0,0,0,0,0,0,0,0,0,0
2037,1,0,1,0,1,55,0,0,0,0,0,0,0,0,0,0,0,0,0,0,0
2037,1,0,1,0,1,60,0,0,0,0,0,0,0,0,0,0,0,0,0,0,0
2037,1,0,1,0,1,100,0,0,0,0,0,0,0,0,0,0,0,0,0,0,0
2037,1,0,1,1,0,0,0,0,0,0,0,0,0,0,0,0,0,0,0,0,0
2037,1,0,1,1,0,5,0,0,0,0,0,0,0,0,0,0,0,0,0,0,0
2037,1,0,1,1,0,10,0,0,0,0,0,0,0,0,0,1,0,0,0,0,0
2037,1,0,1,1,0,15,0,0,0,0,0,0,0,0,0,0,0,0,0,0,0
2037,1,0,1,1,0,20,5,5,0,0,1,1,1,3,2,1,0,0,0,0,0
2037,1,0,1,1,0,25,13,13,1,0,0,0,1,9,9,3,0,1,0,0,0
2037,1,0,1,1,0,30,18,18,2,0,0,0,4,16,14,3,0,7,0,0,0
2037,1,0,1,1,0,35,13,13,1,0,1,1,4,12,10,3,0,0,0,0,0
2037,1,0,1,1,0,40,17,17,3,0,1,1,4,16,12,3,0,1,0,0,0
2037,1,0,1,1,0,45,14,14,5,0,0,0,3,13,11,3,0,2,0,0,0
2037,1,0,1,1,0,50,11,11,2,0,0,0,2,11,8,1,0,0,0,0,0
2037,1,0,1,1,0,55,10,10,2,0,0,0,3,10,7,1,0,0,0,0,0
2037,1,0,1,1,0,60,21,21,3,0,0,0,2,7,3,1,0,0,0,0,0
2037,1,0,1,1,0,100,0,0,0,0,0,0,0,0,0,0,0,0,0,0,0
2037,1,0,1,1,1,0,0,0,0,0,0,0,0,0,0,0,0,0,0,0,0
2037,1,0,1,1,1,5,0,0,0,0,0,0,0,0,0,0,0,0,0,0,0
2037,1,0,1,1,1,10,1,1,0,1,0,0,1,1,1,0,0,0,0,0,0
2037,1,0,1,1,1,15,0,0,0,0,0,0,0,0,0,0,0,0,0,0,0
2037,1,0,1,1,1,20,2,2,0,2,0,0,2,2,2,0,0,0,0,0,0
2037,1,0,1,1,1,25,21,21,0,21,0,0,21,21,21,0,0,0,0,0,0
2037,1,0,1,1,1,30,35,35,0,35,0,0,35,35,35,0,0,0,0,0,0
2037,1,0,1,1,1,35,46,46,0,46,0,0,46,46,45,0,0,2,0,0,0
2037,1,0,1,1,1,40,68,68,0,68,0,0,68,67,65,0,0,1,0,0,0
2037,1,0,1,1,1,45,69,69,0,69,1,1,69,68,60,0,0,0,0,0,0
2037,1,0,1,1,1,50,99,99,0,99,1,1,99,92,86,0,0,2,0,0,0
2037,1,0,1,1,1,55,85,85,0,85,3,2,85,75,61,0,0,0,0,0,0
2037,1,0,1,1,1,60,113,113,0,113,2,0,113,51,45,0,0,0,0,0,0
2037,1,0,1,1,1,100,0,0,0,0,0,0,0,0,0,0,0,0,0,0,0
2037,1,1,0,0,0,0,6036,0,0,0,11,0,442,1941,0,0,209,0,0,0,0
2037,1,1,0,0,0,5,5868,0,0,0,1,0,0,2024,0,0,0,0,0,0,0
2037,1,1,0,0,0,10,6014,0,0,0,0,0,119,2137,0,0,142,0,0,0,0
2037,1,1,0,0,0,15,5513,0,0,0,0,0,1305,3236,0,0,1000,0,0,0,0
2037,1,1,0,0,0,20,5095,0,0,0,1,0,2395,4360,0,0,1903,0,0,0,0
2037,1,1,0,0,0,25,4114,0,0,0,2,0,2530,3970,0,0,1936,0,0,0,0
2037,1,1,0,0,0,30,3379,0,0,0,1,0,2231,3351,0,0,1660,0,0,0,0
2037,1,1,0,0,0,35,2808,0,0,0,2,0,1885,2799,0,0,1416,0,0,0,0
2037,1,1,0,0,0,40,2253,0,0,0,3,0,1487,2252,0,0,1094,0,0,0,0
2037,1,1,0,0,0,45,1837,0,0,0,3,0,1217,1837,0,0,890,0,0,0,0
2037,1,1,0,0,0,50,1346,0,0,0,1,0,843,1346,0,0,591,0,0,0,0
2037,1,1,0,0,0,55,807,0,0,0,3,0,539,807,0,0,368,0,0,0,0
2037,1,1,0,0,0,60,1794,0,0,0,35,0,187,708,0,0,127,0,0,0,0
2037,1,1,0,0,0,100,5,0,0,0,1,0,0,0,0,0,0,0,0,0,0
2037,1,1,0,0,1,0,0,0,0,0,0,0,0,0,0,0,0,0,0,0,0
2037,1,1,0,0,1,5,0,0,0,0,0,0,0,0,0,0,0,0,0,0,0
2037,1,1,0,0,1,10,0,0,0,0,0,0,0,0,0,0,0,0,0,0,0
2037,1,1,0,0,1,15,0,0,0,0,0,0,0,0,0,0,0,0,0,0,0
2037,1,1,0,0,1,20,0,0,0,0,0,0,0,0,0,0,0,0,0,0,0
2037,1,1,0,0,1,25,0,0,0,0,0,0,0,0,0,0,0,0,0,0,0
2037,1,1,0,0,1,30,0,0,0,0,0,0,0,0,0,0,0,0,0,0,0
2037,1,1,0,0,1,35,0,0,0,0,0,0,0,0,0,0,0,0,0,0,0
2037,1,1,0,0,1,40,0,0,0,0,0,0,0,0,0,0,0,0,0,0,0
2037,1,1,0,0,1,45,0,0,0,0,0,0,0,0,0,0,0,0,0,0,0
2037,1,1,0,0,1,50,0,0,0,0,0,0,0,0,0,0,0,0,0,0,0
2037,1,1,0,0,1,55,0,0,0,0,0,0,0,0,0,0,0,0,0,0,0
2037,1,1,0,0,1,60,0,0,0,0,0,0,0,0,0,0,0,0,0,0,0
2037,1,1,0,0,1,100,0,0,0,0,0,0,0,0,0,0,0,0,0,0,0
2037,1,1,0,1,0,0,12,12,3,0,1,1,1,3,3,1,0,0,0,0,0
2037,1,1,0,1,0,5,11,11,0,0,0,0,0,4,4,0,0,0,0,0,0
2037,1,1,0,1,0,10,25,25,3,0,1,1,1,5,2,2,0,0,0,0,0
2037,1,1,0,1,0,15,99,99,25,0,0,0,15,65,14,13,0,20,0,0,0
2037,1,1,0,1,0,20,206,206,34,0,1,1,48,163,75,37,0,19,0,0,0
2037,1,1,0,1,0,25,191,191,27,0,2,2,50,175,96,38,0,12,0,0,0
2037,1,1,0,1,0,30,224,224,43,0,1,0,56,209,118,33,0,8,0,0,0
2037,1,1,0,1,0,35,177,177,26,0,3,3,30,172,107,12,0,2,0,0,0
2037,1,1,0,1,0,40,131,131,17,0,1,0,25,127,78,14,0,8,0,0,0
2037,1,1,0,1,0,45,190,190,13,0,3,1,28,185,137,20,0,5,0,0,0
2037,1,1,0,1,0,50,184,184,7,0,3,3,18,176,130,17,0,8,0,0,0
2037,1,1,0,1,0,55,136,136,2,0,2,2,6,128,92,9,0,4,0,0,0
2037,1,1,0,1,0,60,198,198,8,0,5,4,14,118,86,11,0,4,0,0,0
2037,1,1,0,1,0,100,0,0,0,0,0,0,0,0,0,0,0,0,0,0,0
2037,1,1,0,1,1,0,17,17,0,17,0,0,17,17,17,0,0,0,0,0,0
2037,1,1,0,1,1,5,6,6,0,6,0,0,6,6,6,0,0,0,0,0,0
2037,1,1,0,1,1,10,5,5,0,5,0,0,5,5,5,0,0,0,0,0,0
2037,1,1,0,1,1,15,82,82,0,82,1,1,82,69,61,0,0,1,0,0,0
2037,1,1,0,1,1,20,351,351,0,351,1,1,351,306,233,0,0,6,0,0,0
2037,1,1,0,1,1,25,779,779,0,779,4,4,779,725,612,0,0,8,0,0,0
2037,1,1,0,1,1,30,1145,1145,0,1145,1,1,1145,1054,869,0,0,6,0,0,0
2037,1,1,0,1,1,35,1469,1469,0,1469,0,0,1469,1388,1083,0,0,4,0,0,0
2037,1,1,0,1,1,40,1731,1731,0,1731,2,0,1731,1643,1261,0,0,16,0,0,0
2037,1,1,0,1,1,45,1875,1875,0,1875,4,1,1875,1783,1332,0,0,9,0,0,0
2037,1,1,0,1,1,50,1722,1722,0,1722,11,5,1722,1611,1287,0,0,9,0,0,0
2037,1,1,0,1,1,55,1311,1311,0,1311,9,5,1311,1178,963,0,0,6,0,0,0
2037,1,1,0,1,1,60,1697,1697,0,1697,34,11,1697,1016,828,0,0,3,0,0,0
2037,1,1,0,1,1,100,2,2,0,2,0,0,2,0,0,0,0,0,0,0,0
2037.5,1,0,0,0,0,0,5998,0,0,0,10,0,442,1940,0,0,205,0,0,0,0
2037.5,1,0,0,0,0,5,5714,0,0,0,2,0,0,1976,0,0,0,0,0,0,2
2037.5,1,0,0,0,0,10,5853,0,0,0,2,0,0,2012,0,0,0,0,0,0,4
2037.5,1,0,0,0,0,15,5613,0,0,0,4,0,478,2315,0,0,401,0,0,0,12
2037.5,1,0,0,0,0,20,5111,0,0,0,3,0,2058,3629,0,0,1552,0,0,0,23
2037.5,1,0,0,0,0,25,4176,0,0,0,1,0,2357,3700,0,0,1715,0,0,0,11
2037.5,1,0,0,0,0,30,3553,0,0,0,1,0,2180,3329,0,0,1511,0,0,0,1
2037.5,1,0,0,0,0,35,3010,0,0,0,2,0,1986,2938,0,0,1460,0,0,0,0
2037.5,1,0,0,0,0,40,2518,0,0,0,6,0,1671,2500,0,0,1175,0,0,0,0
2037.5,1,0,0,0,0,45,2115,0,0,0,10,0,1438,2101,0,0,1029,0,0,0,0
2037.5,1,0,0,0,0,50,1527,0,0,0,9,0,998,1524,0,0,735,0,0,0,0
2037.5,1,0,0,0,0,55,942,0,0,0,8,0,638,942,0,0,421,0,0,0,0
2037.5,1,0,0,0,0,60,1342,0,0,0,34,0,386,563,0,0,291,0,0,0,0
2037.5,1,0,0,0,0,100,1,0,0,0,0,0,0,0,0,0,0,0,0,0,0
2037.5,1,0,0,0,1,0,0,0,0,0,0,0,0,0,0,0,0,0,0,0,0
2037.5,1,0,0,0,1,5,0,0,0,0,0,0,0,0,0,0,0,0,0,0,0
2037.5,1,0,0,0,1,10,0,0,0,0,0,0,0,0,0,0,0,0,0,0,0
2037.5,1,0,0,0,1,15,0,0,0,0,0,0,0,0,0,0,0,0,0,0,0
2037.5,1,0,0,0,1,20,0,0,0,0,0,0,0,0,0,0,0,0,0,0,0
2037.5,1,0,0,0,1,25,0,0,0,0,0,0,0,0,0,0,0,0,0,0,0
2037.5,1,0,0,0,1,30,0,0,0,0,0,0,0,0,0,0,0,0,0,0,0
2037.5,1,0,0,0,1,35,0,0,0,0,0,0,0,0,0,0,0,0,0,0,0
2037.5,1,0,0,0,1,40,0,0,0,0,0,0,0,0,0,0,0,0,0,0,0
2037.5,1,0,0,0,1,45,0,0,0,0,0,0,0,0,0,0,0,0,0,0,0
2037.5,1,0,0,0,1,50,0,0,0,0,0,0,0,0,0,0,0,0,0,0,0
2037.5,1,0,0,0,1,55,0,0,0,0,0,0,0,0,0,0,0,0,0,0,0
2037.5,1,0,0,0,1,60,0,0,0,0,0,0,0,0,0,0,0,0,0,0,0
2037.5,1,0,0,0,1,100,0,0,0,0,0,0,0,0,0,0,0,0,0,0,0
2037.5,1,0,0,1,0,0,20,20,6,0,0,0,3,3,3,3,0,0,0,0,0
2037.5,1,0,0,1,0,5,20,20,0,0,0,0,0,4,4,1,0,0,0,0,0
2037.5,1,0,0,1,0,10,13,13,0,0,3,3,0,4,4,0,0,0,0,0,0
2037.5,1,0,0,1,0,15,21,21,6,0,0,0,3,11,7,3,0,3,0,0,0
2037.5,1,0,0,1,0,20,79,79,13,0,0,0,26,54,30,21,0,15,0,0,0
2037.5,1,0,0,1,0,25,151,151,22,0,2,2,34,116,63,21,0,28,0,0,0
2037.5,1,0,0,1,0,30,210,210,21,0,1,1,45,188,144,34,0,30,0,0,0
2037.5,1,0,0,1,0,35,188,188,14,0,3,3,35,172,146,32,0,13,0,0,0
2037.5,1,0,0,1,0,40,221,221,28,0,3,2,50,216,163,36,0,16,0,0,0
2037.5,1,0,0,1,0,45,138,138,15,0,3,3,24,136,102,11,0,5,0,0,0
2037.5,1,0,0,1,0,50,99,99,13,0,1,1,21,95,66,18,0,5,0,0,0
2037.5,1,0,0,1,0,55,75,75,6,0,0,0,10,68,50,8,0,0,0,0,0
2037.5,1,0,0,1,0,60,135,135,11,0,8,3,13,69,54,11,0,7,0,0,0
2037.5,1,0,0,1,0,100,0,0,0,0,0,0,0,0,0,0,0,0,0,0,0
2037.5,1,0,0,1,1,0,11,11,0,11,0,0,11,11,11,0,0,0,0,0,0
2037.5,1,0,0,1,1,5,14,14,0,14,0,0,14,14,14,0,0,0,0,0,0
2037.5,1,0,0,1,1,10,8,8,0,8,0,0,8,8,8,0,0,0,0,0,0
2037.5,1,0,0,1,1,15,15,15,0,15,1,1,15,15,15,0,0,0,0,0,0
2037.5,1,0,0,1,1,20,62,62,0,62,0,0,62,62,62,0,0,2,0,0,1
2037.5,1,0,0,1,1,25,197,197,0,197,2,1,197,197,197,0,0,6,0,0,0
2037.5,1,0,0,1,1,30,359,359,0,359,0,0,359,359,359,0,0,14,0,0,0
2037.5,1,0,0,1,1,35,496,496,0,496,2,1,496,492,483,0,0,11,0,0,0
2037.5,1,0,0,1,1,40,688,688,0,688,10,9,688,676,664,0,0,14,0,0,0
2037.5,1,0,0,1,1,45,883,883,0,883,10,4,883,874,836,0,0,19,0,0,0
2037.5,1,0,0,1,1,50,969,969,0,969,6,1,969,922,813,0,0,10,0,0,0
2037.5,1,0,0,1,1,55,797,797,0,797,6,3,797,715,590,0,0,4,0,0,0
2037.5,1,0,0,1,1,60,1189,1189,0,1189,34,2,1189,560,487,0,0,10,0,0,0
2037.5,1,0,0,1,1,100,1,1,0,1,0,0,1,0,0,0,0,0,0,0,0
2037.5,1,0,1,0,0,0,0,0,0,0,0,0,0,0,0,0,0,0,0,0,0
2037.5,1,0,1,0,0,5,3,0,0,0,0,0,0,2,0,0,0,0,0,0,0
2037.5,1,0,1,0,0,10,30,0,0,0,0,0,0,10,0,0,0,0,0,0,0
2037.5,1,0,1,0,0,15,134,0,0,0,0,0,15,62,0,0,9,0,0,0,0
2037.5,1,0,1,0,0,20,363,0,0,0,0,0,147,257,0,0,109,0,0,0,0
2037.5,1,0,1,0,0,25,538,0,0,0,0,0,290,472,0,0,209,0,0,0,0
2037.5,1,0,1,0,0,30,517,0,0,0,0,0,317,485,0,0,227,0,0,0,0
2037.5,1,0,1,0,0,35,421,0,0,0,1,0,278,413,0,0,209,0,0,0,0
2037.5,1,0,1,0,0,40,404,0,0,0,2,0,265,399,0,0,198,0,0,0,0
2037.5,1,0,1,0,0,45,350,0,0,0,0,0,221,347,0,0,156,0,0,0,0
2037.5,1,0,1,0,0,50,255,0,0,0,4,0,156,252,0,0,114,0,0,0,0
2037.5,1,0,1,0,0,55,168,0,0,0,1,0,126,167,0,0,80,0,0,0,0
2037.5,1,0,1,0,0,60,240,0,0,0,7,0,61,93,0,0,50,0,0,0,0
2037.5,1,0,1,0,0,100,1,0,0,0,0,0,0,0,0,0,0,0,0,0,0
2037.5,1,0,1,0,1,0,0,0,0,0,0,0,0,0,0,0,0,0,0,0,0
2037.5,1,0,1,0,1,5,0,0,0,0,0,0,0,0,0,0,0,0,0,0,0
2037.5,1,0,1,0,1,10,0,0,0,0,0,0,0,0,0,0,0,0,0,0,0
2037.5,1,0,1,0,1,15,0,0,0,0,0,0,0,0,0,0,0,0,0,0,0
2037.5,1,0,1,0,1,20,0,0,0,0,0,0,0,0,0,0,0,0,0,0,0
2037.5,1,0,1,0,1,25,0,0,0,0,0,0,0,0,0,0,0,0,0,0,0
2037.5,1,0,1,0,1,30,0,0,0,0,0,0,0,0,0,0,0,0,0,0,0
2037.5,1,0,1,0,1,35,0,0,0,0,0,0,0,0,0,0,0,0,0,0,0
2037.5,1,0,1,0,1,40,0,0,0,0,0,0,0,0,0,0,0,0,0,0,0
2037.5,1,0,1,0,1,45,0,0,0,0,0,0,0,0,0,0,0,0,0,0,0
2037.5,1,0,1,0,1,50,0,0,0,0,0,0,0,0,0,0,0,0,0,0,0
2037.5,1,0,1,0,1,55,0,0,0,0,0,0,0,0,0,0,0,0,0,0,0
2037.5,1,0,1,0,1,60,0,0,0,0,0,0,0,0,0,0,0,0,0,0,0
2037.5,1,0,1,0,1,100,0,0,0,0,0,0,0,0,0,0,0,0,0,0,0
2037.5,1,0,1,1,0,0,0,0,0,0,0,0,0,0,0,0,0,0,0,0,0
2037.5,1,0,1,1,0,5,0,0,0,0,0,0,0,0,0,0,0,0,0,0,0
2037.5,1,0,1,1,0,10,0,0,0,0,0,0,0,0,0,0,0,0,0,0,0
2037.5,1,0,1,1,0,15,0,0,0,0,0,0,0,0,0,0,0,0,0,0,0
2037.5,1,0,1,1,0,20,4,4,0,0,0,0,1,2,1,0,0,0,0,0,0
2037.5,1,0,1,1,0,25,13,13,1,0,1,1,2,10,9,1,0,1,0,0,0
2037.5,1,0,1,1,0,30,16,16,0,0,0,0,2,13,11,1,0,1,0,0,0
2037.5,1,0,1,1,0,35,12,12,2,0,1,1,2,11,8,0,0,0,0,0,0
2037.5,1,0,1,1,0,40,17,17,2,0,0,0,5,16,14,7,0,1,0,0,0
2037.5,1,0,1,1,0,45,13,13,4,0,0,0,3,13,10,3,0,4,0,0,0
2037.5,1,0,1,1,0,50,15,15,2,0,0,0,5,15,11,1,0,1,0,0,0
2037.5,1,0,1,1,0,55,9,9,2,0,0,0,2,9,4,0,0,0,0,0,0
2037.5,1,0,1,1,0,60,18,18,1,0,1,0,2,8,6,1,0,2,0,0,0
2037.5,1,0,1,1,0,100,0,0,0,0,0,0,0,0,0,0,0,0,0,0,0
2037.5,1,0,1,1,1,0,0,0,0,0,0,0,0,0,0,0,0,0,0,0,0
2037.5,1,0,1,1,1,5,0,0,0,0,0,0,0,0,0,0,0,0,0,0,0
2037.5,1,0,1,1,1,10,1,1,0,1,0,0,1,1,1,0,0,0,0,0,0
2037.5,1,0,1,1,1,15,0,0,0,0,0,0,0,0,0,0,0,0,0,0,0
2037.5,1,0,1,1,1,20,2,2,0,2,0,0,2,2,2,0,0,0,0,0,0
2037.5,1,0,1,1,1,25,21,21,0,21,0,0,21,21,21,0,0,0,0,0,0
2037.5,1,0,1,1,1,30,36,36,0,36,0,0,36,36,36,0,0,0,0,0,0
2037.5,1,0,1,1,1,35,47,47,0,47,0,0,47,47,46,0,0,1,0,0,0
2037.5,1,0,1,1,1,40,60,60,0,60,1,1,60,59,58,0,0,4,0,0,0
2037.5,1,0,1,1,1,45,76,76,0,76,1,1,76,75,66,0,0,1,0,0,0
2037.5,1,0,1,1,1,50,97,97,0,97,0,0,97,90,85,0,0,2,0,0,0
2037.5,1,0,1,1,1,55,89,89,0,89,0,0,89,79,64,0,0,0,0,0,0
2037.5,1,0,1,1,1,60,120,120,0,120,5,1,120,58,49,0,0,1,0,0,0
2037.5,1,0,1,1,1,100,0,0,0,0,0,0,0,0,0,0,0,0,0,0,0
2037.5,1,1,0,0,0,0,6027,0,0,0,9,0,439,1945,0,0,206,0,0,0,0
2037.5,1,1,0,0,0,5,5884,0,0,0,0,0,0,2032,0,0,0,0,0,0,0
2037.5,1,1,0,0,0,10,6040,0,0,0,0,0,113,2148,0,0,108,0,0,0,0
2037.5,1,1,0,0,0,15,5515,0,0,0,0,0,1331,3233,0,0,1033,0,0,0,0
2037.5,1,1,0,0,0,20,5105,0,0,0,1,0,2423,4354,0,0,1848,0,0,0,0
2037.5,1,1,0,0,0,25,4157,0,0,0,3,0,2535,4019,0,0,1906,0,0,0,0
2037.5,1,1,0,0,0,30,3441,0,0,0,0,0,2253,3408,0,0,1631,0,0,0,0
2037.5,1,1,0,0,0,35,2798,0,0,0,0,0,1874,2788,0,0,1353,0,0,0,0
2037.5,1,1,0,0,0,40,2292,0,0,0,1,0,1524,2292,0,0,1086,0,0,0,0
2037.5,1,1,0,0,0,45,1858,0,0,0,0,0,1229,1858,0,0,882,0,0,0,0
2037.5,1,1,0,0,0,50,1384,0,0,0,2,0,893,1384,0,0,647,0,0,0,0
2037.5,1,1,0,0,0,55,849,0,0,0,3,0,584,849,0,0,427,0,0,0,0
2037.5,1,1,0,0,0,60,1814,0,0,0,34,0,226,757,0,0,128,0,0,0,0
2037.5,1,1,0,0,0,100,5,0,0,0,0,0,0,0,0,0,0,0,0,0,0
2037.5,1,1,0,0,1,0,0,0,0,0,0,0,0,0,0,0,0,0,0,0,0
2037.5,1,1,0,0,1,5,0,0,0,0,0,0,0,0,0,0,0,0,0,0,0
2037.5,1,1,0,0,1,10,0,0,0,0,0,0,0,0,0,0,0,0,0,0,0
2037.5,1,1,0,0,1,15,0,0,0,0,0,0,0,0,0,0,0,0,0,0,0
2037.5,1,1,0,0,1,20,0,0,0,0,0,0,0,0,0,0,0,0,0,0,0
2037.5,1,1,0,0,1,25,0,0,0,0,0,0,0,0,0,0,0,0,0,0,0
2037.5,1,1,0,0,1,30,0,0,0,0,0,0,0,0,0,0,0,0,0,0,0
2037.5,1,1,0,0,1,35,0,0,0,0,0,0,0,0,0,0,0,0,0,0,0
2037.5,1,1,0,0,1,40,0,0,0,0,0,0,0,0,0,0,0,0,0,0,0
2037.5,1,1,0,0,1,45,0,0,0,0,0,0,0,0,0,0,0,0,0,0,0
2037.5,1,1,0,0,1,50,0,0,0,0,0,0,0,0,0,0,0,0,0,0,0
2037.5,1,1,0,0,1,55,0,0,0,0,0,0,0,0,0,0,0,0,0,0,0
2037.5,1,1,0,0,1,60,0,0,0,0,0,0,0,0,0,0,0,0,0,0,0
2037.5,1,1,0,0,1,100,0,0,0,0,0,0,0,0,0,0,0,0,0,0,0
2037.5,1,1,0,1,0,0,14,14,6,0,3,3,1,4,4,2,0,0,0,0,0
2037.5,1,1,0,1,0,5,11,11,0,0,1,1,1,4,4,3,0,0,0,0,0
2037.5,1,1,0,1,0,10,21,21,5,0,0,0,1,3,2,6,0,0,0,0,0
2037.5,1,1,0,1,0,15,88,88,21,0,3,3,18,58,16,11,0,12,0,0,0
2037.5,1,1,0,1,0,20,192,192,40,0,3,1,52,152,68,32,0,16,0,0,0
2037.5,1,1,0,1,0,25,208,208,37,0,1,1,62,194,106,35,0,18,0,0,0
2037.5,1,1,0,1,0,30,233,233,29,0,1,1,50,217,128,39,0,7,0,0,0
2037.5,1,1,0,1,0,35,190,190,38,0,2,2,38,186,115,26,0,7,0,0,0
2037.5,1,1,0,1,0,40,129,129,19,0,0,0,22,126,74,8,0,5,0,0,0
2037.5,1,1,0,1,0,45,200,200,17,0,0,0,22,193,132,20,0,9,0,0,0
2037.5,1,1,0,1,0,50,182,182,8,0,4,4,13,171,126,16,0,7,0,0,0
2037.5,1,1,0,1,0,55,144,144,3,0,5,5,9,130,98,13,0,2,0,0,0
2037.5,1,1,0,1,0,60,217,217,14,0,8,7,14,125,88,13,0,3,0,0,0
2037.5,1,1,0,1,0,100,0,0,0,0,0,0,0,0,0,0,0,0,0,0,0
2037.5,1,1,0,1,1,0,14,14,0,14,0,0,14,14,14,0,0,0,0,0,0
2037.5,1,1,0,1,1,5,9,9,0,9,0,0,9,9,9,0,0,0,0,0,0
2037.5,1,1,0,1,1,10,7,7,0,7,0,0,7,7,7,0,0,0,0,0,0
2037.5,1,1,0,1,1,15,78,78,0,78,0,0,78,63,53,0,0,3,0,0,0
2037.5,1,1,0,1,1,20,355,355,0,355,1,1,355,307,223,0,0,2,0,0,0
2037.5,1,1,0,1,1,25,771,771,0,771,2,2,771,715,599,0,0,11,0,0,0
2037.5,1,1,0,1,1,30,1130,1130,0,1130,8,6,1130,1044,869,0,0,10,0,0,0
2037.5,1,1,0,1,1,35,1455,1455,0,1455,2,1,1455,1367,1061,0,0,11,0,0,0
2037.5,1,1,0,1,1,40,1703,1703,0,1703,4,4,1703,1614,1241,0,0,13,0,0,0
2037.5,1,1,0,1,1,45,1925,1925,0,1925,2,1,1925,1836,1371,0,0,12,0,0,0
2037.5,1,1,0,1,1,50,1733,1733,0,1733,4,3,1733,1627,1293,0,0,9,0,0,0
2037.5,1,1,0,1,1,55,1337,1337,0,1337,11,5,1337,1212,987,0,0,4,0,0,0
2037.5,1,1,0,1,1,60,1780,1780,0,1780,23,3,1780,1114,914,0,0,2,0,0,0
2037.5,1,1,0,1,1,100,2,2,0,2,0,0,2,0,0,0,0,0,0,0,0
2038,1,0,0,0,0,0,6011,0,0,0,13,0,425,1942,0,0,192,0,0,0,0
2038,1,0,0,0,0,5,5705,0,0,0,2,0,0,1979,0,0,0,0,0,0,0
2038,1,0,0,0,0,10,5838,0,0,0,2,0,0,1993,0,0,0,0,0,0,2
2038,1,0,0,0,0,15,5640,0,0,0,3,0,463,2309,0,0,419,0,0,0,16
2038,1,0,0,0,0,20,5120,0,0,0,0,0,2079,3666,0,0,1609,0,0,0,26
2038,1,0,0,0,0,25,4260,0,0,0,4,0,2402,3799,0,0,1746,0,0,0,13
2038,1,0,0,0,0,30,3593,0,0,0,2,0,2191,3376,0,0,1625,0,0,0,1
2038,1,0,0,0,0,35,2983,0,0,0,8,0,1930,2917,0,0,1406,0,0,0,0
2038,1,0,0,0,0,40,2553,0,0,0,5,0,1747,2530,0,0,1308,0,0,0,0
2038,1,0,0,0,0,45,2102,0,0,0,7,0,1385,2090,0,0,975,0,0,0,0
2038,1,0,0,0,0,50,1599,0,0,0,12,0,1052,1597,0,0,767,0,0,0,0
2038,1,0,0,0,0,55,983,0,0,0,10,0,645,982,0,0,454,0,0,0,0
2038,1,0,0,0,0,60,1357,0,0,0,43,0,423,615,0,0,298,0,0,0,0
2038,1,0,0,0,0,100,1,0,0,0,0,0,0,0,0,0,0,0,0,0,0
2038,1,0,0,0,1,0,0,0,0,0,0,0,0,0,0,0,0,0,0,0,0
2038,1,0,0,0,1,5,0,0,0,0,0,0,0,0,0,0,0,0,0,0,0
2038,1,0,0,0,1,10,0,0,0,0,0,0,0,0,0,0,0,0,0,0,0
2038,1,0,0,0,1,15,0,0,0,0,0,0,0,0,0,0,0,0,0,0,0
2038,1,0,0,0,1,20,0,0,0,0,0,0,0,0,0,0,0,0,0,0,0
2038,1,0,0,0,1,25,0,0,0,0,0,0,0,0,0,0,0,0,0,0,0
2038,1,0,0,0,1,30,0,0,0,0,0,0,0,0,0,0,0,0,0,0,0
2038,1,0,0,0,1,35,0,0,0,0,0,0,0,0,0,0,0,0,0,0,0
2038,1,0,0,0,1,40,0,0,0,0,0,0,0,0,0,0,0,0,0,0,0
2038,1,0,0,0,1,45,0,0,0,0,0,0,0,0,0,0,0,0,0,0,0
2038,1,0,0,0,1,50,0,0,0,0,0,0,0,0,0,0,0,0,0,0,0
2038,1,0,0,0,1,55,0,0,0,0,0,0,0,0,0,0,0,0,0,0,0
2038,1,0,0,0,1,60,0,0,0,0,0,0,0,0,0,0,0,0,0,0,0
2038,1,0,0,0,1,100,0,0,0,0,0,0,0,0,0,0,0,0,0,0,0
2038,1,0,0,1,0,0,20,20,2,0,1,1,2,3,3,1,0,0,0,0,0
2038,1,0,0,1,0,5,15,15,0,0,0,0,0,2,2,0,0,0,0,0,0
2038,1,0,0,1,0,10,18,18,0,0,0,0,0,6,6,0,0,0,0,0,0
2038,1,0,0,1,0,15,22,22,6,0,0,0,4,11,8,4,0,1,0,0,0
2038,1,0,0,1,0,20,66,66,18,0,0,0,20,43,19,19,0,9,0,0,0
2038,1,0,0,1,0,25,155,155,21,0,2,2,26,117,70,26,0,26,0,0,1
2038,1,0,0,1,0,30,199,199,20,0,3,2,34,176,135,26,0,29,0,0,0
2038,1,0,0,1,0,35,173,173,16,0,8,8,28,160,130,30,0,21,0,0,0
2038,1,0,0,1,0,40,219,219,21,0,5,5,47,212,166,47,0,15,0,0,0
2038,1,0,0,1,0,45,134,134,15,0,2,1,25,134,99,15,0,5,0,0,0
2038,1,0,0,1,0,50,84,84,9,0,2,1,19,79,58,12,0,5,0,0,0
2038,1,0,0,1,0,55,86,86,8,0,0,0,16,78,59,10,0,0,0,0,0
2038,1,0,0,1,0,60,145,145,15,0,3,0,19,78,61,13,0,4,0,0,0
2038,1,0,0,1,0,100,0,0,0,0,0,0,0,0,0,0,0,0,0,0,0
2038,1,0,0,1,1,0,10,10,0,10,0,0,10,10,10,0,0,0,0,0,0
2038,1,0,0,1,1,5,16,16,0,16,0,0,16,16,16,0,0,0,0,0,0
2038,1,0,0,1,1,10,8,8,0,8,0,0,8,8,8,0,0,0,0,0,0
2038,1,0,0,1,1,15,15,15,0,15,1,1,15,15,15,0,0,2,0,0,0
2038,1,0,0,1,1,20,76,76,0,76,0,0,76,76,76,0,0,3,0,0,0
2038,1,0,0,1,1,25,177,177,0,177,0,0,177,177,177,0,0,3,0,0,0
2038,1,0,0,1,1,30,372,372,0,372,5,3,372,372,372,0,0,5,0,0,0
2038,1,0,0,1,1,35,495,495,0,495,2,1,495,492,482,0,0,4,0,0,0
2038,1,0,0,1,1,40,698,698,0,698,2,2,698,684,673,0,0,12,0,0,0
2038,1,0,0,1,1,45,880,880,0,880,3,2,880,872,830,0,0,15,0,0,0
2038,1,0,0,1,1,50,998,998,0,998,10,3,998,957,845,0,0,8,0,0,0
2038,1,0,0,1,1,55,805,805,0,805,8,2,805,727,610,0,0,2,0,0,0
2038,1,0,0,1,1,60,1229,1229,0,1229,35,1,1229,617,526,0,0,8,0,0,0
2038,1,0,0,1,1,100,1,1,0,1,0,0,1,0,0,0,0,0,0,0,0
2038,1,0,1,0,0,0,0,0,0,0,0,0,0,0,0,0,0,0,0,0,0
2038,1,0,1,0,0,5,1,0,0,0,0,0,0,1,0,0,0,0,0,0,0
2038,1,0,1,0,0,10,27,0,0,0,0,0,0,8,0,0,0,0,0,0,0
2038,1,0,1,0,0,15,129,0,0,0,0,0,16,65,0,0,19,0,0,0,0
2038,1,0,1,0,0,20,364,0,0,0,0,0,145,250,0,0,123,0,0,0,0
2038,1,0,1,0,0,25,523,0,0,0,0,0,293,459,0,0,252,0,0,0,0
2038,1,0,1,0,0,30,549,0,0,0,1,0,355,518,0,0,268,0,0,0,0
2038,1,0,1,0,0,35,420,0,0,0,0,0,272,411,0,0,201,0,0,0,0
2038,1,0,1,0,0,40,408,0,0,0,1,0,258,403,0,0,168,0,0,0,0
2038,1,0,1,0,0,45,356,0,0,0,0,0,238,353,0,0,171,0,0,0,0
2038,1,0,1,0,0,50,259,0,0,0,0,0,157,256,0,0,108,0,0,0,0
2038,1,0,1,0,0,55,170,0,0,0,3,0,120,170,0,0,91,0,0,0,0
2038,1,0,1,0,0,60,248,0,0,0,7,0,74,104,0,0,51,0,0,0,0
2038,1,0,1,0,0,100,0,0,0,0,1,0,0,0,0,0,0,0,0,0,0
2038,1,0,1,0,1,0,0,0,0,0,0,0,0,0,0,0,0,0,0,0,0
2038,1,0,1,0,1,5,0,0,0,0,0,0,0,0,0,0,0,0,0,0,0
2038,1,0,1,0,1,10,0,0,0,0,0,0,0,0,0,0,0,0,0,0,0
2038,1,0,1,0,1,15,0,0,0,0,0,0,0,0,0,0,0,0,0,0,0
2038,1,0,1,0,1,20,0,0,0,0,0,0,0,0,0,0,0,0,0,0,0
2038,1,0,1,0,1,25,0,0,0,0,0,0,0,0,0,0,0,0,0,0,0
2038,1,0,1,0,1,30,0,0,0,0,0,0,0,0,0,0,0,0,0,0,0
2038,1,0,1,0,1,35,0,0,0,0,0,0,0,0,0,0,0,0,0,0,0
2038,1,0,1,0,1,40,0,0,0,0,0,0,0,0,0,0,0,0,0,0,0
2038,1,0,1,0,1,45,0,0,0,0,0,0,0,0,0,0,0,0,0,0,0
2038,1,0,1,0,1,50,0,0,0,0,0,0,0,0,0,0,0,0,0,0,0
2038,1,0,1,0,1,55,0,0,0,0,0,0,0,0,0,0,0,0,0,0,0
2038,1,0,1,0,1,60,0,0,0,0,0,0,0,0,0,0,0,0,0,0,0
2038,1,0,1,0,1,100,0,0,0,0,0,0,0,0,0,0,0,0,0,0,0
2038,1,0,1,1,0,0,0,0,0,0,0,0,0,0,0,0,0,0,0,0,0
2038,1,0,1,1,0,5,0,0,0,0,0,0,0,0,0,0,0,0,0,0,0
2038,1,0,1,1,0,10,0,0,0,0,0,0,0,0,0,0,0,0,0,0,0
2038,1,0,1,1,0,15,0,0,0,0,0,0,0,0,0,0,0,0,0,0,0
2038,1,0,1,1,0,20,6,6,2,0,0,0,2,3,2,1,0,2,0,0,0
2038,1,0,1,1,0,25,11,11,1,0,0,0,1,9,6,0,0,2,0,0,0
2038,1,0,1,1,0,30,18,18,3,0,0,0,4,14,13,5,0,6,0,0,0
2038,1,0,1,1,0,35,16,16,2,0,0,0,4,15,11,1,0,4,0,0,0
2038,1,0,1,1,0,40,15,15,1,0,0,0,4,15,14,3,0,2,0,0,0
2038,1,0,1,1,0,45,12,12,2,0,0,0,2,12,8,1,0,0,0,0,0
2038,1,0,1,1,0,50,6,6,1,0,0,0,2,6,4,2,0,0,0,0,0
2038,1,0,1,1,0,55,11,11,0,0,1,1,1,11,8,0,0,0,0,0,0
2038,1,0,1,1,0,60,16,16,2,0,1,0,0,9,4,0,0,3,0,0,0
2038,1,0,1,1,0,100,0,0,0,0,0,0,0,0,0,0,0,0,0,0,0
2038,1,0,1,1,1,0,0,0,0,0,0,0,0,0,0,0,0,0,0,0,0
2038,1,0,1,1,1,5,0,0,0,0,0,0,0,0,0,0,0,0,0,0,0
2038,1,0,1,1,1,10,1,1,0,1,0,0,1,1,1,0,0,0,0,0,0
2038,1,0,1,1,1,15,0,0,0,0,0,0,0,0,0,0,0,0,0,0,0
2038,1,0,1,1,1,20,1,1,0,1,0,0,1,1,1,0,0,0,0,0,0
2038,1,0,1,1,1,25,20,20,0,20,0,0,20,20,20,0,0,0,0,0,0
2038,1,0,1,1,1,30,35,35,0,35,0,0,35,35,35,0,0,2,0,0,0
2038,1,0,1,1,1,35,48,48,0,48,0,0,48,48,47,0,0,1,0,0,0
2038,1,0,1,1,1,40,58,58,0,58,2,2,58,57,55,0,0,4,0,0,0
2038,1,0,1,1,1,45,79,79,0,79,1,0,79,78,70,0,0,2,0,0,0
2038,1,0,1,1,1,50,95,95,0,95,2,0,95,89,84,0,0,1,0,0,0
2038,1,0,1,1,1,55,93,93,0,93,0,0,93,84,66,0,0,0,0,0,0
2038,1,0,1,1,1,60,133,133,0,133,2,1,133,68,58,0,0,1,0,0,0
2038,1,0,1,1,1,100,0,0,0,0,0,0,0,0,0,0,0,0,0,0,0
2038,1,1,0,0,0,0,6016,0,0,0,10,0,423,1920,0,0,186,0,0,0,0
2038,1,1,0,0,0,5,5910,0,0,0,2,0,0,2020,0,0,0,0,0,0,0
2038,1,1,0,0,0,10,6008,0,0,0,0,0,117,2166,0,0,143,0,0,0,0
2038,1,1,0,0,0,15,5542,0,0,0,1,0,1297,3223,0,0,1002,0,0,0,0
2038,1,1,0,0,0,20,5120,0,0,0,1,0,2449,4376,0,0,1871,0,0,0,0
2038,1,1,0,0,0,25,4209,0,0,0,2,0,2635,4076,0,0,2044,0,0,0,0
2038,1,1,0,0,0,30,3518,0,0,0,2,0,2274,3484,0,0,1737,0,0,0,0
2038,1,1,0,0,0,35,2811,0,0,0,1,0,1878,2802,0,0,1402,0,0,0,0
2038,1,1,0,0,0,40,2320,0,0,0,1,0,1557,2320,0,0,1106,0,0,0,0
2038,1,1,0,0,0,45,1901,0,0,0,1,0,1238,1901,0,0,905,0,0,0,0
2038,1,1,0,0,0,50,1419,0,0,0,4,0,920,1419,0,0,683,0,0,0,0
2038,1,1,0,0,0,55,889,0,0,0,8,0,617,889,0,0,453,0,0,0,0
2038,1,1,0,0,0,60,1811,0,0,0,47,0,255,798,0,0,182,0,0,0,0
2038,1,1,0,0,0,100,6,0,0,0,0,0,0,0,0,0,0,0,0,0,0
2038,1,1,0,0,1,0,0,0,0,0,0,0,0,0,0,0,0,0,0,0,0
2038,1,1,0,0,1,5,0,0,0,0,0,0,0,0,0,0,0,0,0,0,0
2038,1,1,0,0,1,10,0,0,0,0,0,0,0,0,0,0,0,0,0,0,0
2038,1,1,0,0,1,15,0,0,0,0,0,0,0,0,0,0,0,0,0,0,0
2038,1,1,0,0,1,20,0,0,0,0,0,0,0,0,0,0,0,0,0,0,0
2038,1,1,0,0,1,25,0,0,0,0,0,0,0,0,0,0,0,0,0,0,0
2038,1,1,0,0,1,30,0,0,0,0,0,0,0,0,0,0,0,0,0,0,0
2038,1,1,0,0,1,35,0,0,0,0,0,0,0,0,0,0,0,0,0,0,0
2038,1,1,0,0,1,40,0,0,0,0,0,0,0,0,0,0,0,0,0,0,0
2038,1,1,0,0,1,45,0,0,0,0,0,0,0,0,0,0,0,0,0,0,0
2038,1,1,0,0,1,50,0,0,0,0,0,0,0,0,0,0,0,0,0,0,0
2038,1,1,0,0,1,55,0,0,0,0,0,0,0,0,0,0,0,0,0,0,0
2038,1,1,0,0,1,60,0,0,0,0,0,0,0,0,0,0,0,0,0,0,0
2038,1,1,0,0,1,100,0,0,0,0,0,0,0,0,0,0,0,0,0,0,0
2038,1,1,0,1,0,0,11,11,4,0,4,3,1,4,4,4,0,0,0,0,0
2038,1,1,0,1,0,5,9,9,0,0,1,1,0,1,1,0,0,0,0,0,0
2038,1,1,0,1,0,10,19,19,5,0,3,3,1,4,3,2,0,0,0,0,0
2038,1,1,0,1,0,15,100,100,35,0,1,1,21,63,19,15,0,19,0,0,0
2038,1,1,0,1,0,20,188,188,31,0,0,0,50,148,65,40,0,22,0,0,0
2038,1,1,0,1,0,25,210,210,35,0,2,2,46,194,106,28,0,17,0,0,0
2038,1,1,0,1,0,30,218,218,30,0,0,0,50,205,127,38,0,6,0,0,0
2038,1,1,0,1,0,35,161,161,22,0,1,0,29,155,87,15,0,6,0,0,0
2038,1,1,0,1,0,40,133,133,16,0,1,1,21,129,81,11,0,1,0,0,0
2038,1,1,0,1,0,45,193,193,13,0,5,5,19,187,120,14,0,6,0,0,0
2038,1,1,0,1,0,50,175,175,8,0,4,3,19,161,117,12,0,10,0,0,0
2038,1,1,0,1,0,55,154,154,5,0,0,0,11,141,107,10,0,1,0,0,0
2038,1,1,0,1,0,60,216,216,7,0,12,7,7,131,99,12,0,5,0,0,0
2038,1,1,0,1,0,100,0,0,0,0,0,0,0,0,0,0,0,0,0,0,0
2038,1,1,0,1,1,0,14,14,0,14,0,0,14,14,14,0,0,0,0,0,0
2038,1,1,0,1,1,5,10,10,0,10,1,1,10,10,10,0,0,0,0,0,0
2038,1,1,0,1,1,10,8,8,0,8,0,0,8,8,8,0,0,0,0,0,0
2038,1,1,0,1,1,15,71,71,0,71,1,1,71,61,49,0,0,0,0,0,0
2038,1,1,0,1,1,20,351,351,0,351,0,0,351,302,225,0,0,8,0,0,0
2038,1,1,0,1,1,25,773,773,0,773,0,0,773,724,593,0,0,4,0,0,0
2038,1,1,0,1,1,30,1116,1116,0,1116,3,2,1116,1026,850,0,0,7,0,0,0
2038,1,1,0,1,1,35,1501,1501,0,1501,2,1,1501,1411,1101,0,0,12,0,0,0
2038,1,1,0,1,1,40,1681,1681,0,1681,4,1,1681,1601,1231,0,0,7,0,0,0
2038,1,1,0,1,1,45,1917,1917,0,1917,5,3,1917,1821,1355,0,0,12,0,0,0
2038,1,1,0,1,1,50,1774,1774,0,1774,7,4,1774,1668,1317,0,0,10,0,0,0
2038,1,1,0,1,1,55,1375,1375,0,1375,9,6,1375,1259,1026,0,0,6,0,0,0
2038,1,1,0,1,1,60,1874,1874,0,1874,20,7,1874,1205,986,0,0,4,0,0,0
2038,1,1,0,1,1,100,3,3,0,3,0,0,3,0,0,0,0,0,0,0,0
2038.5,1,0,0,0,0,0,6000,0,0,0,24,0,412,1939,0,0,193,0,0,0,0
2038.5,1,0,0,0,0,5,5697,0,0,0,0,0,0,1940,0,0,0,0,0,0,1
2038.5,1,0,0,0,0,10,5878,0,0,0,1,0,1,2047,0,0,2,0,0,0,5
2038.5,1,0,0,0,0,15,5580,0,0,0,2,0,434,2240,0,0,384,0,0,0,22
2038.5,1,0,0,0,0,20,5177,0,0,0,2,0,2064,3693,0,0,1547,0,0,0,30
2038.5,1,0,0,0,0,25,4297,0,0,0,1,0,2416,3827,0,0,1659,0,0,0,15
2038.5,1,0,0,0,0,30,3660,0,0,0,3,0,2207,3447,0,0,1618,0,0,0,0
2038.5,1,0,0,0,0,35,3026,0,0,0,3,0,1954,2963,0,0,1407,0,0,0,0
2038.5,1,0,0,0,0,40,2563,0,0,0,4,0,1748,2541,0,0,1244,0,0,0,0
2038.5,1,0,0,0,0,45,2087,0,0,0,8,0,1372,2075,0,0,996,0,0,0,0
2038.5,1,0,0,0,0,50,1629,0,0,0,11,0,1094,1627,0,0,844,0,0,0,0
2038.5,1,0,0,0,0,55,1027,0,0,0,7,0,682,1026,0,0,502,0,0,0,0
2038.5,1,0,0,0,0,60,1386,0,0,0,38,0,469,679,0,0,322,0,0,0,0
2038.5,1,0,0,0,0,100,1,0,0,0,0,0,0,0,0,0,0,0,0,0,0
2038.5,1,0,0,0,1,0,0,0,0,0,0,0,0,0,0,0,0,0,0,0,0
2038.5,1,0,0,0,1,5,0,0,0,0,0,0,0,0,0,0,0,0,0,0,0
2038.5,1,0,0,0,1,10,0,0,0,0,0,0,0,0,0,0,0,0,0,0,0
2038.5,1,0,0,0,1,15,0,0,0,0,0,0,0,0,0,0,0,0,0,0,0
2038.5,1,0,0,0,1,20,0,0,0,0,0,0,0,0,0,0,0,0,0,0,0
2038.5,1,0,0,0,1,25,0,0,0,0,0,0,0,0,0,0,0,0,0,0,0
2038.5,1,0,0,0,1,30,0,0,0,0,0,0,0,0,0,0,0,0,0,0,0
2038.5,1,0,0,0,1,35,0,0,0,0,0,0,0,0,0,0,0,0,0,0,0
2038.5,1,0,0,0,1,40,0,0,0,0,0,0,0,0,0,0,0,0,0,0,0
2038.5,1,0,0,0,1,45,0,0,0,0,0,0,0,0,0,0,0,0,0,0,0
2038.5,1,0,0,0,1,50,0,0,0,0,0,0,0,0,0,0,0,0,0,0,0
2038.5,1,0,0,0,1,55,0,0,0,0,0,0,0,0,0,0,0,0,0,0,0
2038.5,1,0,0,0,1,60,0,0,0,0,0,0,0,0,0,0,0,0,0,0,0
2038.5,1,0,0,0,1,100,0,0,0,0,0,0,0,0,0,0,0,0,0,0,0
2038.5,1,0,0,1,0,0,20,20,7,0,2,2,2,4,4,2,0,0,0,0,0
2038.5,1,0,0,1,0,5,16,16,0,0,0,0,0,2,2,0,0,0,0,0,0
2038.5,1,0,0,1,0,10,19,19,1,0,2,2,0,6,6,0,0,0,0,0,0
2038.5,1,0,0,1,0,15,24,24,7,0,0,0,3,10,6,3,0,2,0,0,0
2038.5,1,0,0,1,0,20,64,64,16,0,0,0,14,40,18,11,0,8,0,0,0
2038.5,1,0,0,1,0,25,153,153,23,0,3,2,29,115,65,22,0,20,0,0,0
2038.5,1,0,0,1,0,30,204,204,24,0,3,3,48,179,127,23,0,34,0,0,1
2038.5,1,0,0,1,0,35,171,171,18,0,4,4,37,162,128,28,0,11,0,0,0
2038.5,1,0,0,1,0,40,210,210,23,0,2,1,46,201,156,34,0,17,0,0,0
2038.5,1,0,0,1,0,45,136,136,20,0,1,0,32,135,100,25,0,7,0,0,0
2038.5,1,0,0,1,0,50,98,98,11,0,1,0,16,91,71,7,0,2,0,0,0
2038.5,1,0,0,1,0,55,73,73,7,0,1,1,10,68,53,11,0,2,0,0,0
2038.5,1,0,0,1,0,60,161,161,17,0,2,1,20,89,66,14,0,9,0,0,0
2038.5,1,0,0,1,0,100,0,0,0,0,0,0,0,0,0,0,0,0,0,0,0
2038.5,1,0,0,1,1,0,11,11,0,11,0,0,11,11,11,0,0,0,0,0,0
2038.5,1,0,0,1,1,5,14,14,0,14,0,0,14,14,14,0,0,0,0,0,0
2038.5,1,0,0,1,1,10,7,7,0,7,0,0,7,7,7,0,0,0,0,0,0
2038.5,1,0,0,1,1,15,18,18,0,18,0,0,18,18,18,0,0,0,0,0,0
2038.5,1,0,0,1,1,20,72,72,0,72,0,0,72,72,72,0,0,2,0,0,0
2038.5,1,0,0,1,1,25,176,176,0,176,0,0,176,176,176,0,0,8,0,0,0
2038.5,1,0,0,1,1,30,371,371,0,371,2,2,371,371,371,0,0,12,0,0,1
2038.5,1,0,0,1,1,35,493,493,0,493,6,2,493,490,483,0,0,10,0,0,0
2038.5,1,0,0,1,1,40,699,699,0,699,6,6,699,688,674,0,0,18,0,0,0
2038.5,1,0,0,1,1,45,881,881,0,881,13,7,881,874,831,0,0,11,0,0,0
2038.5,1,0,0,1,1,50,998,998,0,998,10,4,998,965,857,0,0,7,0,0,0
2038.5,1,0,0,1,1,55,802,802,0,802,16,5,802,728,604,0,0,3,0,0,0
2038.5,1,0,0,1,1,60,1291,1291,0,1291,35,5,1291,686,588,0,0,13,0,0,0
2038.5,1,0,0,1,1,100,1,1,0,1,0,0,1,0,0,0,0,0,0,0,0
2038.5,1,0,1,0,0,0,0,0,0,0,0,0,0,0,0,0,0,0,0,0,0
2038.5,1,0,1,0,0,5,2,0,0,0,0,0,0,1,0,0,0,0,0,0,0
2038.5,1,0,1,0,0,10,25,0,0,0,0,0,0,7,0,0,0,0,0,0,0
2038.5,1,0,1,0,0,15,132,0,0,0,0,0,23,65,0,0,19,0,0,0,0
2038.5,1,0,1,0,0,20,380,0,0,0,0,0,155,265,0,0,131,0,0,0,0
2038.5,1,0,1,0,0,25,518,0,0,0,1,0,302,458,0,0,207,0,0,0,0
2038.5,1,0,1,0,0,30,562,0,0,0,0,0,353,531,0,0,251,0,0,0,0
2038.5,1,0,1,0,0,35,422,0,0,0,1,0,288,412,0,0,208,0,0,0,0
2038.5,1,0,1,0,0,40,412,0,0,0,2,0,254,408,0,0,178,0,0,0,0
2038.5,1,0,1,0,0,45,350,0,0,0,1,0,237,347,0,0,176,0,0,0,0
2038.5,1,0,1,0,0,50,271,0,0,0,5,0,161,267,0,0,127,0,0,0,0
2038.5,1,0,1,0,0,55,173,0,0,0,1,0,121,173,0,0,87,0,0,0,0
2038.5,1,0,1,0,0,60,256,0,0,0,2,0,80,115,0,0,54,0,0,0,0
2038.5,1,0,1,0,0,100,0,0,0,0,0,0,0,0,0,0,0,0,0,0,0
2038.5,1,0,1,0,1,0,0,0,0,0,0,0,0,0,0,0,0,0,0,0,0
2038.5,1,0,1,0,1,5,0,0,0,0,0,0,0,0,0,0,0,0,0,0,0
2038.5,1,0,1,0,1,10,0,0,0,0,0,0,0,0,0,0,0,0,0,0,0
2038.5,1,0,1,0,1,15,0,0,0,0,0,0,0,0,0,0,0,0,0,0,0
2038.5,1,0,1,0,1,20,0,0,0,0,0,0,0,0,0,0,0,0,0,0,0
2038.5,1,0,1,0,1,25,0,0,0,0,0,0,0,0,0,0,0,0,0,0,0
2038.5,1,0,1,0,1,30,0,0,0,0,0,0,0,0,0,0,0,0,0,0,0
2038.5,1,0,1,0,1,35,0,0,0,0,0,0,0,0,0,0,0,0,0,0,0
2038.5,1,0,1,0,1,40,0,0,0,0,0,0,0,0,0,0,0,0,0,0,0
2038.5,1,0,1,0,1,45,0,0,0,0,0,0,0,0,0,0,0,0,0,0,0
2038.5,1,0,1,0,1,50,0,0,0,0,0,0,0,0,0,0,0,0,0,0,0
2038.5,1,0,1,0,1,55,0,0,0,0,0,0,0,0,0,0,0,0,0,0,0
2038.5,1,0,1,0,1,60,0,0,0,0,0,0,0,0,0,0,0,0,0,0,0
2038.5,1,0,1,0,1,100,0,0,0,0,0,0,0,0,0,0,0,0,0,0,0
2038.5,1,0,1,1,0,0,0,0,0,0,0,0,0,0,0,0,0,0,0,0,0
2038.5,1,0,1,1,0,5,0,0,0,0,0,0,0,0,0,0,0,0,0,0,0
2038.5,1,0,1,1,0,10,0,0,0,0,0,0,0,0,0,0,0,0,0,0,0
2038.5,1,0,1,1,0,15,0,0,0,0,0,0,0,0,0,0,0,0,0,0,0
2038.5,1,0,1,1,0,20,2,2,0,0,0,0,0,1,0,1,0,0,0,0,0
2038.5,1,0,1,1,0,25,12,12,1,0,1,1,2,8,4,0,0,2,0,0,0
2038.5,1,0,1,1,0,30,18,18,3,0,1,1,3,14,12,2,0,3,0,0,0
2038.5,1,0,1,1,0,35,12,12,0,0,1,1,4,11,7,1,0,1,0,0,0
2038.5,1,0,1,1,0,40,20,20,1,0,1,1,3,20,20,2,0,1,0,0,0
2038.5,1,0,1,1,0,45,10,10,3,0,0,0,3,10,7,2,0,1,0,0,0
2038.5,1,0,1,1,0,50,7,7,1,0,0,0,3,7,4,2,0,0,0,0,0
2038.5,1,0,1,1,0,55,10,10,0,0,0,0,0,9,8,0,0,1,0,0,0
2038.5,1,0,1,1,0,60,17,17,1,0,2,0,2,14,11,2,0,0,0,0,0
2038.5,1,0,1,1,0,100,0,0,0,0,0,0,0,0,0,0,0,0,0,0,0
2038.5,1,0,1,1,1,0,0,0,0,0,0,0,0,0,0,0,0,0,0,0,0
2038.5,1,0,1,1,1,5,0,0,0,0,0,0,0,0,0,0,0,0,0,0,0
2038.5,1,0,1,1,1,10,1,1,0,1,0,0,1,1,1,0,0,0,0,0,0
2038.5,1,0,1,1,1,15,0,0,0,0,0,0,0,0,0,0,0,0,0,0,0
2038.5,1,0,1,1,1,20,3,3,0,3,0,0,3,3,3,0,0,0,0,0,0
2038.5,1,0,1,1,1,25,16,16,0,16,0,0,16,16,16,0,0,0,0,0,0
2038.5,1,0,1,1,1,30,38,38,0,38,0,0,38,38,38,0,0,1,0,0,0
2038.5,1,0,1,1,1,35,50,50,0,50,0,0,50,50,49,0,0,0,0,0,0
2038.5,1,0,1,1,1,40,54,54,0,54,0,0,54,53,51,0,0,2,0,0,0
2038.5,1,0,1,1,1,45,78,78,0,78,1,1,78,78,70,0,0,2,0,0,0
2038.5,1,0,1,1,1,50,97,97,0,97,2,2,97,91,84,0,0,1,0,0,0
2038.5,1,0,1,1,1,55,94,94,0,94,2,0,94,86,68,0,0,0,0,0,0
2038.5,1,0,1,1,1,60,135,135,0,135,1,0,135,68,56,0,0,0,0,0,0
2038.5,1,0,1,1,1,100,0,0,0,0,0,0,0,0,0,0,0,0,0,0,0
2038.5,1,1,0,0,0,0,6010,0,0,0,11,0,454,1960,0,0,228,0,0,0,0
2038.5,1,1,0,0,0,5,5936,0,0,0,2,0,0,2026,0,0,0,0,0,0,0
2038.5,1,1,0,0,0,10,5999,0,0,0,0,0,126,2167,0,0,131,0,0,0,0
2038.5,1,1,0,0,0,15,5593,0,0,0,0,0,1353,3243,0,0,1052,0,0,0,0
2038.5,1,1,0,0,0,20,5115,0,0,0,1,0,2474,4371,0,0,1914,0,0,0,0
2038.5,1,1,0,0,0,25,4270,0,0,0,2,0,2622,4134,0,0,1954,0,0,0,0
2038.5,1,1,0,0,0,30,3514,0,0,0,2,0,2272,3483,0,0,1659,0,0,0,0
2038.5,1,1,0,0,0,35,2886,0,0,0,4,0,1923,2875,0,0,1418,0,0,0,0
2038.5,1,1,0,0,0,40,2348,0,0,0,3,0,1569,2348,0,0,1141,0,0,0,0
2038.5,1,1,0,0,0,45,1911,0,0,0,3,0,1269,1911,0,0,969,0,0,0,0
2038.5,1,1,0,0,0,50,1458,0,0,0,3,0,978,1458,0,0,704,0,0,0,0
2038.5,1,1,0,0,0,55,932,0,0,0,2,0,626,932,0,0,399,0,0,0,0
2038.5,1,1,0,0,0,60,1842,0,0,0,26,0,309,857,0,0,213,0,0,0,0
2038.5,1,1,0,0,0,100,6,0,0,0,2,0,0,0,0,0,0,0,0,0,0
2038.5,1,1,0,0,1,0,0,0,0,0,0,0,0,0,0,0,0,0,0,0,0
2038.5,1,1,0,0,1,5,0,0,0,0,0,0,0,0,0,0,0,0,0,0,0
2038.5,1,1,0,0,1,10,0,0,0,0,0,0,0,0,0,0,0,0,0,0,0
2038.5,1,1,0,0,1,15,0,0,0,0,0,0,0,0,0,0,0,0,0,0,0
2038.5,1,1,0,0,1,20,0,0,0,0,0,0,0,0,0,0,0,0,0,0,0
2038.5,1,1,0,0,1,25,0,0,0,0,0,0,0,0,0,0,0,0,0,0,0
2038.5,1,1,0,0,1,30,0,0,0,0,0,0,0,0,0,0,0,0,0,0,0
2038.5,1,1,0,0,1,35,0,0,0,0,0,0,0,0,0,0,0,0,0,0,0
2038.5,1,1,0,0,1,40,0,0,0,0,0,0,0,0,0,0,0,0,0,0,0
2038.5,1,1,0,0,1,45,0,0,0,0,0,0,0,0,0,0,0,0,0,0,0
2038.5,1,1,0,0,1,50,0,0,0,0,0,0,0,0,0,0,0,0,0,0,0
2038.5,1,1,0,0,1,55,0,0,0,0,0,0,0,0,0,0,0,0,0,0,0
2038.5,1,1,0,0,1,60,0,0,0,0,0,0,0,0,0,0,0,0,0,0,0
2038.5,1,1,0,0,1,100,0,0,0,0,0,0,0,0,0,0,0,0,0,0,0
2038.5,1,1,0,1,0,0,11,11,5,0,3,3,1,3,3,3,0,0,0,0,0
2038.5,1,1,0,1,0,5,9,9,0,0,0,0,0,1,1,0,0,0,0,0,0
2038.5,1,1,0,1,0,10,14,14,4,0,3,3,0,5,3,1,0,2,0,0,0
2038.5,1,1,0,1,0,15,98,98,25,0,3,3,25,60,23,15,0,17,0,0,0
2038.5,1,1,0,1,0,20,193,193,39,0,1,0,56,152,70,42,0,32,0,0,0
2038.5,1,1,0,1,0,25,195,195,31,0,0,0,55,184,105,44,0,9,0,0,0
2038.5,1,1,0,1,0,30,215,215,34,0,3,3,57,203,131,41,0,12,0,0,0
2038.5,1,1,0,1,0,35,160,160,21,0,1,1,35,153,102,20,0,9,0,0,0
2038.5,1,1,0,1,0,40,136,136,16,0,0,0,23,131,77,9,0,5,0,0,0
2038.5,1,1,0,1,0,45,195,195,13,0,1,0,25,189,117,24,0,8,0,0,0
2038.5,1,1,0,1,0,50,188,188,9,0,2,2,22,178,124,12,0,5,0,0,0
2038.5,1,1,0,1,0,55,166,166,5,0,3,2,14,154,117,14,0,2,0,0,0
2038.5,1,1,0,1,0,60,236,236,14,0,6,4,11,142,109,13,0,5,0,0,0
2038.5,1,1,0,1,0,100,0,0,0,0,0,0,0,0,0,0,0,0,0,0,0
2038.5,1,1,0,1,1,0,12,12,0,12,0,0,12,12,12,0,0,0,0,0,0
2038.5,1,1,0,1,1,5,10,10,0,10,1,1,10,10,10,0,0,0,0,0,0
2038.5,1,1,0,1,1,10,8,8,0,8,1,1,8,8,8,0,0,0,0,0,0
2038.5,1,1,0,1,1,15,74,74,0,74,0,0,74,61,48,0,0,1,0,0,0
2038.5,1,1,0,1,1,20,346,346,0,346,0,0,346,296,222,0,0,5,0,0,0
2038.5,1,1,0,1,1,25,764,764,0,764,1,1,764,713,569,0,0,5,0,0,0
2038.5,1,1,0,1,1,30,1131,1131,0,1131,1,0,1131,1046,874,0,0,6,0,0,0
2038.5,1,1,0,1,1,35,1474,1474,0,1474,3,3,1474,1390,1070,0,0,9,0,0,0
2038.5,1,1,0,1,1,40,1701,1701,0,1701,6,4,1701,1618,1244,0,0,10,0,0,0
2038.5,1,1,0,1,1,45,1889,1889,0,1889,6,2,1889,1788,1338,0,0,12,0,0,0
2038.5,1,1,0,1,1,50,1789,1789,0,1789,9,4,1789,1691,1328,0,0,14,0,0,0
2038.5,1,1,0,1,1,55,1414,1414,0,1414,15,4,1414,1299,1070,0,0,5,0,0,0
2038.5,1,1,0,1,1,60,1944,1944,0,1944,31,5,1944,1279,1037,0,0,4,0,0,0
2038.5,1,1,0,1,1,100,3,3,0,3,0,0,3,0,0,0,0,0,0,0,0
2039,1,0,0,0,0,0,5976,0,0,0,18,0,406,1903,0,0,196,0,0,0,0
2039,1,0,0,0,0,5,5716,0,0,0,0,0,0,1970,0,0,0,0,0,0,1
2039,1,0,0,0,0,10,5882,0,0,0,3,0,0,2030,0,0,0,0,0,0,8
2039,1,0,0,0,0,15,5590,0,0,0,0,0,428,2251,0,0,396,0,0,0,12
2039,1,0,0,0,0,20,5196,0,0,0,5,0,2075,3701,0,0,1601,0,0,0,33
2039,1,0,0,0,0,25,4318,0,0,0,5,0,2395,3860,0,0,1789,0,0,0,14
2039,1,0,0,0,0,30,3733,0,0,0,3,0,2252,3510,0,0,1638,0,0,0,1
2039,1,0,0,0,0,35,3021,0,0,0,3,0,1946,2956,0,0,1423,0,0,0,0
2039,1,0,0,0,0,40,2595,0,0,0,10,0,1712,2574,0,0,1217,0,0,0,0
2039,1,0,0,0,0,45,2143,0,0,0,5,0,1394,2132,0,0,980,0,0,0,0
2039,1,0,0,0,0,50,1657,0,0,0,12,0,1102,1656,0,0,779,0,0,0,0
2039,1,0,0,0,0,55,1066,0,0,0,4,0,718,1065,0,0,509,0,0,0,0
2039,1,0,0,0,0,60,1405,0,0,0,41,0,482,731,0,0,359,0,0,0,0
2039,1,0,0,0,0,100,0,0,0,0,1,0,0,0,0,0,0,0,0,0,0
2039,1,0,0,0,1,0,0,0,0,0,0,0,0,0,0,0,0,0,0,0,0
2039,1,0,0,0,1,5,0,0,0,0,0,0,0,0,0,0,0,0,0,0,0
2039,1,0,0,0,1,10,0,0,0,0,0,0,0,0,0,0,0,0,0,0,0
2039,1,0,0,0,1,15,0,0,0,0,0,0,0,0,0,0,0,0,0,0,0
2039,1,0,0,0,1,20,0,0,0,0,0,0,0,0,0,0,0,0,0,0,0
2039,1,0,0,0,1,25,0,0,0,0,0,0,0,0,0,0,0,0,0,0,0
2039,1,0,0,0,1,30,0,0,0,0,0,0,0,0,0,0,0,0,0,0,0
2039,1,0,0,0,1,35,0,0,0,0,0,0,0,0,0,0,0,0,0,0,0
2039,1,0,0,0,1,40,0,0,0,0,0,0,0,0,0,0,0,0,0,0,0
2039,1,0,0,0,1,45,0,0,0,0,0,0,0,0,0,0,0,0,0,0,0
2039,1,0,0,0,1,50,0,0,0,0,0,0,0,0,0,0,0,0,0,0,0
2039,1,0,0,0,1,55,0,0,0,0,0,0,0,0,0,0,0,0,0,0,0
2039,1,0,0,0,1,60,0,0,0,0,0,0,0,0,0,0,0,0,0,0,0
2039,1,0,0,0,1,100,0,0,0,0,0,0,0,0,0,0,0,0,0,0,0
2039,1,0,0,1,0,0,18,18,5,0,2,2,3,4,4,4,0,0,0,0,0
2039,1,0,0,1,0,5,19,19,0,0,0,0,0,2,2,0,0,0,0,0,0
2039,1,0,0,1,0,10,15,15,0,0,0,0,0,5,5,1,0,0,0,0,0
2039,1,0,0,1,0,15,27,27,5,0,0,0,2,12,6,1,0,2,0,0,0
2039,1,0,0,1,0,20,69,69,19,0,0,0,16,48,19,12,0,9,0,0,0
2039,1,0,0,1,0,25,155,155,23,0,2,2,29,112,62,18,0,30,0,0,1
2039,1,0,0,1,0,30,210,210,25,0,2,2,55,187,137,47,0,42,0,0,1
2039,1,0,0,1,0,35,178,178,21,0,5,5,32,169,130,24,0,21,0,0,0
2039,1,0,0,1,0,40,208,208,23,0,2,2,46,201,166,45,0,19,0,0,0
2039,1,0,0,1,0,45,137,137,8,0,0,0,31,135,111,16,0,6,0,0,0
2039,1,0,0,1,0,50,96,96,6,0,2,2,12,92,67,9,0,4,0,0,0
2039,1,0,0,1,0,55,69,69,5,0,0,0,9,63,45,6,0,0,0,0,0
2039,1,0,0,1,0,60,182,182,18,0,8,2,23,101,75,17,0,4,0,0,0
2039,1,0,0,1,0,100,0,0,0,0,0,0,0,0,0,0,0,0,0,0,0
2039,1,0,0,1,1,0,11,11,0,11,1,0,11,11,11,0,0,0,0,0,0
2039,1,0,0,1,1,5,12,12,0,12,0,0,12,12,12,0,0,0,0,0,0
2039,1,0,0,1,1,10,10,10,0,10,0,0,10,10,10,0,0,0,0,0,0
2039,1,0,0,1,1,15,14,14,0,14,0,0,14,14,14,0,0,0,0,0,0
2039,1,0,0,1,1,20,75,75,0,75,1,1,75,75,75,0,0,2,0,0,0
2039,1,0,0,1,1,25,170,170,0,170,1,1,170,170,170,0,0,6,0,0,0
2039,1,0,0,1,1,30,373,373,0,373,2,1,373,373,373,0,0,11,0,0,1
2039,1,0,0,1,1,35,480,480,0,480,1,1,480,478,473,0,0,11,0,0,0
2039,1,0,0,1,1,40,686,686,0,686,3,3,686,675,659,0,0,16,0,0,0
2039,1,0,0,1,1,45,881,881,0,881,11,6,881,875,828,0,0,14,0,0,0
2039,1,0,0,1,1,50,996,996,0,996,8,0,996,965,858,0,0,4,0,0,0
2039,1,0,0,1,1,55,826,826,0,826,13,3,826,754,643,0,0,5,0,0,0
2039,1,0,0,1,1,60,1315,1315,0,1315,41,5,1315,733,619,0,0,8,0,0,0
2039,1,0,0,1,1,100,1,1,0,1,0,0,1,0,0,0,0,0,0,0,0
2039,1,0,1,0,0,0,0,0,0,0,0,0,0,0,0,0,0,0,0,0,0
2039,1,0,1,0,0,5,2,0,0,0,0,0,0,1,0,0,0,0,0,0,0
2039,1,0,1,0,0,10,29,0,0,0,0,0,0,9,0,0,0,0,0,0,0
2039,1,0,1,0,0,15,130,0,0,0,0,0,25,63,0,0,24,0,0,0,0
2039,1,0,1,0,0,20,381,0,0,0,0,0,153,267,0,0,113,0,0,0,0
2039,1,0,1,0,0,25,533,0,0,0,1,0,305,474,0,0,224,0,0,0,0
2039,1,0,1,0,0,30,550,0,0,0,0,0,340,517,0,0,243,0,0,0,0
2039,1,0,1,0,0,35,439,0,0,0,0,0,278,429,0,0,167,0,0,0,0
2039,1,0,1,0,0,40,408,0,0,0,1,0,260,403,0,0,203,0,0,0,0
2039,1,0,1,0,0,45,355,0,0,0,2,0,239,352,0,0,189,0,0,0,0
2039,1,0,1,0,0,50,278,0,0,0,0,0,178,274,0,0,143,0,0,0,0
2039,1,0,1,0,0,55,178,0,0,0,2,0,117,178,0,0,82,0,0,0,0
2039,1,0,1,0,0,60,268,0,0,0,5,0,86,130,0,0,61,0,0,0,0
2039,1,0,1,0,0,100,0,0,0,0,0,0,0,0,0,0,0,0,0,0,0
2039,1,0,1,0,1,0,0,0,0,0,0,0,0,0,0,0,0,0,0,0,0
2039,1,0,1,0,1,5,0,0,0,0,0,0,0,0,0,0,0,0,0,0,0
2039,1,0,1,0,1,10,0,0,0,0,0,0,0,0,0,0,0,0,0,0,0
2039,1,0,1,0,1,15,0,0,0,0,0,0,0,0,0,0,0,0,0,0,0
2039,1,0,1,0,1,20,0,0,0,0,0,0,0,0,0,0,0,0,0,0,0
2039,1,0,1,0,1,25,0,0,0,0,0,0,0,0,0,0,0,0,0,0,0
2039,1,0,1,0,1,30,0,0,0,0,0,0,0,0,0,0,0,0,0,0,0
2039,1,0,1,0,1,35,0,0,0,0,0,0,0,0,0,0,0,0,0,0,0
2039,1,0,1,0,1,40,0,0,0,0,0,0,0,0,0,0,0,0,0,0,0
2039,1,0,1,0,1,45,0,0,0,0,0,0,0,0,0,0,0,0,0,0,0
2039,1,0,1,0,1,50,0,0,0,0,0,0,0,0,0,0,0,0,0,0,0
2039,1,0,1,0,1,55,0,0,0,0,0,0,0,0,0,0,0,0,0,0,0
2039,1,0,1,0,1,60,0,0,0,0,0,0,0,0,0,0,0,0,0,0,0
2039,1,0,1,0,1,100,0,0,0,0,0,0,0,0,0,0,0,0,0,0,0
2039,1,0,1,1,0,0,0,0,0,0,0,0,0,0,0,0,0,0,0,0,0
2039,1,0,1,1,0,5,0,0,0,0,0,0,0,0,0,0,0,0,0,0,0
2039,1,0,1,1,0,10,0,0,0,0,0,0,0,0,0,0,0,0,0,0,0
2039,1,0,1,1,0,15,0,0,0,0,0,0,0,0,0,0,0,0,0,0,0
2039,1,0,1,1,0,20,0,0,1,0,0,0,0,0,0,2,0,1,0,0,0
2039,1,0,1,1,0,25,14,14,3,0,0,0,2,11,6,2,0,2,0,0,0
2039,1,0,1,1,0,30,21,21,2,0,0,0,3,14,11,1,0,2,0,0,0
2039,1,0,1,1,0,35,13,13,2,0,0,0,3,12,6,1,0,0,0,0,0
2039,1,0,1,1,0,40,20,20,2,0,0,0,3,20,19,2,0,4,0,0,0
2039,1,0,1,1,0,45,12,12,1,0,0,0,5,12,9,2,0,1,0,0,0
2039,1,0,1,1,0,50,10,10,0,0,0,0,3,9,8,3,0,0,0,0,0
2039,1,0,1,1,0,55,10,10,0,0,0,0,0,10,9,0,0,0,0,0,0
2039,1,0,1,1,0,60,7,7,1,0,0,0,0,5,4,0,0,0,0,0,0
2039,1,0,1,1,0,100,0,0,0,0,0,0,0,0,0,0,0,0,0,0,0
2039,1,0,1,1,1,0,0,0,0,0,0,0,0,0,0,0,0,0,0,0,0
2039,1,0,1,1,1,5,0,0,0,0,0,0,0,0,0,0,0,0,0,0,0
2039,1,0,1,1,1,10,1,1,0,1,0,0,1,1,1,0,0,0,0,0,0
2039,1,0,1,1,1,15,0,0,0,0,0,0,0,0,0,0,0,0,0,0,0
2039,1,0,1,1,1,20,2,2,0,2,0,0,2,2,2,0,0,0,0,0,0
2039,1,0,1,1,1,25,17,17,0,17,0,0,17,17,17,0,0,0,0,0,0
2039,1,0,1,1,1,30,37,37,0,37,1,0,37,37,37,0,0,3,0,0,0
2039,1,0,1,1,1,35,51,51,0,51,1,0,51,51,50,0,0,0,0,0,0
2039,1,0,1,1,1,40,51,51,0,51,0,0,51,51,49,0,0,1,0,0,0
2039,1,0,1,1,1,45,75,75,0,75,1,0,75,74,67,0,0,0,0,0,0
2039,1,0,1,1,1,50,86,86,0,86,3,0,86,83,74,0,0,1,0,0,0
2039,1,0,1,1,1,55,97,97,0,97,3,0,97,91,75,0,0,0,0,0,0
2039,1,0,1,1,1,60,150,150,0,150,5,1,150,79,64,0,0,3,0,0,0
2039,1,0,1,1,1,100,0,0,0,0,0,0,0,0,0,0,0,0,0,0,0
2039,1,1,0,0,0,0,6023,0,0,0,7,0,456,1973,0,0,206,0,0,0,0
2039,1,1,0,0,0,5,5864,0,0,0,0,0,0,1993,0,0,0,0,0,0,0
2039,1,1,0,0,0,10,6079,0,0,0,1,0,118,2173,0,0,118,0,0,0,0
2039,1,1,0,0,0,15,5585,0,0,0,2,0,1380,3255,0,0,1096,0,0,0,0
2039,1,1,0,0,0,20,5166,0,0,0,2,0,2477,4422,0,0,1871,0,0,0,0
2039,1,1,0,0,0,25,4291,0,0,0,1,0,2611,4161,0,0,1943,0,0,0,0
2039,1,1,0,0,0,30,3544,0,0,0,1,0,2283,3516,0,0,1697,0,0,0,0
2039,1,1,0,0,0,35,2918,0,0,0,2,0,1955,2908,0,0,1437,0,0,0,0
2039,1,1,0,0,0,40,2375,0,0,0,2,0,1582,2373,0,0,1153,0,0,0,0
2039,1,1,0,0,0,45,1941,0,0,0,4,0,1309,1941,0,0,936,0,0,0,0
2039,1,1,0,0,0,50,1501,0,0,0,6,0,1011,1501,0,0,728,0,0,0,0
2039,1,1,0,0,0,55,968,0,0,0,7,0,635,968,0,0,437,0,0,0,0
2039,1,1,0,0,0,60,1867,0,0,0,39,0,341,918,0,0,210,0,0,0,0
2039,1,1,0,0,0,100,7,0,0,0,0,0,0,0,0,0,0,0,0,0,0
2039,1,1,0,0,1,0,0,0,0,0,0,0,0,0,0,0,0,0,0,0,0
2039,1,1,0,0,1,5,0,0,0,0,0,0,0,0,0,0,0,0,0,0,0
2039,1,1,0,0,1,10,0,0,0,0,0,0,0,0,0,0,0,0,0,0,0
2039,1,1,0,0,1,15,0,0,0,0,0,0,0,0,0,0,0,0,0,0,0
2039,1,1,0,0,1,20,0,0,0,0,0,0,0,0,0,0,0,0,0,0,0
2039,1,1,0,0,1,25,0,0,0,0,0,0,0,0,0,0,0,0,0,0,0
2039,1,1,0,0,1,30,0,0,0,0,0,0,0,0,0,0,0,0,0,0,0
2039,1,1,0,0,1,35,0,0,0,0,0,0,0,0,0,0,0,0,0,0,0
2039,1,1,0,0,1,40,0,0,0,0,0,0,0,0,0,0,0,0,0,0,0
2039,1,1,0,0,1,45,0,0,0,0,0,0,0,0,0,0,0,0,0,0,0
2039,1,1,0,0,1,50,0,0,0,0,0,0,0,0,0,0,0,0,0,0,0
2039,1,1,0,0,1,55,0,0,0,0,0,0,0,0,0,0,0,0,0,0,0
2039,1,1,0,0,1,60,0,0,0,0,0,0,0,0,0,0,0,0,0,0,0
2039,1,1,0,0,1,100,0,0,0,0,0,0,0,0,0,0,0,0,0,0,0
2039,1,1,0,1,0,0,13,13,5,0,4,4,2,3,3,3,0,0,0,0,0
2039,1,1,0,1,0,5,8,8,0,0,1,1,0,1,1,0,0,0,0,0,0
2039,1,1,0,1,0,10,14,14,4,0,1,1,0,4,3,1,0,3,0,0,0
2039,1,1,0,1,0,15,91,91,30,0,3,3,22,59,22,11,0,28,0,0,0
2039,1,1,0,1,0,20,179,179,45,0,4,3,46,144,54,31,0,16,0,0,0
2039,1,1,0,1,0,25,195,195,38,0,0,0,50,184,100,38,0,14,0,0,0
2039,1,1,0,1,0,30,215,215,41,0,2,2,68,205,124,36,0,15,0,0,0
2039,1,1,0,1,0,35,165,165,25,0,1,1,30,162,99,15,0,6,0,0,0
2039,1,1,0,1,0,40,137,137,15,0,2,2,22,133,82,11,0,6,0,0,0
2039,1,1,0,1,0,45,195,195,13,0,0,0,21,189,113,16,0,5,0,0,0
2039,1,1,0,1,0,50,186,186,9,0,2,1,22,180,134,12,0,4,0,0,0
2039,1,1,0,1,0,55,166,166,2,0,3,2,13,155,120,11,0,4,0,0,0
2039,1,1,0,1,0,60,248,248,10,0,8,4,12,154,119,10,0,3,0,0,0
2039,1,1,0,1,0,100,0,0,0,0,0,0,0,0,0,0,0,0,0,0,0
2039,1,1,0,1,1,0,11,11,0,11,0,0,11,11,11,0,0,0,0,0,0
2039,1,1,0,1,1,5,10,10,0,10,0,0,10,10,10,0,0,0,0,0,0
2039,1,1,0,1,1,10,7,7,0,7,0,0,7,7,7,0,0,0,0,0,0
2039,1,1,0,1,1,15,68,68,0,68,0,0,68,52,42,0,0,3,0,0,0
2039,1,1,0,1,1,20,367,367,0,367,1,1,367,309,237,0,0,6,0,0,0
2039,1,1,0,1,1,25,762,762,0,762,0,0,762,710,557,0,0,5,0,0,0
2039,1,1,0,1,1,30,1113,1113,0,1113,3,0,1113,1034,868,0,0,10,0,0,0
2039,1,1,0,1,1,35,1476,1476,0,1476,1,0,1476,1388,1079,0,0,6,0,0,0
2039,1,1,0,1,1,40,1695,1695,0,1695,0,0,1695,1608,1221,0,0,9,0,0,0
2039,1,1,0,1,1,45,1876,1876,0,1876,2,0,1876,1780,1340,0,0,7,0,0,0
2039,1,1,0,1,1,50,1848,1848,0,1848,4,1,1848,1749,1362,0,0,6,0,0,0
2039,1,1,0,1,1,55,1440,1440,0,1440,5,0,1440,1332,1086,0,0,4,0,0,0
2039,1,1,0,1,1,60,2030,2030,0,2030,35,3,2030,1366,1110,0,0,5,0,0,0
2039,1,1,0,1,1,100,3,3,0,3,1,0,3,0,0,0,0,0,0,0,0
2039.5,1,0,0,0,0,0,5922,0,0,0,22,0,457,1936,0,0,227,0,0,0,0
2039.5,1,0,0,0,0,5,5744,0,0,0,2,0,0,1963,0,0,0,0,0,0,1
2039.5,1,0,0,0,0,10,5908,0,0,0,2,0,1,2015,0,0,1,0,0,0,9
2039.5,1,0,0,0,0,15,5567,0,0,0,6,0,445,2254,0,0,400,0,0,0,23
2039.5,1,0,0,0,0,20,5223,0,0,0,8,0,2125,3713,0,0,1619,0,0,0,27
2039.5,1,0,0,0,0,25,4334,0,0,0,7,0,2412,3857,0,0,1804,0,0,0,18
2039.5,1,0,0,0,0,30,3781,0,0,0,6,0,2322,3578,0,0,1714,0,0,0,0
2039.5,1,0,0,0,0,35,3043,0,0,0,3,0,1971,2971,0,0,1413,0,0,0,0
2039.5,1,0,0,0,0,40,2600,0,0,0,8,0,1663,2577,0,0,1198,0,0,0,0
2039.5,1,0,0,0,0,45,2166,0,0,0,11,0,1421,2155,0,0,1033,0,0,0,0
2039.5,1,0,0,0,0,50,1694,0,0,0,14,0,1133,1693,0,0,826,0,0,0,0
2039.5,1,0,0,0,0,55,1085,0,0,0,7,0,735,1084,0,0,523,0,0,0,0
2039.5,1,0,0,0,0,60,1454,0,0,0,35,0,537,805,0,0,362,0,0,0,0
2039.5,1,0,0,0,0,100,0,0,0,0,0,0,0,0,0,0,0,0,0,0,0
2039.5,1,0,0,0,1,0,0,0,0,0,0,0,0,0,0,0,0,0,0,0,0
2039.5,1,0,0,0,1,5,0,0,0,0,0,0,0,0,0,0,0,0,0,0,0
2039.5,1,0,0,0,1,10,0,0,0,0,0,0,0,0,0,0,0,0,0,0,0
2039.5,1,0,0,0,1,15,0,0,0,0,0,0,0,0,0,0,0,0,0,0,0
2039.5,1,0,0,0,1,20,0,0,0,0,0,0,0,0,0,0,0,0,0,0,0
2039.5,1,0,0,0,1,25,0,0,0,0,0,0,0,0,0,0,0,0,0,0,0
2039.5,1,0,0,0,1,30,0,0,0,0,0,0,0,0,0,0,0,0,0,0,0
2039.5,1,0,0,0,1,35,0,0,0,0,0,0,0,0,0,0,0,0,0,0,0
2039.5,1,0,0,0,1,40,0,0,0,0,0,0,0,0,0,0,0,0,0,0,0
2039.5,1,0,0,0,1,45,0,0,0,0,0,0,0,0,0,0,0,0,0,0,0
2039.5,1,0,0,0,1,50,0,0,0,0,0,0,0,0,0,0,0,0,0,0,0
2039.5,1,0,0,0,1,55,0,0,0,0,0,0,0,0,0,0,0,0,0,0,0
2039.5,1,0,0,0,1,60,0,0,0,0,0,0,0,0,0,0,0,0,0,0,0
2039.5,1,0,0,0,1,100,0,0,0,0,0,0,0,0,0,0,0,0,0,0,0
2039.5,1,0,0,1,0,0,15,15,2,0,3,3,2,3,3,1,0,0,0,0,0
2039.5,1,0,0,1,0,5,17,17,0,0,1,1,1,3,3,1,0,0,0,0,0
2039.5,1,0,0,1,0,10,18,18,0,0,0,0,0,5,5,0,0,0,0,0,0
2039.5,1,0,0,1,0,15,27,27,4,0,1,1,1,14,7,0,0,1,0,0,0
2039.5,1,0,0,1,0,20,74,74,15,0,0,0,20,56,25,17,0,15,0,0,0
2039.5,1,0,0,1,0,25,152,152,22,0,0,0,29,116,64,21,0,25,0,0,1
2039.5,1,0,0,1,0,30,200,200,21,0,2,2,44,177,128,28,0,28,0,0,0
2039.5,1,0,0,1,0,35,174,174,17,0,2,2,39,165,132,37,0,13,0,0,0
2039.5,1,0,0,1,0,40,201,201,21,0,1,1,38,198,157,31,0,23,0,0,0
2039.5,1,0,0,1,0,45,145,145,18,0,1,1,26,143,108,13,0,10,0,0,0
2039.5,1,0,0,1,0,50,114,114,18,0,1,1,28,112,82,17,0,1,0,0,0
2039.5,1,0,0,1,0,55,83,83,15,0,1,0,15,78,52,7,0,0,0,0,0
2039.5,1,0,0,1,0,60,169,169,9,0,12,6,16,97,78,18,0,9,0,0,0
2039.5,1,0,0,1,0,100,0,0,0,0,0,0,0,0,0,0,0,0,0,0,0
2039.5,1,0,0,1,1,0,12,12,0,12,0,0,12,12,12,0,0,0,0,0,0
2039.5,1,0,0,1,1,5,12,12,0,12,0,0,12,12,12,0,0,0,0,0,0
2039.5,1,0,0,1,1,10,7,7,0,7,1,1,7,7,7,0,0,0,0,0,0
2039.5,1,0,0,1,1,15,13,13,0,13,0,0,13,13,13,0,0,1,0,0,0
2039.5,1,0,0,1,1,20,69,69,0,69,0,0,69,69,69,0,0,4,0,0,1
2039.5,1,0,0,1,1,25,173,173,0,173,0,0,173,171,169,0,0,5,0,0,0
2039.5,1,0,0,1,1,30,366,366,0,366,2,2,366,365,364,0,0,21,0,0,0
2039.5,1,0,0,1,1,35,500,500,0,500,1,0,500,498,494,0,0,14,0,0,0
2039.5,1,0,0,1,1,40,672,672,0,672,6,4,672,659,641,0,0,19,0,0,0
2039.5,1,0,0,1,1,45,878,878,0,878,8,5,878,873,835,0,0,14,0,0,0
2039.5,1,0,0,1,1,50,986,986,0,986,11,5,986,962,850,0,0,3,0,0,0
2039.5,1,0,0,1,1,55,854,854,0,854,8,1,854,782,670,0,0,7,0,0,0
2039.5,1,0,0,1,1,60,1376,1376,0,1376,22,2,1376,793,664,0,0,7,0,0,0
2039.5,1,0,0,1,1,100,1,1,0,1,0,0,1,0,0,0,0,0,0,0,0
2039.5,1,0,1,0,0,0,0,0,0,0,0,0,0,0,0,0,0,0,0,0,0
2039.5,1,0,1,0,0,5,2,0,0,0,0,0,0,0,0,0,0,0,0,0,0
2039.5,1,0,1,0,0,10,35,0,0,0,0,0,0,15,0,0,0,0,0,0,0
2039.5,1,0,1,0,0,15,137,0,0,0,0,0,16,60,0,0,14,0,0,0,0
2039.5,1,0,1,0,0,20,384,0,0,0,0,0,149,275,0,0,89,0,0,0,0
2039.5,1,0,1,0,0,25,531,0,0,0,0,0,293,469,0,0,201,0,0,0,0
2039.5,1,0,1,0,0,30,559,0,0,0,0,0,343,526,0,0,241,0,0,0,0
2039.5,1,0,1,0,0,35,445,0,0,0,1,0,278,433,0,0,218,0,0,0,0
2039.5,1,0,1,0,0,40,408,0,0,0,0,0,259,405,0,0,203,0,0,0,0
2039.5,1,0,1,0,0,45,357,0,0,0,2,0,236,353,0,0,175,0,0,0,0
2039.5,1,0,1,0,0,50,283,0,0,0,2,0,200,280,0,0,125,0,0,0,0
2039.5,1,0,1,0,0,55,175,0,0,0,2,0,119,174,0,0,105,0,0,0,0
2039.5,1,0,1,0,0,60,273,0,0,0,10,0,96,142,0,0,68,0,0,0,0
2039.5,1,0,1,0,0,100,0,0,0,0,0,0,0,0,0,0,0,0,0,0,0
2039.5,1,0,1,0,1,0,0,0,0,0,0,0,0,0,0,0,0,0,0,0,0
2039.5,1,0,1,0,1,5,0,0,0,0,0,0,0,0,0,0,0,0,0,0,0
2039.5,1,0,1,0,1,10,0,0,0,0,0,0,0,0,0,0,0,0,0,0,0
2039.5,1,0,1,0,1,15,0,0,0,0,0,0,0,0,0,0,0,0,0,0,0
2039.5,1,0,1,0,1,20,0,0,0,0,0,0,0,0,0,0,0,0,0,0,0
2039.5,1,0,1,0,1,25,0,0,0,0,0,0,0,0,0,0,0,0,0,0,0
2039.5,1,0,1,0,1,30,0,0,0,0,0,0,0,0,0,0,0,0,0,0,0
2039.5,1,0,1,0,1,35,0,0,0,0,0,0,0,0,0,0,0,0,0,0,0
2039.5,1,0,1,0,1,40,0,0,0,0,0,0,0,0,0,0,0,0,0,0,0
2039.5,1,0,1,0,1,45,0,0,0,0,0,0,0,0,0,0,0,0,0,0,0
2039.5,1,0,1,0,1,50,0,0,0,0,0,0,0,0,0,0,0,0,0,0,0
2039.5,1,0,1,0,1,55,0,0,0,0,0,0,0,0,0,0,0,0,0,0,0
2039.5,1,0,1,0,1,60,0,0,0,0,0,0,0,0,0,0,0,0,0,0,0
2039.5,1,0,1,0,1,100,0,0,0,0,0,0,0,0,0,0,0,0,0,0,0
2039.5,1,0,1,1,0,0,0,0,0,0,0,0,0,0,0,0,0,0,0,0,0
2039.5,1,0,1,1,0,5,0,0,0,0,0,0,0,0,0,0,0,0,0,0,0
2039.5,1,0,1,1,0,10,0,0,0,0,0,0,0,0,0,0,0,0,0,0,0
2039.5,1,0,1,1,0,15,0,0,0,0,0,0,0,0,0,0,0,0,0,0,0
2039.5,1,0,1,1,0,20,0,0,0,0,0,0,0,0,0,0,0,0,0,0,0
2039.5,1,0,1,1,0,25,15,15,2,0,0,0,4,11,6,2,0,3,0,0,0
2039.5,1,0,1,1,0,30,19,19,3,0,1,1,6,14,10,5,0,2,0,0,0
2039.5,1,0,1,1,0,35,21,21,3,0,0,0,7,20,17,6,0,3,0,0,0
2039.5,1,0,1,1,0,40,25,25,5,0,0,0,6,25,18,3,0,4,0,0,0
2039.5,1,0,1,1,0,45,9,9,1,0,0,0,2,9,6,1,0,1,0,0,0
2039.5,1,0,1,1,0,50,17,17,4,0,0,0,6,16,12,2,0,0,0,0,0
2039.5,1,0,1,1,0,55,13,13,4,0,0,0,4,13,10,3,0,0,0,0,0
2039.5,1,0,1,1,0,60,9,9,0,0,1,0,0,5,4,1,0,2,0,0,0
2039.5,1,0,1,1,0,100,0,0,0,0,0,0,0,0,0,0,0,0,0,0,0
2039.5,1,0,1,1,1,0,0,0,0,0,0,0,0,0,0,0,0,0,0,0,0
2039.5,1,0,1,1,1,5,0,0,0,0,0,0,0,0,0,0,0,0,0,0,0
2039.5,1,0,1,1,1,10,1,1,0,1,0,0,1,1,1,0,0,0,0,0,0
2039.5,1,0,1,1,1,15,0,0,0,0,0,0,0,0,0,0,0,0,0,0,0
2039.5,1,0,1,1,1,20,3,3,0,3,0,0,3,3,3,0,0,0,0,0,0
2039.5,1,0,1,1,1,25,16,16,0,16,0,0,16,16,16,0,0,0,0,0,0
2039.5,1,0,1,1,1,30,34,34,0,34,0,0,34,34,34,0,0,1,0,0,0
2039.5,1,0,1,1,1,35,48,48,0,48,1,0,48,48,47,0,0,0,0,0,0
2039.5,1,0,1,1,1,40,53,53,0,53,0,0,53,53,51,0,0,0,0,0,0
2039.5,1,0,1,1,1,45,70,70,0,70,1,1,70,69,62,0,0,2,0,0,0
2039.5,1,0,1,1,1,50,90,90,0,90,0,0,90,88,78,0,0,1,0,0,0
2039.5,1,0,1,1,1,55,95,95,0,95,2,0,95,88,75,0,0,0,0,0,0
2039.5,1,0,1,1,1,60,146,146,0,146,9,0,146,79,63,0,0,0,0,0,0
2039.5,1,0,1,1,1,100,0,0,0,0,0,0,0,0,0,0,0,0,0,0,0
2039.5,1,1,0,0,0,0,6019,0,0,0,6,0,449,1967,0,0,212,0,0,0,0
2039.5,1,1,0,0,0,5,5918,0,0,0,1,0,0,2007,0,0,0,0,0,0,0
2039.5,1,1,0,0,0,10,6027,0,0,0,0,0,105,2148,0,0,113,0,0,0,0
2039.5,1,1,0,0,0,15,5645,0,0,0,1,0,1388,3312,0,0,1029,0,0,0,0
2039.5,1,1,0,0,0,20,5125,0,0,0,1,0,2454,4359,0,0,1867,0,0,0,0
2039.5,1,1,0,0,0,25,4347,0,0,0,2,0,2691,4224,0,0,2109,0,0,0,0
2039.5,1,1,0,0,0,30,3606,0,0,0,4,0,2336,3578,0,0,1780,0,0,0,0
2039.5,1,1,0,0,0,35,2910,0,0,0,2,0,1920,2899,0,0,1439,0,0,0,0
2039.5,1,1,0,0,0,40,2412,0,0,0,1,0,1588,2410,0,0,1168,0,0,0,0
2039.5,1,1,0,0,0,45,1953,0,0,0,3,0,1279,1953,0,0,866,0,0,0,0
2039.5,1,1,0,0,0,50,1557,0,0,0,7,0,1031,1557,0,0,763,0,0,0,0
2039.5,1,1,0,0,0,55,1022,0,0,0,5,0,661,1022,0,0,466,0,0,0,0
2039.5,1,1,0,0,0,60,1883,0,0,0,38,0,378,964,0,0,287,0,0,0,0
2039.5,1,1,0,0,0,100,5,0,0,0,2,0,0,0,0,0,0,0,0,0,0
2039.5,1,1,0,0,1,0,0,0,0,0,0,0,0,0,0,0,0,0,0,0,0
2039.5,1,1,0,0,1,5,0,0,0,0,0,0,0,0,0,0,0,0,0,0,0
2039.5,1,1,0,0,1,10,0,0,0,0,0,0,0,0,0,0,0,0,0,0,0
2039.5,1,1,0,0,1,15,0,0,0,0,0,0,0,0,0,0,0,0,0,0,0
2039.5,1,1,0,0,1,20,0,0,0,0,0,0,0,0,0,0,0,0,0,0,0
2039.5,1,1,0,0,1,25,0,0,0,0,0,0,0,0,0,0,0,0,0,0,0
2039.5,1,1,0,0,1,30,0,0,0,0,0,0,0,0,0,0,0,0,0,0,0
2039.5,1,1,0,0,1,35,0,0,0,0,0,0,0,0,0,0,0,0,0,0,0
2039.5,1,1,0,0,1,40,0,0,0,0,0,0,0,0,0,0,0,0,0,0,0
2039.5,1,1,0,0,1,45,0,0,0,0,0,0,0,0,0,0,0,0,0,0,0
2039.5,1,1,0,0,1,50,0,0,0,0,0,0,0,0,0,0,0,0,0,0,0
2039.5,1,1,0,0,1,55,0,0,0,0,0,0,0,0,0,0,0,0,0,0,0
2039.5,1,1,0,0,1,60,0,0,0,0,0,0,0,0,0,0,0,0,0,0,0
2039.5,1,1,0,0,1,100,0,0,0,0,0,0,0,0,0,0,0,0,0,0,0
2039.5,1,1,0,1,0,0,8,8,3,0,0,0,1,2,2,2,0,0,0,0,0
2039.5,1,1,0,1,0,5,10,10,0,0,0,0,0,1,1,0,0,0,0,0,0
2039.5,1,1,0,1,0,10,15,15,4,0,4,4,2,6,4,1,0,0,0,0,0
2039.5,1,1,0,1,0,15,88,88,32,0,1,1,14,53,14,13,0,18,0,0,0
2039.5,1,1,0,1,0,20,186,186,44,0,0,0,50,147,54,39,0,19,0,0,0
2039.5,1,1,0,1,0,25,207,207,38,0,0,0,64,195,103,45,0,15,0,0,0
2039.5,1,1,0,1,0,30,227,227,35,0,1,1,59,215,130,40,0,12,0,0,0
2039.5,1,1,0,1,0,35,172,172,37,0,1,1,37,168,97,16,0,9,0,0,0
2039.5,1,1,0,1,0,40,141,141,17,0,1,1,21,136,83,12,0,4,0,0,0
2039.5,1,1,0,1,0,45,184,184,13,0,1,1,22,177,109,15,0,9,0,0,0
2039.5,1,1,0,1,0,50,199,199,7,0,0,0,17,191,148,14,0,10,0,0,0
2039.5,1,1,0,1,0,55,154,154,3,0,6,5,14,146,108,14,0,4,0,0,0
2039.5,1,1,0,1,0,60,266,266,9,0,8,5,17,176,139,20,0,3,0,0,0
2039.5,1,1,0,1,0,100,0,0,0,0,0,0,0,0,0,0,0,0,0,0,0
2039.5,1,1,0,1,1,0,12,12,0,12,0,0,12,12,12,0,0,0,0,0,0
2039.5,1,1,0,1,1,5,10,10,0,10,0,0,10,10,10,0,0,0,0,0,0
2039.5,1,1,0,1,1,10,8,8,0,8,0,0,8,8,8,0,0,0,0,0,0
2039.5,1,1,0,1,1,15,72,72,0,72,0,0,72,59,51,0,0,0,0,0,0
2039.5,1,1,0,1,1,20,353,353,0,353,1,1,353,296,223,0,0,7,0,0,0
2039.5,1,1,0,1,1,25,725,725,0,725,2,1,725,675,540,0,0,8,0,0,0
2039.5,1,1,0,1,1,30,1102,1102,0,1102,1,1,1102,1029,858,0,0,11,0,0,0
2039.5,1,1,0,1,1,35,1486,1486,0,1486,1,1,1486,1397,1088,0,0,12,0,0,0
2039.5,1,1,0,1,1,40,1699,1699,0,1699,4,1,1699,1612,1204,0,0,6,0,0,0
2039.5,1,1,0,1,1,45,1860,1860,0,1860,4,2,1860,1770,1342,0,0,16,0,0,0
2039.5,1,1,0,1,1,50,1871,1871,0,1871,8,3,1871,1776,1381,0,0,4,0,0,0
2039.5,1,1,0,1,1,55,1510,1510,0,1510,11,3,1510,1397,1128,0,0,10,0,0,0
2039.5,1,1,0,1,1,60,2111,2111,0,2111,26,3,2111,1448,1173,0,0,5,0,0,0
2039.5,1,1,0,1,1,100,3,3,0,3,0,0,3,0,0,0,0,0,0,0,0
2040,1,0,0,0,0,0,5888,0,0,0,17,0,422,1909,0,0,175,0,0,0,0
2040,1,0,0,0,0,5,5757,0,0,0,2,0,0,1943,0,0,0,0,0,0,0
2040,1,0,0,0,0,10,5932,0,0,0,5,0,2,2031,0,0,2,0,0,0,6
2040,1,0,0,0,0,15,5550,0,0,0,4,0,464,2261,0,0,429,0,0,0,14
2040,1,0,0,0,0,20,5229,0,0,0,2,0,2070,3717,0,0,1546,0,0,0,33
2040,1,0,0,0,0,25,4373,0,0,0,3,0,2448,3883,0,0,1778,0,0,0,18
2040,1,0,0,0,0,30,3796,0,0,0,3,0,2356,3602,0,0,1689,0,0,0,1
2040,1,0,0,0,0,35,3101,0,0,0,5,0,1979,3028,0,0,1381,0,0,0,0
2040,1,0,0,0,0,40,2612,0,0,0,6,0,1714,2589,0,0,1246,0,0,0,0
2040,1,0,0,0,0,45,2193,0,0,0,10,0,1453,2187,0,0,1018,0,0,0,0
2040,1,0,0,0,0,50,1755,0,0,0,8,0,1151,1753,0,0,855,0,0,0,0
2040,1,0,0,0,0,55,1114,0,0,0,8,0,734,1112,0,0,516,0,0,0,0
2040,1,0,0,0,0,60,1491,0,0,0,28,0,582,864,0,0,426,0,0,0,0
2040,1,0,0,0,0,100,0,0,0,0,0,0,0,0,0,0,0,0,0,0,0
2040,1,0,0,0,1,0,0,0,0,0,0,0,0,0,0,0,0,0,0,0,0
2040,1,0,0,0,1,5,0,0,0,0,0,0,0,0,0,0,0,0,0,0,0
2040,1,0,0,0,1,10,0,0,0,0,0,0,0,0,0,0,0,0,0,0,0
2040,1,0,0,0,1,15,0,0,0,0,0,0,0,0,0,0,0,0,0,0,0
2040,1,0,0,0,1,20,0,0,0,0,0,0,0,0,0,0,0,0,0,0,0
2040,1,0,0,0,1,25,0,0,0,0,0,0,0,0,0,0,0,0,0,0,0
2040,1,0,0,0,1,30,0,0,0,0,0,0,0,0,0,0,0,0,0,0,0
2040,1,0,0,0,1,35,0,0,0,0,0,0,0,0,0,0,0,0,0,0,0
2040,1,0,0,0,1,40,0,0,0,0,0,0,0,0,0,0,0,0,0,0,0
2040,1,0,0,0,1,45,0,0,0,0,0,0,0,0,0,0,0,0,0,0,0
2040,1,0,0,0,1,50,0,0,0,0,0,0,0,0,0,0,0,0,0,0,0
2040,1,0,0,0,1,55,0,0,0,0,0,0,0,0,0,0,0,0,0,0,0
2040,1,0,0,0,1,60,0,0,0,0,0,0,0,0,0,0,0,0,0,0,0
2040,1,0,0,0,1,100,0,0,0,0,0,0,0,0,0,0,0,0,0,0,0
2040,1,0,0,1,0,0,13,13,3,0,0,0,0,2,2,0,0,0,0,0,0
2040,1,0,0,1,0,5,14,14,0,0,1,1,0,1,1,0,0,0,0,0,0
2040,1,0,0,1,0,10,17,17,0,0,0,0,0,6,6,0,0,0,0,0,0
2040,1,0,0,1,0,15,25,25,4,0,0,0,5,12,7,3,0,4,0,0,0
2040,1,0,0,1,0,20,72,72,11,0,0,0,17,52,26,18,0,12,0,0,0
2040,1,0,0,1,0,25,148,148,21,0,2,1,37,116,67,26,0,21,0,0,1
2040,1,0,0,1,0,30,197,197,21,0,4,4,44,174,126,28,0,27,0,0,0
2040,1,0,0,1,0,35,176,176,11,0,3,3,31,167,133,22,0,17,0,0,0
2040,1,0,0,1,0,40,206,206,24,0,2,2,44,202,157,34,0,32,0,0,0
2040,1,0,0,1,0,45,155,155,22,0,3,3,30,153,113,14,0,7,0,0,0
2040,1,0,0,1,0,50,107,107,12,0,7,5,22,104,67,6,0,9,0,0,0
2040,1,0,0,1,0,55,79,79,7,0,0,0,16,76,55,12,0,1,0,0,0
2040,1,0,0,1,0,60,156,156,16,0,7,4,18,92,67,14,0,8,0,0,0
2040,1,0,0,1,0,100,0,0,0,0,0,0,0,0,0,0,0,0,0,0,0
2040,1,0,0,1,1,0,11,11,0,11,0,0,11,11,11,0,0,0,0,0,0
2040,1,0,0,1,1,5,14,14,0,14,1,1,14,14,14,0,0,0,0,0,0
2040,1,0,0,1,1,10,8,8,0,8,0,0,8,8,8,0,0,0,0,0,0
2040,1,0,0,1,1,15,11,11,0,11,0,0,11,11,11,0,0,0,0,0,0
2040,1,0,0,1,1,20,68,68,0,68,1,1,68,68,68,0,0,3,0,0,0
2040,1,0,0,1,1,25,178,178,0,178,1,1,178,176,174,0,0,3,0,0,0
2040,1,0,0,1,1,30,359,359,0,359,0,0,359,358,357,0,0,7,0,0,0
2040,1,0,0,1,1,35,496,496,0,496,7,7,496,495,493,0,0,10,0,0,0
2040,1,0,0,1,1,40,642,642,0,642,7,5,642,631,612,0,0,11,0,0,0
2040,1,0,0,1,1,45,891,891,0,891,4,2,891,885,839,0,0,12,0,0,0
2040,1,0,0,1,1,50,985,985,0,985,6,3,985,967,856,0,0,4,0,0,0
2040,1,0,0,1,1,55,882,882,0,882,6,0,882,810,698,0,0,2,0,0,0
2040,1,0,0,1,1,60,1458,1458,0,1458,27,3,1458,874,734,0,0,7,0,0,0
2040,1,0,0,1,1,100,1,1,0,1,0,0,1,0,0,0,0,0,0,0,0
2040,1,0,1,0,0,0,0,0,0,0,0,0,0,0,0,0,0,0,0,0,0
2040,1,0,1,0,0,5,1,0,0,0,0,0,0,0,0,0,0,0,0,0,0
2040,1,0,1,0,0,10,34,0,0,0,0,0,0,13,0,0,0,0,0,0,0
2040,1,0,1,0,0,15,128,0,0,0,1,0,13,53,0,0,13,0,0,0,0
2040,1,0,1,0,0,20,386,0,0,0,0,0,146,279,0,0,107,0,0,0,0
2040,1,0,1,0,0,25,549,0,0,0,0,0,319,484,0,0,236,0,0,0,0
2040,1,0,1,0,0,30,565,0,0,0,1,0,348,535,0,0,300,0,0,0,0
2040,1,0,1,0,0,35,457,0,0,0,1,0,302,448,0,0,213,0,0,0,0
2040,1,0,1,0,0,40,400,0,0,0,1,0,249,397,0,0,186,0,0,0,0
2040,1,0,1,0,0,45,362,0,0,0,2,0,241,360,0,0,160,0,0,0,0
2040,1,0,1,0,0,50,295,0,0,0,1,0,195,293,0,0,124,0,0,0,0
2040,1,0,1,0,0,55,178,0,0,0,3,0,126,177,0,0,90,0,0,0,0
2040,1,0,1,0,0,60,277,0,0,0,6,0,103,152,0,0,69,0,0,0,0
2040,1,0,1,0,0,100,0,0,0,0,0,0,0,0,0,0,0,0,0,0,0
2040,1,0,1,0,1,0,0,0,0,0,0,0,0,0,0,0,0,0,0,0,0
2040,1,0,1,0,1,5,0,0,0,0,0,0,0,0,0,0,0,0,0,0,0
2040,1,0,1,0,1,10,0,0,0,0,0,0,0,0,0,0,0,0,0,0,0
2040,1,0,1,0,1,15,0,0,0,0,0,0,0,0,0,0,0,0,0,0,0
2040,1,0,1,0,1,20,0,0,0,0,0,0,0,0,0,0,0,0,0,0,0
2040,1,0,1,0,1,25,0,0,0,0,0,0,0,0,0,0,0,0,0,0,0
2040,1,0,1,0,1,30,0,0,0,0,0,0,0,0,0,0,0,0,0,0,0
2040,1,0,1,0,1,35,0,0,0,0,0,0,0,0,0,0,0,0,0,0,0
2040,1,0,1,0,1,40,0,0,0,0,0,0,0,0,0,0,0,0,0,0,0
2040,1,0,1,0,1,45,0,0,0,0,0,0,0,0,0,0,0,0,0,0,0
2040,1,0,1,0,1,50,0,0,0,0,0,0,0,0,0,0,0,0,0,0,0
2040,1,0,1,0,1,55,0,0,0,0,0,0,0,0,0,0,0,0,0,0,0
2040,1,0,1,0,1,60,0,0,0,0,0,0,0,0,0,0,0,0,0,0,0
2040,1,0,1,0,1,100,0,0,0,0,0,0,0,0,0,0,0,0,0,0,0
2040,1,0,1,1,0,0,0,0,0,0,0,0,0,0,0,0,0,0,0,0,0
2040,1,0,1,1,0,5,0,0,0,0,0,0,0,0,0,0,0,0,0,0,0
2040,1,0,1,1,0,10,0,0,0,0,0,0,0,0,0,0,0,0,0,0,0
2040,1,0,1,1,0,15,0,0,0,0,0,0,0,0,0,0,0,0,0,0,0
2040,1,0,1,1,0,20,0,0,0,0,0,0,0,0,0,0,0,0,0,0,0
2040,1,0,1,1,0,25,14,14,0,0,0,0,3,10,8,2,0,2,0,0,0
2040,1,0,1,1,0,30,21,21,3,0,1,1,8,16,11,4,0,3,0,0,0
2040,1,0,1,1,0,35,17,17,2,0,3,3,6,17,14,4,0,3,0,0,0
2040,1,0,1,1,0,40,20,20,2,0,0,0,8,20,15,6,0,2,0,0,0
2040,1,0,1,1,0,45,14,14,3,0,0,0,2,14,9,1,0,3,0,0,0
2040,1,0,1,1,0,50,14,14,0,0,1,0,0,14,11,2,0,0,0,0,0
2040,1,0,1,1,0,55,8,8,1,0,0,0,2,8,6,2,0,0,0,0,0
2040,1,0,1,1,0,60,12,12,2,0,0,0,1,7,4,0,0,1,0,0,0
2040,1,0,1,1,0,100,0,0,0,0,0,0,0,0,0,0,0,0,0,0,0
2040,1,0,1,1,1,0,0,0,0,0,0,0,0,0,0,0,0,0,0,0,0
2040,1,0,1,1,1,5,0,0,0,0,0,0,0,0,0,0,0,0,0,0,0
2040,1,0,1,1,1,10,1,1,0,1,0,0,1,1,1,0,0,0,0,0,0
2040,1,0,1,1,1,15,0,0,0,0,0,0,0,0,0,0,0,0,0,0,0
2040,1,0,1,1,1,20,3,3,0,3,0,0,3,3,3,0,0,0,0,0,0
2040,1,0,1,1,1,25,14,14,0,14,0,0,14,14,14,0,0,0,0,0,0
2040,1,0,1,1,1,30,35,35,0,35,0,0,35,35,35,0,0,2,0,0,0
2040,1,0,1,1,1,35,48,48,0,48,0,0,48,48,47,0,0,3,0,0,0
2040,1,0,1,1,1,40,56,56,0,56,1,1,56,56,54,0,0,1,0,0,0
2040,1,0,1,1,1,45,71,71,0,71,0,0,71,70,64,0,0,2,0,0,0
2040,1,0,1,1,1,50,90,90,0,90,0,0,90,88,76,0,0,1,0,0,0
2040,1,0,1,1,1,55,98,98,0,98,4,1,98,94,85,0,0,0,0,0,0
2040,1,0,1,1,1,60,149,149,0,149,2,0,149,83,65,0,0,0,0,0,0
2040,1,0,1,1,1,100,0,0,0,0,0,0,0,0,0,0,0,0,0,0,0
2040,1,1,0,0,0,0,6052,0,0,0,10,0,439,1966,0,0,202,0,0,0,0
2040,1,1,0,0,0,5,5920,0,0,0,0,0,0,1997,0,0,0,0,0,0,0
2040,1,1,0,0,0,10,6003,0,0,0,0,0,110,2148,0,0,119,0,0,0,0
2040,1,1,0,0,0,15,5711,0,0,0,3,0,1392,3359,0,0,1113,0,0,0,0
2040,1,1,0,0,0,20,5074,0,0,0,3,0,2470,4329,0,0,1906,0,0,0,0
2040,1,1,0,0,0,25,4439,0,0,0,3,0,2759,4316,0,0,2115,0,0,0,0
2040,1,1,0,0,0,30,3639,0,0,0,2,0,2387,3609,0,0,1804,0,0,0,0
2040,1,1,0,0,0,35,2920,0,0,0,2,0,1920,2912,0,0,1422,0,0,0,0
2040,1,1,0,0,0,40,2439,0,0,0,2,0,1623,2437,0,0,1180,0,0,0,0
2040,1,1,0,0,0,45,2009,0,0,0,3,0,1273,2009,0,0,935,0,0,0,0
2040,1,1,0,0,0,50,1579,0,0,0,5,0,1068,1579,0,0,734,0,0,0,0
2040,1,1,0,0,0,55,1074,0,0,0,2,0,682,1074,0,0,485,0,0,0,0
2040,1,1,0,0,0,60,1898,0,0,0,40,0,451,1014,0,0,298,0,0,0,0
2040,1,1,0,0,0,100,5,0,0,0,0,0,0,0,0,0,0,0,0,0,0
2040,1,1,0,0,1,0,0,0,0,0,0,0,0,0,0,0,0,0,0,0,0
2040,1,1,0,0,1,5,0,0,0,0,0,0,0,0,0,0,0,0,0,0,0
2040,1,1,0,0,1,10,0,0,0,0,0,0,0,0,0,0,0,0,0,0,0
2040,1,1,0,0,1,15,0,0,0,0,0,0,0,0,0,0,0,0,0,0,0
2040,1,1,0,0,1,20,0,0,0,0,0,0,0,0,0,0,0,0,0,0,0
2040,1,1,0,0,1,25,0,0,0,0,0,0,0,0,0,0,0,0,0,0,0
2040,1,1,0,0,1,30,0,0,0,0,0,0,0,0,0,0,0,0,0,0,0
2040,1,1,0,0,1,35,0,0,0,0,0,0,0,0,0,0,0,0,0,0,0
2040,1,1,0,0,1,40,0,0,0,0,0,0,0,0,0,0,0,0,0,0,0
2040,1,1,0,0,1,45,0,0,0,0,0,0,0,0,0,0,0,0,0,0,0
2040,1,1,0,0,1,50,0,0,0,0,0,0,0,0,0,0,0,0,0,0,0
2040,1,1,0,0,1,55,0,0,0,0,0,0,0,0,0,0,0,0,0,0,0
2040,1,1,0,0,1,60,0,0,0,0,0,0,0,0,0,0,0,0,0,0,0
2040,1,1,0,0,1,100,0,0,0,0,0,0,0,0,0,0,0,0,0,0,0
2040,1,1,0,1,0,0,9,9,4,0,4,4,1,2,2,1,0,0,0,0,0
2040,1,1,0,1,0,5,7,7,0,0,0,0,0,0,0,1,0,0,0,0,0
2040,1,1,0,1,0,10,11,11,3,0,1,1,1,4,4,4,0,0,0,0,0
2040,1,1,0,1,0,15,90,90,31,0,0,0,13,54,13,15,0,15,0,0,0
2040,1,1,0,1,0,20,184,184,30,0,0,0,47,142,62,37,0,11,0,0,0
2040,1,1,0,1,0,25,188,188,38,0,0,0,67,175,95,43,0,16,0,0,0
2040,1,1,0,1,0,30,215,215,43,0,2,2,48,206,115,39,0,8,0,0,0
2040,1,1,0,1,0,35,156,156,23,0,0,0,33,149,92,19,0,5,0,0,0
2040,1,1,0,1,0,40,126,126,17,0,1,0,24,124,78,15,0,8,0,0,0
2040,1,1,0,1,0,45,194,194,15,0,2,1,17,187,122,19,0,7,0,0,0
2040,1,1,0,1,0,50,200,200,8,0,4,4,20,194,150,16,0,5,0,0,0
2040,1,1,0,1,0,55,149,149,3,0,2,2,13,139,105,16,0,5,0,0,0
2040,1,1,0,1,0,60,280,280,9,0,3,2,19,188,152,21,0,6,0,0,0
2040,1,1,0,1,0,100,0,0,0,0,0,0,0,0,0,0,0,0,0,0,0
2040,1,1,0,1,1,0,9,9,0,9,0,0,9,9,9,0,0,0,0,0,0
2040,1,1,0,1,1,5,13,13,0,13,0,0,13,13,13,0,0,0,0,0,0
2040,1,1,0,1,1,10,11,11,0,11,0,0,11,11,11,0,0,0,0,0,0
2040,1,1,0,1,1,15,72,72,0,72,0,0,72,63,54,0,0,3,0,0,0
2040,1,1,0,1,1,20,345,345,0,345,1,0,345,287,221,0,0,3,0,0,0
2040,1,1,0,1,1,25,751,751,0,751,1,1,751,699,554,0,0,6,0,0,0
2040,1,1,0,1,1,30,1129,1129,0,1129,6,5,1129,1062,876,0,0,10,0,0,0
2040,1,1,0,1,1,35,1457,1457,0,1457,1,1,1457,1363,1070,0,0,10,0,0,0
2040,1,1,0,1,1,40,1700,1700,0,1700,4,2,1700,1616,1197,0,0,10,0,0,0
2040,1,1,0,1,1,45,1864,1864,0,1864,4,1,1864,1769,1334,0,0,10,0,0,0
2040,1,1,0,1,1,50,1873,1873,0,1873,14,6,1873,1779,1374,0,0,11,0,0,0
2040,1,1,0,1,1,55,1573,1573,0,1573,11,6,1573,1468,1187,0,0,7,0,0,0
2040,1,1,0,1,1,60,2210,2210,0,2210,24,3,2210,1544,1254,0,0,6,0,0,0
2040,1,1,0,1,1,100,4,4,0,4,0,0,4,0,0,0,0,0,0,0,0
2040.5,1,0,0,0,0,0,5886,0,0,0,24,0,388,1889,0,0,186,0,0,0,0
2040.5,1,0,0,0,0,5,5765,0,0,0,1,0,0,1944,0,0,0,0,0,0,0
2040.5,1,0,0,0,0,10,5925,0,0,0,3,0,0,2010,0,0,1,0,0,0,4
2040.5,1,0,0,0,0,15,5533,0,0,0,2,0,406,2235,0,0,348,0,0,0,20
2040.5,1,0,0,0,0,20,5223,0,0,0,4,0,2097,3706,0,0,1605,0,0,0,37
2040.5,1,0,0,0,0,25,4426,0,0,0,5,0,2510,3931,0,0,1876,0,0,0,8
2040.5,1,0,0,0,0,30,3807,0,0,0,5,0,2396,3619,0,0,1753,0,0,0,1
2040.5,1,0,0,0,0,35,3151,0,0,0,5,0,1976,3075,0,0,1477,0,0,0,0
2040.5,1,0,0,0,0,40,2650,0,0,0,4,0,1767,2625,0,0,1248,0,0,0,0
2040.5,1,0,0,0,0,45,2170,0,0,0,5,0,1431,2163,0,0,995,0,0,0,0
2040.5,1,0,0,0,0,50,1819,0,0,0,14,0,1188,1817,0,0,849,0,0,0,0
2040.5,1,0,0,0,0,55,1154,0,0,0,10,0,766,1152,0,0,584,0,0,0,0
2040.5,1,0,0,0,0,60,1528,0,0,0,43,0,626,933,0,0,420,0,0,0,0
2040.5,1,0,0,0,0,100,0,0,0,0,0,0,0,0,0,0,0,0,0,0,0
2040.5,1,0,0,0,1,0,0,0,0,0,0,0,0,0,0,0,0,0,0,0,0
2040.5,1,0,0,0,1,5,0,0,0,0,0,0,0,0,0,0,0,0,0,0,0
2040.5,1,0,0,0,1,10,0,0,0,0,0,0,0,0,0,0,0,0,0,0,0
2040.5,1,0,0,0,1,15,0,0,0,0,0,0,0,0,0,0,0,0,0,0,0
2040.5,1,0,0,0,1,20,0,0,0,0,0,0,0,0,0,0,0,0,0,0,0
2040.5,1,0,0,0,1,25,0,0,0,0,0,0,0,0,0,0,0,0,0,0,0
2040.5,1,0,0,0,1,30,0,0,0,0,0,0,0,0,0,0,0,0,0,0,0
2040.5,1,0,0,0,1,35,0,0,0,0,0,0,0,0,0,0,0,0,0,0,0
2040.5,1,0,0,0,1,40,0,0,0,0,0,0,0,0,0,0,0,0,0,0,0
2040.5,1,0,0,0,1,45,0,0,0,0,0,0,0,0,0,0,0,0,0,0,0
2040.5,1,0,0,0,1,50,0,0,0,0,0,0,0,0,0,0,0,0,0,0,0
2040.5,1,0,0,0,1,55,0,0,0,0,0,0,0,0,0,0,0,0,0,0,0
2040.5,1,0,0,0,1,60,0,0,0,0,0,0,0,0,0,0,0,0,0,0,0
2040.5,1,0,0,0,1,100,0,0,0,0,0,0,0,0,0,0,0,0,0,0,0
2040.5,1,0,0,1,0,0,20,20,6,0,1,1,2,4,4,3,0,0,0,0,0
2040.5,1,0,0,1,0,5,12,12,0,0,0,0,0,1,1,0,0,0,0,0,0
2040.5,1,0,0,1,0,10,18,18,0,0,0,0,0,5,5,0,0,0,0,0,0
2040.5,1,0,0,1,0,15,20,20,3,0,0,0,4,12,9,6,0,2,0,0,0
2040.5,1,0,0,1,0,20,76,76,21,0,0,0,17,50,20,8,0,15,0,0,0
2040.5,1,0,0,1,0,25,151,151,26,0,1,1,30,124,73,26,0,42,0,0,0
2040.5,1,0,0,1,0,30,199,199,24,0,0,0,42,171,126,36,0,29,0,0,0
2040.5,1,0,0,1,0,35,194,194,21,0,0,0,45,186,146,29,0,23,0,0,0
2040.5,1,0,0,1,0,40,208,208,26,0,1,1,48,203,159,30,0,18,0,0,0
2040.5,1,0,0,1,0,45,152,152,20,0,1,1,30,151,114,24,0,8,0,0,0
2040.5,1,0,0,1,0,50,119,119,19,0,0,0,24,117,84,14,0,6,0,0,0
2040.5,1,0,0,1,0,55,89,89,4,0,1,0,15,85,68,8,0,2,0,0,0
2040.5,1,0,0,1,0,60,157,157,9,0,3,0,21,99,77,16,0,7,0,0,0
2040.5,1,0,0,1,0,100,0,0,0,0,0,0,0,0,0,0,0,0,0,0,0
2040.5,1,0,0,1,1,0,11,11,0,11,0,0,11,11,11,0,0,0,0,0,0
2040.5,1,0,0,1,1,5,11,11,0,11,0,0,11,11,11,0,0,0,0,0,0
2040.5,1,0,0,1,1,10,10,10,0,10,0,0,10,10,10,0,0,0,0,0,0
2040.5,1,0,0,1,1,15,12,12,0,12,0,0,12,12,12,0,0,0,0,0,0
2040.5,1,0,0,1,1,20,72,72,0,72,0,0,72,72,72,0,0,4,0,0,0
2040.5,1,0,0,1,1,25,168,168,0,168,1,1,168,166,164,0,0,6,0,0,2
2040.5,1,0,0,1,1,30,351,351,0,351,2,1,351,350,349,0,0,9,0,0,0
2040.5,1,0,0,1,1,35,510,510,0,510,3,2,510,508,506,0,0,9,0,0,0
2040.5,1,0,0,1,1,40,628,628,0,628,5,4,628,618,596,0,0,8,0,0,0
2040.5,1,0,0,1,1,45,874,874,0,874,8,5,874,866,820,0,0,19,0,0,0
2040.5,1,0,0,1,1,50,1000,1000,0,1000,6,3,1000,981,866,0,0,11,0,0,0
2040.5,1,0,0,1,1,55,892,892,0,892,7,1,892,830,710,0,0,3,0,0,0
2040.5,1,0,0,1,1,60,1516,1516,0,1516,33,2,1516,934,785,0,0,8,0,0,0
2040.5,1,0,0,1,1,100,1,1,0,1,0,0,1,0,0,0,0,0,0,0,0
2040.5,1,0,1,0,0,0,0,0,0,0,0,0,0,0,0,0,0,0,0,0,0
2040.5,1,0,1,0,0,5,0,0,0,0,0,0,0,0,0,0,0,0,0,0,0
2040.5,1,0,1,0,0,10,34,0,0,0,0,0,0,12,0,0,0,0,0,0,0
2040.5,1,0,1,0,0,15,136,0,0,0,0,0,18,56,0,0,21,0,0,0,0
2040.5,1,0,1,0,0,20,369,0,0,0,0,0,166,282,0,0,128,0,0,0,0
2040.5,1,0,1,0,0,25,570,0,0,0,1,0,327,492,0,0,229,0,0,0,0
2040.5,1,0,1,0,0,30,558,0,0,0,1,0,355,529,0,0,272,0,0,0,0
2040.5,1,0,1,0,0,35,468,0,0,0,1,0,317,459,0,0,239,0,0,0,0
2040.5,1,0,1,0,0,40,398,0,0,0,1,0,249,395,0,0,176,0,0,0,0
2040.5,1,0,1,0,0,45,372,0,0,0,2,0,224,370,0,0,164,0,0,0,0
2040.5,1,0,1,0,0,50,297,0,0,0,1,0,191,295,0,0,133,0,0,0,0
2040.5,1,0,1,0,0,55,190,0,0,0,1,0,127,189,0,0,77,0,0,0,0
2040.5,1,0,1,0,0,60,286,0,0,0,5,0,106,166,0,0,68,0,0,0,0
2040.5,1,0,1,0,0,100,0,0,0,0,0,0,0,0,0,0,0,0,0,0,0
2040.5,1,0,1,0,1,0,0,0,0,0,0,0,0,0,0,0,0,0,0,0,0
2040.5,1,0,1,0,1,5,0,0,0,0,0,0,0,0,0,0,0,0,0,0,0
2040.5,1,0,1,0,1,10,0,0,0,0,0,0,0,0,0,0,0,0,0,0,0
2040.5,1,0,1,0,1,15,0,0,0,0,0,0,0,0,0,0,0,0,0,0,0
2040.5,1,0,1,0,1,20,0,0,0,0,0,0,0,0,0,0,0,0,0,0,0
2040.5,1,0,1,0,1,25,0,0,0,0,0,0,0,0,0,0,0,0,0,0,0
2040.5,1,0,1,0,1,30,0,0,0,0,0,0,0,0,0,0,0,0,0,0,0
2040.5,1,0,1,0,1,35,0,0,0,0,0,0,0,0,0,0,0,0,0,0,0
2040.5,1,0,1,0,1,40,0,0,0,0,0,0,0,0,0,0,0,0,0,0,0
2040.5,1,0,1,0,1,45,0,0,0,0,0,0,0,0,0,0,0,0,0,0,0
2040.5,1,0,1,0,1,50,0,0,0,0,0,0,0,0,0,0,0,0,0,0,0
2040.5,1,0,1,0,1,55,0,0,0,0,0,0,0,0,0,0,0,0,0,0,0
2040.5,1,0,1,0,1,60,0,0,0,0,0,0,0,0,0,0,0,0,0,0,0
2040.5,1,0,1,0,1,100,0,0,0,0,0,0,0,0,0,0,0,0,0,0,0
2040.5,1,0,1,1,0,0,0,0,0,0,0,0,0,0,0,0,0,0,0,0,0
2040.5,1,0,1,1,0,5,0,0,0,0,0,0,0,0,0,0,0,0,0,0,0
2040.5,1,0,1,1,0,10,0,0,0,0,0,0,0,0,0,0,0,0,0,0,0
2040.5,1,0,1,1,0,15,0,0,0,0,0,0,0,0,0,0,0,0,0,0,0
2040.5,1,0,1,1,0,20,1,1,1,0,0,0,1,1,0,0,0,0,0,0,0
2040.5,1,0,1,1,0,25,14,14,3,0,0,0,3,10,5,0,0,4,0,0,0
2040.5,1,0,1,1,0,30,23,23,1,0,1,1,4,19,15,3,0,6,0,0,0
2040.5,1,0,1,1,0,35,13,13,0,0,0,0,2,13,12,2,0,5,0,0,0
2040.5,1,0,1,1,0,40,17,17,1,0,0,0,2,17,14,2,0,1,0,0,0
2040.5,1,0,1,1,0,45,14,14,1,0,0,0,2,14,9,0,0,3,0,0,0
2040.5,1,0,1,1,0,50,17,17,1,0,0,0,1,17,15,0,0,0,0,0,0
2040.5,1,0,1,1,0,55,8,8,0,0,0,0,0,8,6,0,0,0,0,0,0
2040.5,1,0,1,1,0,60,17,17,3,0,0,0,3,11,5,2,0,0,0,0,0
2040.5,1,0,1,1,0,100,0,0,0,0,0,0,0,0,0,0,0,0,0,0,0
2040.5,1,0,1,1,1,0,0,0,0,0,0,0,0,0,0,0,0,0,0,0,0
2040.5,1,0,1,1,1,5,0,0,0,0,0,0,0,0,0,0,0,0,0,0,0
2040.5,1,0,1,1,1,10,0,0,0,0,0,0,0,0,0,0,0,0,0,0,0
2040.5,1,0,1,1,1,15,1,1,0,1,0,0,1,1,1,0,0,0,0,0,0
2040.5,1,0,1,1,1,20,3,3,0,3,0,0,3,3,3,0,0,0,0,0,0
2040.5,1,0,1,1,1,25,14,14,0,14,0,0,14,14,14,0,0,0,0,0,0
2040.5,1,0,1,1,1,30,35,35,0,35,0,0,35,35,35,0,0,0,0,0,0
2040.5,1,0,1,1,1,35,45,45,0,45,0,0,45,45,44,0,0,1,0,0,0
2040.5,1,0,1,1,1,40,60,60,0,60,1,1,60,60,58,0,0,2,0,0,0
2040.5,1,0,1,1,1,45,72,72,0,72,0,0,72,71,64,0,0,1,0,0,0
2040.5,1,0,1,1,1,50,81,81,0,81,2,2,81,79,64,0,0,1,0,0,0
2040.5,1,0,1,1,1,55,98,98,0,98,1,0,98,94,87,0,0,0,0,0,0
2040.5,1,0,1,1,1,60,158,158,0,158,4,1,158,94,75,0,0,2,0,0,0
2040.5,1,0,1,1,1,100,0,0,0,0,0,0,0,0,0,0,0,0,0,0,0
2040.5,1,1,0,0,0,0,6017,0,0,0,17,0,438,1984,0,0,205,0,0,0,0
2040.5,1,1,0,0,0,5,5950,0,0,0,0,0,0,1985,0,0,0,0,0,0,0
2040.5,1,1,0,0,0,10,5955,0,0,0,1,0,95,2124,0,0,105,0,0,0,0
2040.5,1,1,0,0,0,15,5706,0,0,0,2,0,1386,3328,0,0,1057,0,0,0,0
2040.5,1,1,0,0,0,20,5097,0,0,0,0,0,2492,4313,0,0,1888,0,0,0,0
2040.5,1,1,0,0,0,25,4489,0,0,0,4,0,2760,4362,0,0,2138,0,0,0,0
2040.5,1,1,0,0,0,30,3667,0,0,0,1,0,2393,3638,0,0,1774,0,0,0,0
2040.5,1,1,0,0,0,35,2940,0,0,0,2,0,1936,2933,0,0,1417,0,0,0,0
2040.5,1,1,0,0,0,40,2492,0,0,0,2,0,1641,2490,0,0,1233,0,0,0,0
2040.5,1,1,0,0,0,45,2016,0,0,0,4,0,1342,2016,0,0,968,0,0,0,0
2040.5,1,1,0,0,0,50,1606,0,0,0,9,0,1078,1606,0,0,808,0,0,0,0
2040.5,1,1,0,0,0,55,1144,0,0,0,0,0,729,1144,0,0,523,0,0,0,0
2040.5,1,1,0,0,0,60,1938,0,0,0,39,0,484,1080,0,0,363,0,0,0,0
2040.5,1,1,0,0,0,100,5,0,0,0,0,0,0,0,0,0,0,0,0,0,0
2040.5,1,1,0,0,1,0,0,0,0,0,0,0,0,0,0,0,0,0,0,0,0
2040.5,1,1,0,0,1,5,0,0,0,0,0,0,0,0,0,0,0,0,0,0,0
2040.5,1,1,0,0,1,10,0,0,0,0,0,0,0,0,0,0,0,0,0,0,0
2040.5,1,1,0,0,1,15,0,0,0,0,0,0,0,0,0,0,0,0,0,0,0
2040.5,1,1,0,0,1,20,0,0,0,0,0,0,0,0,0,0,0,0,0,0,0
2040.5,1,1,0,0,1,25,0,0,0,0,0,0,0,0,0,0,0,0,0,0,0
2040.5,1,1,0,0,1,30,0,0,0,0,0,0,0,0,0,0,0,0,0,0,0
2040.5,1,1,0,0,1,35,0,0,0,0,0,0,0,0,0,0,0,0,0,0,0
2040.5,1,1,0,0,1,40,0,0,0,0,0,0,0,0,0,0,0,0,0,0,0
2040.5,1,1,0,0,1,45,0,0,0,0,0,0,0,0,0,0,0,0,0,0,0
2040.5,1,1,0,0,1,50,0,0,0,0,0,0,0,0,0,0,0,0,0,0,0
2040.5,1,1,0,0,1,55,0,0,0,0,0,0,0,0,0,0,0,0,0,0,0
2040.5,1,1,0,0,1,60,0,0,0,0,0,0,0,0,0,0,0,0,0,0,0
2040.5,1,1,0,0,1,100,0,0,0,0,0,0,0,0,0,0,0,0,0,0,0
2040.5,1,1,0,1,0,0,8,8,1,0,3,3,1,2,2,1,0,0,0,0,0
2040.5,1,1,0,1,0,5,9,9,0,0,0,0,0,1,1,0,0,0,0,0,0
2040.5,1,1,0,1,0,10,14,14,5,0,0,0,2,8,6,4,0,0,0,0,0
2040.5,1,1,0,1,0,15,85,85,29,0,2,2,20,48,13,17,0,26,0,0,0
2040.5,1,1,0,1,0,20,192,192,56,0,0,0,45,149,47,22,0,25,0,0,0
2040.5,1,1,0,1,0,25,202,202,47,0,0,0,66,188,95,41,0,18,0,0,0
2040.5,1,1,0,1,0,30,245,245,41,0,1,1,67,236,141,44,0,8,0,0,0
2040.5,1,1,0,1,0,35,154,154,29,0,1,1,31,146,84,15,0,6,0,0,0
2040.5,1,1,0,1,0,40,138,138,16,0,1,1,24,132,84,10,0,6,0,0,0
2040.5,1,1,0,1,0,45,174,174,14,0,4,2,19,169,116,21,0,7,0,0,0
2040.5,1,1,0,1,0,50,206,206,9,0,4,4,28,198,146,21,0,8,0,0,0
2040.5,1,1,0,1,0,55,162,162,4,0,1,1,12,149,106,7,0,2,0,0,0
2040.5,1,1,0,1,0,60,281,281,5,0,6,4,17,193,144,16,0,6,0,0,0
2040.5,1,1,0,1,0,100,0,0,0,0,0,0,0,0,0,0,0,0,0,0,0
2040.5,1,1,0,1,1,0,7,7,0,7,0,0,7,7,7,0,0,0,0,0,0
2040.5,1,1,0,1,1,5,13,13,0,13,0,0,13,13,13,0,0,0,0,0,0
2040.5,1,1,0,1,1,10,10,10,0,10,1,1,10,10,10,0,0,0,0,0,0
2040.5,1,1,0,1,1,15,73,73,0,73,1,1,73,64,54,0,0,0,0,0,0
2040.5,1,1,0,1,1,20,349,349,0,349,0,0,349,294,227,0,0,4,0,0,0
2040.5,1,1,0,1,1,25,744,744,0,744,3,2,744,686,542,0,0,6,0,0,0
2040.5,1,1,0,1,1,30,1091,1091,0,1091,3,2,1091,1026,849,0,0,9,0,0,0
2040.5,1,1,0,1,1,35,1446,1446,0,1446,3,3,1446,1359,1064,0,0,12,0,0,0
2040.5,1,1,0,1,1,40,1703,1703,0,1703,4,0,1703,1624,1207,0,0,6,0,0,0
2040.5,1,1,0,1,1,45,1843,1843,0,1843,7,3,1843,1750,1311,0,0,13,0,0,0
2040.5,1,1,0,1,1,50,1910,1910,0,1910,7,0,1910,1813,1400,0,0,9,0,0,0
2040.5,1,1,0,1,1,55,1577,1577,0,1577,12,7,1577,1483,1209,0,0,8,0,0,0
2040.5,1,1,0,1,1,60,2339,2339,0,2339,36,7,2339,1660,1349,0,0,5,0,0,0
2040.5,1,1,0,1,1,100,3,3,0,3,1,0,3,0,0,0,0,0,0,0,0
2041,1,0,0,0,0,0,5889,0,0,0,22,0,435,1903,0,0,229,0,0,0,0
2041,1,0,0,0,0,5,5816,0,0,0,2,0,0,1961,0,0,0,0,0,0,2
2041,1,0,0,0,0,10,5889,0,0,0,1,0,1,2000,0,0,1,0,0,0,6
2041,1,0,0,0,0,15,5581,0,0,0,5,0,435,2260,0,0,434,0,0,0,22
2041,1,0,0,0,0,20,5228,0,0,0,3,0,2101,3714,0,0,1561,0,0,0,26
2041,1,0,0,0,0,25,4413,0,0,0,6,0,2489,3919,0,0,1842,0,0,0,8
2041,1,0,0,0,0,30,3851,0,0,0,3,0,2427,3664,0,0,1806,0,0,0,4
2041,1,0,0,0,0,35,3167,0,0,0,4,0,2033,3097,0,0,1517,0,0,0,0
2041,1,0,0,0,0,40,2677,0,0,0,7,0,1763,2653,0,0,1253,0,0,0,0
2041,1,0,0,0,0,45,2226,0,0,0,5,0,1462,2218,0,0,1086,0,0,0,0
2041,1,0,0,0,0,50,1806,0,0,0,9,0,1183,1804,0,0,875,0,0,0,0
2041,1,0,0,0,0,55,1194,0,0,0,11,0,788,1192,0,0,580,0,0,0,0
2041,1,0,0,0,0,60,1583,0,0,0,32,0,678,1011,0,0,470,0,0,0,0
2041,1,0,0,0,0,100,0,0,0,0,0,0,0,0,0,0,0,0,0,0,0
2041,1,0,0,0,1,0,0,0,0,0,0,0,0,0,0,0,0,0,0,0,0
2041,1,0,0,0,1,5,0,0,0,0,0,0,0,0,0,0,0,0,0,0,0
2041,1,0,0,0,1,10,0,0,0,0,0,0,0,0,0,0,0,0,0,0,0
2041,1,0,0,0,1,15,0,0,0,0,0,0,0,0,0,0,0,0,0,0,0
2041,1,0,0,0,1,20,0,0,0,0,0,0,0,0,0,0,0,0,0,0,0
2041,1,0,0,0,1,25,0,0,0,0,0,0,0,0,0,0,0,0,0,0,0
2041,1,0,0,0,1,30,0,0,0,0,0,0,0,0,0,0,0,0,0,0,0
2041,1,0,0,0,1,35,0,0,0,0,0,0,0,0,0,0,0,0,0,0,0
2041,1,0,0,0,1,40,0,0,0,0,0,0,0,0,0,0,0,0,0,0,0
2041,1,0,0,0,1,45,0,0,0,0,0,0,0,0,0,0,0,0,0,0,0
2041,1,0,0,0,1,50,0,0,0,0,0,0,0,0,0,0,0,0,0,0,0
2041,1,0,0,0,1,55,0,0,0,0,0,0,0,0,0,0,0,0,0,0,0
2041,1,0,0,0,1,60,0,0,0,0,0,0,0,0,0,0,0,0,0,0,0
2041,1,0,0,0,1,100,0,0,0,0,0,0,0,0,0,0,0,0,0,0,0
2041,1,0,0,1,0,0,20,20,5,0,5,4,3,5,5,2,0,0,0,0,0
2041,1,0,0,1,0,5,13,13,0,0,0,0,0,3,3,0,0,0,0,0,0
2041,1,0,0,1,0,10,19,19,0,0,2,2,0,5,5,0,0,0,0,0,0
2041,1,0,0,1,0,15,14,14,3,0,0,0,0,7,5,2,0,1,0,0,0
2041,1,0,0,1,0,20,79,79,19,0,0,0,18,53,21,12,0,13,0,0,0
2041,1,0,0,1,0,25,153,153,28,0,2,2,40,125,77,32,0,42,0,0,0
2041,1,0,0,1,0,30,203,203,28,0,2,2,41,177,117,24,0,22,0,0,0
2041,1,0,0,1,0,35,185,185,21,0,5,5,37,172,131,30,0,21,0,0,0
2041,1,0,0,1,0,40,200,200,18,0,2,2,39,194,154,29,0,17,0,0,0
2041,1,0,0,1,0,45,160,160,19,0,2,2,21,159,121,17,0,8,0,0,0
2041,1,0,0,1,0,50,119,119,20,0,4,4,27,119,77,6,0,6,0,0,0
2041,1,0,0,1,0,55,94,94,9,0,0,0,16,90,68,6,0,2,0,0,0
2041,1,0,0,1,0,60,150,150,8,0,4,0,16,97,79,17,0,7,0,0,0
2041,1,0,0,1,0,100,0,0,0,0,0,0,0,0,0,0,0,0,0,0,0
2041,1,0,0,1,1,0,11,11,0,11,0,0,11,11,11,0,0,0,0,0,0
2041,1,0,0,1,1,5,7,7,0,7,0,0,7,7,7,0,0,0,0,0,0
2041,1,0,0,1,1,10,11,11,0,11,0,0,11,11,11,0,0,0,0,0,0
2041,1,0,0,1,1,15,15,15,0,15,0,0,15,15,15,0,0,0,0,0,0
2041,1,0,0,1,1,20,66,66,0,66,0,0,66,66,66,0,0,1,0,0,0
2041,1,0,0,1,1,25,176,176,0,176,0,0,176,175,173,0,0,4,0,0,1
2041,1,0,0,1,1,30,349,349,0,349,2,2,349,347,346,0,0,4,0,0,0
2041,1,0,0,1,1,35,533,533,0,533,2,1,533,531,525,0,0,11,0,0,0
2041,1,0,0,1,1,40,608,608,0,608,5,3,608,599,579,0,0,14,0,0,0
2041,1,0,0,1,1,45,885,885,0,885,13,11,885,877,829,0,0,17,0,0,0
2041,1,0,0,1,1,50,991,991,0,991,12,3,991,975,862,0,0,13,0,0,0
2041,1,0,0,1,1,55,911,911,0,911,15,2,911,853,732,0,0,3,0,0,0
2041,1,0,0,1,1,60,1578,1578,0,1578,41,4,1578,1008,842,0,0,10,0,0,0
2041,1,0,0,1,1,100,1,1,0,1,0,0,1,0,0,0,0,0,0,0,0
2041,1,0,1,0,0,0,0,0,0,0,0,0,0,0,0,0,0,0,0,0,0
2041,1,0,1,0,0,5,2,0,0,0,0,0,0,1,0,0,0,0,0,0,0
2041,1,0,1,0,0,10,29,0,0,0,0,0,0,11,0,0,0,0,0,0,0
2041,1,0,1,0,0,15,147,0,0,0,0,0,22,66,0,0,18,0,0,0,0
2041,1,0,1,0,0,20,366,0,0,0,1,0,170,269,0,0,141,0,0,0,0
2041,1,0,1,0,0,25,566,0,0,0,0,0,303,494,0,0,214,0,0,0,0
2041,1,0,1,0,0,30,572,0,0,0,1,0,350,539,0,0,261,0,0,0,0
2041,1,0,1,0,0,35,461,0,0,0,1,0,308,451,0,0,214,0,0,0,0
2041,1,0,1,0,0,40,401,0,0,0,1,0,264,398,0,0,198,0,0,0,0
2041,1,0,1,0,0,45,382,0,0,0,1,0,250,381,0,0,185,0,0,0,0
2041,1,0,1,0,0,50,302,0,0,0,1,0,196,300,0,0,141,0,0,0,0
2041,1,0,1,0,0,55,196,0,0,0,1,0,114,195,0,0,68,0,0,0,0
2041,1,0,1,0,0,60,292,0,0,0,8,0,119,177,0,0,96,0,0,0,0
2041,1,0,1,0,0,100,0,0,0,0,0,0,0,0,0,0,0,0,0,0,0
2041,1,0,1,0,1,0,0,0,0,0,0,0,0,0,0,0,0,0,0,0,0
2041,1,0,1,0,1,5,0,0,0,0,0,0,0,0,0,0,0,0,0,0,0
2041,1,0,1,0,1,10,0,0,0,0,0,0,0,0,0,0,0,0,0,0,0
2041,1,0,1,0,1,15,0,0,0,0,0,0,0,0,0,0,0,0,0,0,0
2041,1,0,1,0,1,20,0,0,0,0,0,0,0,0,0,0,0,0,0,0,0
2041,1,0,1,0,1,25,0,0,0,0,0,0,0,0,0,0,0,0,0,0,0
2041,1,0,1,0,1,30,0,0,0,0,0,0,0,0,0,0,0,0,0,0,0
2041,1,0,1,0,1,35,0,0,0,0,0,0,0,0,0,0,0,0,0,0,0
2041,1,0,1,0,1,40,0,0,0,0,0,0,0,0,0,0,0,0,0,0,0
2041,1,0,1,0,1,45,0,0,0,0,0,0,0,0,0,0,0,0,0,0,0
2041,1,0,1,0,1,50,0,0,0,0,0,0,0,0,0,0,0,0,0,0,0
2041,1,0,1,0,1,55,0,0,0,0,0,0,0,0,0,0,0,0,0,0,0
2041,1,0,1,0,1,60,0,0,0,0,0,0,0,0,0,0,0,0,0,0,0
2041,1,0,1,0,1,100,0,0,0,0,0,0,0,0,0,0,0,0,0,0,0
2041,1,0,1,1,0,0,0,0,0,0,0,0,0,0,0,0,0,0,0,0,0
2041,1,0,1,1,0,5,0,0,0,0,0,0,0,0,0,0,0,0,0,0,0
2041,1,0,1,1,0,10,0,0,0,0,0,0,0,0,0,0,0,0,0,0,0
2041,1,0,1,1,0,15,0,0,0,0,0,0,0,0,0,0,0,0,0,0,0
2041,1,0,1,1,0,20,1,1,1,0,0,0,0,1,0,1,0,1,0,0,0
2041,1,0,1,1,0,25,15,15,5,0,2,2,8,12,6,4,0,4,0,0,0
2041,1,0,1,1,0,30,20,20,2,0,1,1,5,16,11,1,0,5,0,0,0
2041,1,0,1,1,0,35,15,15,1,0,1,1,2,15,15,2,0,1,0,0,0
2041,1,0,1,1,0,40,17,17,1,0,0,0,2,17,15,1,0,2,0,0,0
2041,1,0,1,1,0,45,16,16,3,0,0,0,2,16,10,1,0,1,0,0,0
2041,1,0,1,1,0,50,13,13,2,0,0,0,2,13,9,0,0,0,0,0,0
2041,1,0,1,1,0,55,11,11,1,0,0,0,1,11,8,0,0,0,0,0,0
2041,1,0,1,1,0,60,14,14,1,0,0,0,1,11,6,1,0,0,0,0,0
2041,1,0,1,1,0,100,0,0,0,0,0,0,0,0,0,0,0,0,0,0,0
2041,1,0,1,1,1,0,0,0,0,0,0,0,0,0,0,0,0,0,0,0,0
2041,1,0,1,1,1,5,0,0,0,0,0,0,0,0,0,0,0,0,0,0,0
2041,1,0,1,1,1,10,0,0,0,0,0,0,0,0,0,0,0,0,0,0,0
2041,1,0,1,1,1,15,1,1,0,1,0,0,1,1,1,0,0,0,0,0,0
2041,1,0,1,1,1,20,2,2,0,2,0,0,2,2,2,0,0,0,0,0,0
2041,1,0,1,1,1,25,14,14,0,14,0,0,14,14,14,0,0,0,0,0,0
2041,1,0,1,1,1,30,34,34,0,34,1,1,34,34,34,0,0,0,0,0,0
2041,1,0,1,1,1,35,47,47,0,47,0,0,47,47,46,0,0,1,0,0,0
2041,1,0,1,1,1,40,60,60,0,60,0,0,60,60,58,0,0,1,0,0,0
2041,1,0,1,1,1,45,75,75,0,75,1,1,75,74,66,0,0,1,0,0,0
2041,1,0,1,1,1,50,83,83,0,83,0,0,83,81,66,0,0,0,0,0,0
2041,1,0,1,1,1,55,94,94,0,94,1,1,94,90,85,0,0,0,0,0,0
2041,1,0,1,1,1,60,167,167,0,167,2,0,167,102,81,0,0,1,0,0,0
2041,1,0,1,1,1,100,0,0,0,0,0,0,0,0,0,0,0,0,0,0,0
2041,1,1,0,0,0,0,5957,0,0,0,11,0,461,1971,0,0,215,0,0,0,0
2041,1,1,0,0,0,5,5987,0,0,0,0,0,0,1998,0,0,0,0,0,0,0
2041,1,1,0,0,0,10,5954,0,0,0,0,0,102,2137,0,0,121,0,0,0,0
2041,1,1,0,0,0,15,5706,0,0,0,2,0,1367,3333,0,0,1051,0,0,0,0
2041,1,1,0,0,0,20,5147,0,0,0,1,0,2456,4340,0,0,1851,0,0,0,0
2041,1,1,0,0,0,25,4514,0,0,0,1,0,2776,4397,0,0,2106,0,0,0,0
2041,1,1,0,0,0,30,3714,0,0,0,1,0,2438,3682,0,0,1837,0,0,0,0
2041,1,1,0,0,0,35,2980,0,0,0,4,0,1974,2974,0,0,1482,0,0,0,0
2041,1,1,0,0,0,40,2505,0,0,0,2,0,1658,2503,0,0,1234,0,0,0,0
2041,1,1,0,0,0,45,2021,0,0,0,1,0,1363,2021,0,0,991,0,0,0,0
2041,1,1,0,0,0,50,1670,0,0,0,5,0,1119,1670,0,0,808,0,0,0,0
2041,1,1,0,0,0,55,1152,0,0,0,3,0,730,1152,0,0,538,0,0,0,0
2041,1,1,0,0,0,60,1991,0,0,0,38,0,522,1171,0,0,353,0,0,0,0
2041,1,1,0,0,0,100,7,0,0,0,0,0,0,0,0,0,0,0,0,0,0
2041,1,1,0,0,1,0,0,0,0,0,0,0,0,0,0,0,0,0,0,0,0
2041,1,1,0,0,1,5,0,0,0,0,0,0,0,0,0,0,0,0,0,0,0
2041,1,1,0,0,1,10,0,0,0,0,0,0,0,0,0,0,0,0,0,0,0
2041,1,1,0,0,1,15,0,0,0,0,0,0,0,0,0,0,0,0,0,0,0
2041,1,1,0,0,1,20,0,0,0,0,0,0,0,0,0,0,0,0,0,0,0
2041,1,1,0,0,1,25,0,0,0,0,0,0,0,0,0,0,0,0,0,0,0
2041,1,1,0,0,1,30,0,0,0,0,0,0,0,0,0,0,0,0,0,0,0
2041,1,1,0,0,1,35,0,0,0,0,0,0,0,0,0,0,0,0,0,0,0
2041,1,1,0,0,1,40,0,0,0,0,0,0,0,0,0,0,0,0,0,0,0
2041,1,1,0,0,1,45,0,0,0,0,0,0,0,0,0,0,0,0,0,0,0
2041,1,1,0,0,1,50,0,0,0,0,0,0,0,0,0,0,0,0,0,0,0
2041,1,1,0,0,1,55,0,0,0,0,0,0,0,0,0,0,0,0,0,0,0
2041,1,1,0,0,1,60,0,0,0,0,0,0,0,0,0,0,0,0,0,0,0
2041,1,1,0,0,1,100,0,0,0,0,0,0,0,0,0,0,0,0,0,0,0
2041,1,1,0,1,0,0,7,7,2,0,1,1,0,1,1,0,0,0,0,0,0
2041,1,1,0,1,0,5,9,9,0,0,0,0,0,2,2,0,0,0,0,0,0
2041,1,1,0,1,0,10,15,15,8,0,2,2,1,6,5,2,0,3,0,0,0
2041,1,1,0,1,0,15,92,92,22,0,0,0,24,51,16,12,0,15,0,0,0
2041,1,1,0,1,0,20,202,202,51,0,0,0,64,165,58,39,0,40,0,0,0
2041,1,1,0,1,0,25,197,197,40,0,1,1,56,184,91,36,0,16,0,0,0
2041,1,1,0,1,0,30,217,217,35,0,3,2,58,208,116,40,0,9,0,0,0
2041,1,1,0,1,0,35,146,146,20,0,1,1,28,139,88,24,0,8,0,0,0
2041,1,1,0,1,0,40,135,135,20,0,3,3,23,127,78,14,0,11,0,0,0
2041,1,1,0,1,0,45,197,197,14,0,2,2,27,189,136,21,0,10,0,0,0
2041,1,1,0,1,0,50,201,201,5,0,9,7,14,190,134,10,0,6,0,0,0
2041,1,1,0,1,0,55,169,169,4,0,4,2,17,153,114,16,0,3,0,0,0
2041,1,1,0,1,0,60,309,309,15,0,11,7,24,221,168,21,0,5,0,0,0
2041,1,1,0,1,0,100,0,0,0,0,0,0,0,0,0,0,0,0,0,0,0
2041,1,1,0,1,1,0,7,7,0,7,0,0,7,7,7,0,0,0,0,0,0
2041,1,1,0,1,1,5,12,12,0,12,0,0,12,12,12,0,0,0,0,0,0
2041,1,1,0,1,1,10,9,9,0,9,0,0,9,9,9,0,0,0,0,0,0
2041,1,1,0,1,1,15,62,62,0,62,0,0,62,53,45,0,0,1,0,0,0
2041,1,1,0,1,1,20,351,351,0,351,1,1,351,299,229,0,0,4,0,0,0
2041,1,1,0,1,1,25,748,748,0,748,1,0,748,685,538,0,0,5,0,0,0
2041,1,1,0,1,1,30,1112,1112,0,1112,1,1,1112,1051,856,0,0,5,0,0,0
2041,1,1,0,1,1,35,1471,1471,0,1471,2,1,1471,1386,1100,0,0,6,0,0,0
2041,1,1,0,1,1,40,1696,1696,0,1696,0,0,1696,1614,1187,0,0,9,0,0,0
2041,1,1,0,1,1,45,1810,1810,0,1810,0,0,1810,1724,1293,0,0,12,0,0,0
2041,1,1,0,1,1,50,1910,1910,0,1910,7,2,1910,1819,1416,0,0,13,0,0,0
2041,1,1,0,1,1,55,1593,1593,0,1593,11,4,1593,1501,1201,0,0,3,0,0,0
2041,1,1,0,1,1,60,2437,2437,0,2437,38,9,2437,1764,1441,0,0,6,0,0,0
2041,1,1,0,1,1,100,3,3,0,3,0,0,3,0,0,0,0,0,0,0,0
2041.5,1,0,0,0,0,0,5898,0,0,0,18,0,456,1900,0,0,201,0,0,0,0
2041.5,1,0,0,0,0,5,5811,0,0,0,1,0,0,1973,0,0,0,0,0,0,3
2041.5,1,0,0,0,0,10,5878,0,0,0,3,0,1,1988,0,0,2,0,0,0,6
2041.5,1,0,0,0,0,15,5641,0,0,0,0,0,450,2303,0,0,411,0,0,0,16
2041.5,1,0,0,0,0,20,5167,0,0,0,0,0,2091,3669,0,0,1592,0,0,0,31
2041.5,1,0,0,0,0,25,4470,0,0,0,7,0,2490,3968,0,0,1841,0,0,0,16
2041.5,1,0,0,0,0,30,3870,0,0,0,4,0,2380,3694,0,0,1676,0,0,0,1
2041.5,1,0,0,0,0,35,3221,0,0,0,4,0,2108,3150,0,0,1515,0,0,0,0
2041.5,1,0,0,0,0,40,2726,0,0,0,3,0,1756,2701,0,0,1232,0,0,0,0
2041.5,1,0,0,0,0,45,2204,0,0,0,11,0,1487,2199,0,0,1125,0,0,0,0
2041.5,1,0,0,0,0,50,1856,0,0,0,13,0,1208,1852,0,0,831,0,0,0,0
2041.5,1,0,0,0,0,55,1229,0,0,0,14,0,839,1228,0,0,606,0,0,0,0
2041.5,1,0,0,0,0,60,1606,0,0,0,38,0,705,1064,0,0,518,0,0,0,0
2041.5,1,0,0,0,0,100,0,0,0,0,0,0,0,0,0,0,0,0,0,0,0
2041.5,1,0,0,0,1,0,0,0,0,0,0,0,0,0,0,0,0,0,0,0,0
2041.5,1,0,0,0,1,5,0,0,0,0,0,0,0,0,0,0,0,0,0,0,0
2041.5,1,0,0,0,1,10,0,0,0,0,0,0,0,0,0,0,0,0,0,0,0
2041.5,1,0,0,0,1,15,0,0,0,0,0,0,0,0,0,0,0,0,0,0,0
2041.5,1,0,0,0,1,20,0,0,0,0,0,0,0,0,0,0,0,0,0,0,0
2041.5,1,0,0,0,1,25,0,0,0,0,0,0,0,0,0,0,0,0,0,0,0
2041.5,1,0,0,0,1,30,0,0,0,0,0,0,0,0,0,0,0,0,0,0,0
2041.5,1,0,0,0,1,35,0,0,0,0,0,0,0,0,0,0,0,0,0,0,0
2041.5,1,0,0,0,1,40,0,0,0,0,0,0,0,0,0,0,0,0,0,0,0
2041.5,1,0,0,0,1,45,0,0,0,0,0,0,0,0,0,0,0,0,0,0,0
2041.5,1,0,0,0,1,50,0,0,0,0,0,0,0,0,0,0,0,0,0,0,0
2041.5,1,0,0,0,1,55,0,0,0,0,0,0,0,0,0,0,0,0,0,0,0
2041.5,1,0,0,0,1,60,0,0,0,0,0,0,0,0,0,0,0,0,0,0,0
2041.5,1,0,0,0,1,100,0,0,0,0,0,0,0,0,0,0,0,0,0,0,0
2041.5,1,0,0,1,0,0,16,16,4,0,4,4,0,3,3,3,0,0,0,0,0
2041.5,1,0,0,1,0,5,14,14,0,0,1,1,0,3,3,0,0,0,0,0,0
2041.5,1,0,0,1,0,10,19,19,0,0,0,0,2,8,8,2,0,0,0,0,0
2041.5,1,0,0,1,0,15,13,13,1,0,0,0,0,4,3,1,0,0,0,0,0
2041.5,1,0,0,1,0,20,68,68,11,0,1,1,9,49,20,8,0,13,0,0,0
2041.5,1,0,0,1,0,25,146,146,27,0,2,2,39,117,67,27,0,18,0,0,0
2041.5,1,0,0,1,0,30,196,196,20,0,5,4,29,167,109,37,0,30,0,0,0
2041.5,1,0,0,1,0,35,187,187,13,0,4,4,40,173,142,28,0,18,0,0,0
2041.5,1,0,0,1,0,40,192,192,17,0,3,1,37,187,152,28,0,20,0,0,0
2041.5,1,0,0,1,0,45,154,154,19,0,0,0,22,152,110,12,0,7,0,0,0
2041.5,1,0,0,1,0,50,104,104,14,0,2,2,19,104,70,11,0,7,0,0,0
2041.5,1,0,0,1,0,55,102,102,13,0,1,1,17,100,69,8,0,1,0,0,0
2041.5,1,0,0,1,0,60,147,147,16,0,6,3,17,94,71,13,0,4,0,0,0
2041.5,1,0,0,1,0,100,1,1,0,0,0,0,0,0,0,0,0,0,0,0,0
2041.5,1,0,0,1,1,0,10,10,0,10,0,0,10,10,10,0,0,0,0,0,0
2041.5,1,0,0,1,1,5,8,8,0,8,0,0,8,8,8,0,0,0,0,0,0
2041.5,1,0,0,1,1,10,10,10,0,10,0,0,10,10,10,0,0,0,0,0,0
2041.5,1,0,0,1,1,15,14,14,0,14,0,0,14,14,14,0,0,0,0,0,0
2041.5,1,0,0,1,1,20,67,67,0,67,0,0,67,67,67,0,0,1,0,0,0
2041.5,1,0,0,1,1,25,187,187,0,187,0,0,187,186,183,0,0,4,0,0,0
2041.5,1,0,0,1,1,30,352,352,0,352,4,2,352,352,350,0,0,9,0,0,1
2041.5,1,0,0,1,1,35,511,511,0,511,5,3,511,511,501,0,0,6,0,0,0
2041.5,1,0,0,1,1,40,623,623,0,623,4,3,623,615,593,0,0,7,0,0,0
2041.5,1,0,0,1,1,45,881,881,0,881,7,6,881,872,824,0,0,14,0,0,0
2041.5,1,0,0,1,1,50,1009,1009,0,1009,7,2,1009,997,880,0,0,6,0,0,0
2041.5,1,0,0,1,1,55,926,926,0,926,5,1,926,869,750,0,0,1,0,0,0
2041.5,1,0,0,1,1,60,1628,1628,0,1628,44,6,1628,1075,895,0,0,11,0,0,0
2041.5,1,0,0,1,1,100,1,1,0,1,0,0,1,1,1,0,0,0,0,0,0
2041.5,1,0,1,0,0,0,0,0,0,0,0,0,0,0,0,0,0,0,0,0,0
2041.5,1,0,1,0,0,5,2,0,0,0,0,0,0,2,0,0,0,0,0,0,0
2041.5,1,0,1,0,0,10,30,0,0,0,0,0,0,10,0,0,0,0,0,0,0
2041.5,1,0,1,0,0,15,145,0,0,0,0,0,18,60,0,0,18,0,0,0,0
2041.5,1,0,1,0,0,20,379,0,0,0,1,0,163,283,0,0,122,0,0,0,0
2041.5,1,0,1,0,0,25,562,0,0,0,0,0,317,499,0,0,236,0,0,0,0
2041.5,1,0,1,0,0,30,574,0,0,0,0,0,351,541,0,0,260,0,0,0,0
2041.5,1,0,1,0,0,35,483,0,0,0,0,0,309,472,0,0,207,0,0,0,0
2041.5,1,0,1,0,0,40,395,0,0,0,0,0,272,392,0,0,209,0,0,0,0
2041.5,1,0,1,0,0,45,377,0,0,0,2,0,246,376,0,0,189,0,0,0,0
2041.5,1,0,1,0,0,50,309,0,0,0,5,0,205,307,0,0,142,0,0,0,0
2041.5,1,0,1,0,0,55,207,0,0,0,1,0,120,206,0,0,95,0,0,0,0
2041.5,1,0,1,0,0,60,294,0,0,0,12,0,121,185,0,0,79,0,0,0,0
2041.5,1,0,1,0,0,100,0,0,0,0,0,0,0,0,0,0,0,0,0,0,0
2041.5,1,0,1,0,1,0,0,0,0,0,0,0,0,0,0,0,0,0,0,0,0
2041.5,1,0,1,0,1,5,0,0,0,0,0,0,0,0,0,0,0,0,0,0,0
2041.5,1,0,1,0,1,10,0,0,0,0,0,0,0,0,0,0,0,0,0,0,0
2041.5,1,0,1,0,1,15,0,0,0,0,0,0,0,0,0,0,0,0,0,0,0
2041.5,1,0,1,0,1,20,0,0,0,0,0,0,0,0,0,0,0,0,0,0,0
2041.5,1,0,1,0,1,25,0,0,0,0,0,0,0,0,0,0,0,0,0,0,0
2041.5,1,0,1,0,1,30,0,0,0,0,0,0,0,0,0,0,0,0,0,0,0
2041.5,1,0,1,0,1,35,0,0,0,0,0,0,0,0,0,0,0,0,0,0,0
2041.5,1,0,1,0,1,40,0,0,0,0,0,0,0,0,0,0,0,0,0,0,0
2041.5,1,0,1,0,1,45,0,0,0,0,0,0,0,0,0,0,0,0,0,0,0
2041.5,1,0,1,0,1,50,0,0,0,0,0,0,0,0,0,0,0,0,0,0,0
2041.5,1,0,1,0,1,55,0,0,0,0,0,0,0,0,0,0,0,0,0,0,0
2041.5,1,0,1,0,1,60,0,0,0,0,0,0,0,0,0,0,0,0,0,0,0
2041.5,1,0,1,0,1,100,0,0,0,0,0,0,0,0,0,0,0,0,0,0,0
2041.5,1,0,1,1,0,0,0,0,0,0,0,0,0,0,0,0,0,0,0,0,0
2041.5,1,0,1,1,0,5,0,0,0,0,0,0,0,0,0,0,0,0,0,0,0
2041.5,1,0,1,1,0,10,0,0,0,0,0,0,0,0,0,0,0,0,0,0,0
2041.5,1,0,1,1,0,15,0,0,0,0,0,0,0,0,0,0,0,0,0,0,0
2041.5,1,0,1,1,0,20,1,1,0,0,0,0,0,1,1,0,0,0,0,0,0
2041.5,1,0,1,1,0,25,16,16,4,0,0,0,3,11,3,1,0,2,0,0,0
2041.5,1,0,1,1,0,30,18,18,2,0,0,0,3,14,9,2,0,2,0,0,0
2041.5,1,0,1,1,0,35,14,14,1,0,0,0,2,14,13,1,0,2,0,0,0
2041.5,1,0,1,1,0,40,16,16,1,0,1,1,2,16,15,3,0,0,0,0,0
2041.5,1,0,1,1,0,45,18,18,3,0,1,0,4,18,15,3,0,1,0,0,0
2041.5,1,0,1,1,0,50,13,13,0,0,0,0,2,13,8,1,0,1,0,0,0
2041.5,1,0,1,1,0,55,12,12,1,0,0,0,1,12,10,1,0,0,0,0,0
2041.5,1,0,1,1,0,60,10,10,0,0,1,0,1,8,7,1,0,0,0,0,0
2041.5,1,0,1,1,0,100,0,0,0,0,0,0,0,0,0,0,0,0,0,0,0
2041.5,1,0,1,1,1,0,0,0,0,0,0,0,0,0,0,0,0,0,0,0,0
2041.5,1,0,1,1,1,5,0,0,0,0,0,0,0,0,0,0,0,0,0,0,0
2041.5,1,0,1,1,1,10,0,0,0,0,0,0,0,0,0,0,0,0,0,0,0
2041.5,1,0,1,1,1,15,1,1,0,1,0,0,1,1,1,0,0,0,0,0,0
2041.5,1,0,1,1,1,20,1,1,0,1,0,0,1,1,1,0,0,0,0,0,0
2041.5,1,0,1,1,1,25,16,16,0,16,0,0,16,16,16,0,0,0,0,0,0
2041.5,1,0,1,1,1,30,37,37,0,37,0,0,37,37,37,0,0,3,0,0,0
2041.5,1,0,1,1,1,35,41,41,0,41,1,1,41,41,40,0,0,1,0,0,0
2041.5,1,0,1,1,1,40,59,59,0,59,0,0,59,59,58,0,0,4,0,0,0
2041.5,1,0,1,1,1,45,80,80,0,80,0,0,80,79,68,0,0,0,0,0,0
2041.5,1,0,1,1,1,50,78,78,0,78,0,0,78,76,63,0,0,0,0,0,0
2041.5,1,0,1,1,1,55,92,92,0,92,1,0,92,88,82,0,0,0,0,0,0
2041.5,1,0,1,1,1,60,181,181,0,181,1,0,181,116,90,0,0,1,0,0,0
2041.5,1,0,1,1,1,100,0,0,0,0,0,0,0,0,0,0,0,0,0,0,0
2041.5,1,1,0,0,0,0,5971,0,0,0,10,0,456,1983,0,0,211,0,0,0,0
2041.5,1,1,0,0,0,5,5947,0,0,0,2,0,0,1982,0,0,0,0,0,0,0
2041.5,1,1,0,0,0,10,6006,0,0,0,2,0,105,2133,0,0,108,0,0,0,0
2041.5,1,1,0,0,0,15,5737,0,0,0,1,0,1362,3377,0,0,1017,0,0,0,0
2041.5,1,1,0,0,0,20,5162,0,0,0,0,0,2467,4349,0,0,1915,0,0,0,0
2041.5,1,1,0,0,0,25,4538,0,0,0,4,0,2764,4402,0,0,2137,0,0,0,0
2041.5,1,1,0,0,0,30,3769,0,0,0,5,0,2523,3740,0,0,1938,0,0,0,0
2041.5,1,1,0,0,0,35,2992,0,0,0,4,0,1958,2985,0,0,1439,0,0,0,0
2041.5,1,1,0,0,0,40,2552,0,0,0,1,0,1712,2551,0,0,1238,0,0,0,0
2041.5,1,1,0,0,0,45,2038,0,0,0,3,0,1339,2038,0,0,973,0,0,0,0
2041.5,1,1,0,0,0,50,1709,0,0,0,1,0,1149,1709,0,0,862,0,0,0,0
2041.5,1,1,0,0,0,55,1177,0,0,0,5,0,768,1177,0,0,580,0,0,0,0
2041.5,1,1,0,0,0,60,2052,0,0,0,36,0,578,1259,0,0,389,0,0,0,0
2041.5,1,1,0,0,0,100,9,0,0,0,0,0,0,0,0,0,0,0,0,0,0
2041.5,1,1,0,0,1,0,0,0,0,0,0,0,0,0,0,0,0,0,0,0,0
2041.5,1,1,0,0,1,5,0,0,0,0,0,0,0,0,0,0,0,0,0,0,0
2041.5,1,1,0,0,1,10,0,0,0,0,0,0,0,0,0,0,0,0,0,0,0
2041.5,1,1,0,0,1,15,0,0,0,0,0,0,0,0,0,0,0,0,0,0,0
2041.5,1,1,0,0,1,20,0,0,0,0,0,0,0,0,0,0,0,0,0,0,0
2041.5,1,1,0,0,1,25,0,0,0,0,0,0,0,0,0,0,0,0,0,0,0
2041.5,1,1,0,0,1,30,0,0,0,0,0,0,0,0,0,0,0,0,0,0,0
2041.5,1,1,0,0,1,35,0,0,0,0,0,0,0,0,0,0,0,0,0,0,0
2041.5,1,1,0,0,1,40,0,0,0,0,0,0,0,0,0,0,0,0,0,0,0
2041.5,1,1,0,0,1,45,0,0,0,0,0,0,0,0,0,0,0,0,0,0,0
2041.5,1,1,0,0,1,50,0,0,0,0,0,0,0,0,0,0,0,0,0,0,0
2041.5,1,1,0,0,1,55,0,0,0,0,0,0,0,0,0,0,0,0,0,0,0
2041.5,1,1,0,0,1,60,0,0,0,0,0,0,0,0,0,0,0,0,0,0,0
2041.5,1,1,0,0,1,100,0,0,0,0,0,0,0,0,0,0,0,0,0,0,0
2041.5,1,1,0,1,0,0,11,11,3,0,1,1,0,1,1,0,0,0,0,0,0
2041.5,1,1,0,1,0,5,8,8,0,0,0,0,0,2,2,0,0,0,0,0,0
2041.5,1,1,0,1,0,10,12,12,1,0,2,2,1,6,6,1,0,1,0,0,0
2041.5,1,1,0,1,0,15,83,83,23,0,2,2,14,47,13,13,0,15,0,0,0
2041.5,1,1,0,1,0,20,179,179,29,0,4,4,51,146,62,33,0,13,0,0,0
2041.5,1,1,0,1,0,25,192,192,38,0,3,3,57,180,86,43,0,10,0,0,0
2041.5,1,1,0,1,0,30,218,218,36,0,1,1,51,208,113,36,0,15,0,0,0
2041.5,1,1,0,1,0,35,141,141,21,0,2,2,28,135,86,18,0,6,0,0,0
2041.5,1,1,0,1,0,40,126,126,17,0,0,0,23,119,75,13,0,6,0,0,0
2041.5,1,1,0,1,0,45,190,190,9,0,3,3,25,182,135,18,0,11,0,0,0
2041.5,1,1,0,1,0,50,196,196,6,0,2,1,15,183,128,10,0,6,0,0,0
2041.5,1,1,0,1,0,55,163,163,7,0,1,1,20,154,116,15,0,6,0,0,0
2041.5,1,1,0,1,0,60,327,327,7,0,11,6,13,238,188,12,0,5,0,0,0
2041.5,1,1,0,1,0,100,0,0,0,0,0,0,0,0,0,0,0,0,0,0,0
2041.5,1,1,0,1,1,0,5,5,0,5,0,0,5,5,5,0,0,0,0,0,0
2041.5,1,1,0,1,1,5,14,14,0,14,0,0,14,14,14,0,0,0,0,0,0
2041.5,1,1,0,1,1,10,6,6,0,6,0,0,6,6,6,0,0,0,0,0,0
2041.5,1,1,0,1,1,15,63,63,0,63,0,0,63,55,46,0,0,1,0,0,0
2041.5,1,1,0,1,1,20,359,359,0,359,0,0,359,305,227,0,0,6,0,0,0
2041.5,1,1,0,1,1,25,751,751,0,751,3,2,751,689,538,0,0,11,0,0,0
2041.5,1,1,0,1,1,30,1111,1111,0,1111,5,4,1111,1053,869,0,0,4,0,0,0
2041.5,1,1,0,1,1,35,1459,1459,0,1459,6,3,1459,1369,1080,0,0,7,0,0,0
2041.5,1,1,0,1,1,40,1709,1709,0,1709,3,2,1709,1634,1208,0,0,9,0,0,0
2041.5,1,1,0,1,1,45,1790,1790,0,1790,2,1,1790,1706,1273,0,0,11,0,0,0
2041.5,1,1,0,1,1,50,1918,1918,0,1918,11,1,1918,1828,1408,0,0,8,0,0,0
2041.5,1,1,0,1,1,55,1648,1648,0,1648,6,1,1648,1552,1247,0,0,6,0,0,0
2041.5,1,1,0,1,1,60,2528,2528,0,2528,33,7,2528,1864,1515,0,0,6,0,0,0
2041.5,1,1,0,1,1,100,3,3,0,3,0,0,3,0,0,0,0,0,0,0,0
2042,1,0,0,0,0,0,5880,0,0,0,15,0,448,1898,0,0,209,0,0,0,0
2042,1,0,0,0,0,5,5871,0,0,0,1,0,0,1983,0,0,0,0,0,0,0
2042,1,0,0,0,0,10,5863,0,0,0,1,0,1,2019,0,0,2,0,0,0,7
2042,1,0,0,0,0,15,5610,0,0,0,3,0,465,2267,0,0,418,0,0,0,20
2042,1,0,0,0,0,20,5221,0,0,0,5,0,2098,3707,0,0,1607,0,0,0,33
2042,1,0,0,0,0,25,4485,0,0,0,1,0,2561,3981,0,0,1912,0,0,0,14
2042,1,0,0,0,0,30,3925,0,0,0,1,0,2435,3764,0,0,1770,0,0,0,1
2042,1,0,0,0,0,35,3212,0,0,0,6,0,2079,3147,0,0,1511,0,0,0,0
2042,1,0,0,0,0,40,2775,0,0,0,6,0,1839,2748,0,0,1323,0,0,0,0
2042,1,0,0,0,0,45,2229,0,0,0,7,0,1488,2224,0,0,1014,0,0,0,0
2042,1,0,0,0,0,50,1865,0,0,0,12,0,1241,1860,0,0,906,0,0,0,0
2042,1,0,0,0,0,55,1270,0,0,0,13,0,859,1269,0,0,633,0,0,0,0
2042,1,0,0,0,0,60,1636,0,0,0,35,0,762,1118,0,0,536,0,0,0,0
2042,1,0,0,0,0,100,1,0,0,0,0,0,0,0,0,0,0,0,0,0,0
2042,1,0,0,0,1,0,0,0,0,0,0,0,0,0,0,0,0,0,0,0,0
2042,1,0,0,0,1,5,0,0,0,0,0,0,0,0,0,0,0,0,0,0,0
2042,1,0,0,0,1,10,0,0,0,0,0,0,0,0,0,0,0,0,0,0,0
2042,1,0,0,0,1,15,0,0,0,0,0,0,0,0,0,0,0,0,0,0,0
2042,1,0,0,0,1,20,0,0,0,0,0,0,0,0,0,0,0,0,0,0,0
2042,1,0,0,0,1,25,0,0,0,0,0,0,0,0,0,0,0,0,0,0,0
2042,1,0,0,0,1,30,0,0,0,0,0,0,0,0,0,0,0,0,0,0,0
2042,1,0,0,0,1,35,0,0,0,0,0,0,0,0,0,0,0,0,0,0,0
2042,1,0,0,0,1,40,0,0,0,0,0,0,0,0,0,0,0,0,0,0,0
2042,1,0,0,0,1,45,0,0,0,0,0,0,0,0,0,0,0,0,0,0,0
2042,1,0,0,0,1,50,0,0,0,0,0,0,0,0,0,0,0,0,0,0,0
2042,1,0,0,0,1,55,0,0,0,0,0,0,0,0,0,0,0,0,0,0,0
2042,1,0,0,0,1,60,0,0,0,0,0,0,0,0,0,0,0,0,0,0,0
2042,1,0,0,0,1,100,0,0,0,0,0,0,0,0,0,0,0,0,0,0,0
2042,1,0,0,1,0,0,16,16,3,0,3,3,1,3,3,1,0,0,0,0,0
2042,1,0,0,1,0,5,12,12,0,0,1,1,1,2,2,2,0,0,0,0,0
2042,1,0,0,1,0,10,19,19,0,0,0,0,1,7,7,0,0,0,0,0,0
2042,1,0,0,1,0,15,16,16,4,0,0,0,1,8,5,0,0,2,0,0,0
2042,1,0,0,1,0,20,74,74,15,0,1,1,11,47,24,12,0,15,0,0,0
2042,1,0,0,1,0,25,153,153,27,0,2,2,43,121,67,25,0,30,0,0,0
2042,1,0,0,1,0,30,197,197,29,0,1,0,39,171,109,39,0,35,0,0,0
2042,1,0,0,1,0,35,189,189,14,0,1,1,35,176,152,32,0,17,0,0,0
2042,1,0,0,1,0,40,189,189,18,0,3,3,31,182,150,27,0,18,0,0,0
2042,1,0,0,1,0,45,137,137,9,0,3,3,22,135,101,12,0,9,0,0,0
2042,1,0,0,1,0,50,117,117,13,0,2,1,20,117,81,11,0,2,0,0,0
2042,1,0,0,1,0,55,100,100,11,0,2,2,14,98,70,10,0,1,0,0,0
2042,1,0,0,1,0,60,179,179,18,0,4,1,20,125,84,9,0,5,0,0,0
2042,1,0,0,1,0,100,1,1,0,0,0,0,0,0,0,0,0,0,0,0,0
2042,1,0,0,1,1,0,8,8,0,8,0,0,8,8,8,0,0,0,0,0,0
2042,1,0,0,1,1,5,9,9,0,9,0,0,9,9,9,0,0,0,0,0,0
2042,1,0,0,1,1,10,12,12,0,12,0,0,12,12,12,0,0,0,0,0,0
2042,1,0,0,1,1,15,13,13,0,13,0,0,13,13,13,0,0,0,0,0,0
2042,1,0,0,1,1,20,60,60,0,60,1,1,60,60,60,0,0,0,0,0,0
2042,1,0,0,1,1,25,191,191,0,191,1,0,191,190,189,0,0,7,0,0,0
2042,1,0,0,1,1,30,353,353,0,353,4,4,353,353,350,0,0,11,0,0,0
2042,1,0,0,1,1,35,505,505,0,505,2,1,505,505,498,0,0,6,0,0,0
2042,1,0,0,1,1,40,618,618,0,618,4,4,618,611,586,0,0,10,0,0,0
2042,1,0,0,1,1,45,888,888,0,888,7,5,888,879,828,0,0,7,0,0,0
2042,1,0,0,1,1,50,986,986,0,986,10,5,986,974,860,0,0,7,0,0,0
2042,1,0,0,1,1,55,944,944,0,944,9,7,944,896,764,0,0,4,0,0,0
2042,1,0,0,1,1,60,1663,1663,0,1663,38,5,1663,1120,936,0,0,8,0,0,0
2042,1,0,0,1,1,100,1,1,0,1,0,0,1,1,1,0,0,0,0,0,0
2042,1,0,1,0,0,0,0,0,0,0,0,0,0,0,0,0,0,0,0,0,0
2042,1,0,1,0,0,5,2,0,0,0,0,0,0,2,0,0,0,0,0,0,0
2042,1,0,1,0,0,10,28,0,0,0,0,0,0,8,0,0,0,0,0,0,0
2042,1,0,1,0,0,15,151,0,0,0,0,0,17,65,0,0,16,0,0,0,0
2042,1,0,1,0,0,20,383,0,0,0,0,0,169,291,0,0,131,0,0,0,0
2042,1,0,1,0,0,25,565,0,0,0,2,0,336,504,0,0,237,0,0,0,0
2042,1,0,1,0,0,30,573,0,0,0,1,0,349,542,0,0,250,0,0,0,0
2042,1,0,1,0,0,35,488,0,0,0,2,0,326,478,0,0,228,0,0,0,0
2042,1,0,1,0,0,40,403,0,0,0,0,0,263,399,0,0,199,0,0,0,0
2042,1,0,1,0,0,45,369,0,0,0,0,0,245,368,0,0,191,0,0,0,0
2042,1,0,1,0,0,50,321,0,0,0,5,0,203,319,0,0,137,0,0,0,0
2042,1,0,1,0,0,55,212,0,0,0,5,0,136,211,0,0,105,0,0,0,0
2042,1,0,1,0,0,60,306,0,0,0,6,0,117,200,0,0,70,0,0,0,0
2042,1,0,1,0,0,100,0,0,0,0,0,0,0,0,0,0,0,0,0,0,0
2042,1,0,1,0,1,0,0,0,0,0,0,0,0,0,0,0,0,0,0,0,0
2042,1,0,1,0,1,5,0,0,0,0,0,0,0,0,0,0,0,0,0,0,0
2042,1,0,1,0,1,10,0,0,0,0,0,0,0,0,0,0,0,0,0,0,0
2042,1,0,1,0,1,15,0,0,0,0,0,0,0,0,0,0,0,0,0,0,0
2042,1,0,1,0,1,20,0,0,0,0,0,0,0,0,0,0,0,0,0,0,0
2042,1,0,1,0,1,25,0,0,0,0,0,0,0,0,0,0,0,0,0,0,0
2042,1,0,1,0,1,30,0,0,0,0,0,0,0,0,0,0,0,0,0,0,0
2042,1,0,1,0,1,35,0,0,0,0,0,0,0,0,0,0,0,0,0,0,0
2042,1,0,1,0,1,40,0,0,0,0,0,0,0,0,0,0,0,0,0,0,0
2042,1,0,1,0,1,45,0,0,0,0,0,0,0,0,0,0,0,0,0,0,0
2042,1,0,1,0,1,50,0,0,0,0,0,0,0,0,0,0,0,0,0,0,0
2042,1,0,1,0,1,55,0,0,0,0,0,0,0,0,0,0,0,0,0,0,0
2042,1,0,1,0,1,60,0,0,0,0,0,0,0,0,0,0,0,0,0,0,0
2042,1,0,1,0,1,100,0,0,0,0,0,0,0,0,0,0,0,0,0,0,0
2042,1,0,1,1,0,0,0,0,0,0,0,0,0,0,0,0,0,0,0,0,0
2042,1,0,1,1,0,5,0,0,0,0,0,0,0,0,0,0,0,0,0,0,0
2042,1,0,1,1,0,10,0,0,0,0,0,0,0,0,0,0,0,0,0,0,0
2042,1,0,1,1,0,15,0,0,0,0,0,0,0,0,0,0,0,0,0,0,0
2042,1,0,1,1,0,20,0,0,0,0,0,0,0,0,0,0,0,0,0,0,0
2042,1,0,1,1,0,25,17,17,2,0,1,1,3,13,7,4,0,5,0,0,0
2042,1,0,1,1,0,30,20,20,4,0,0,0,4,15,10,4,0,1,0,0,0
2042,1,0,1,1,0,35,15,15,1,0,0,0,0,15,14,1,0,3,0,0,0
2042,1,0,1,1,0,40,10,10,1,0,0,0,1,10,10,2,0,1,0,0,0
2042,1,0,1,1,0,45,21,21,2,0,0,0,2,21,17,0,0,5,0,0,0
2042,1,0,1,1,0,50,11,11,0,0,0,0,3,11,8,2,0,0,0,0,0
2042,1,0,1,1,0,55,11,11,1,0,0,0,2,11,11,3,0,0,0,0,0
2042,1,0,1,1,0,60,18,18,1,0,0,0,2,14,12,0,0,1,0,0,0
2042,1,0,1,1,0,100,0,0,0,0,0,0,0,0,0,0,0,0,0,0,0
2042,1,0,1,1,1,0,0,0,0,0,0,0,0,0,0,0,0,0,0,0,0
2042,1,0,1,1,1,5,0,0,0,0,0,0,0,0,0,0,0,0,0,0,0
2042,1,0,1,1,1,10,0,0,0,0,0,0,0,0,0,0,0,0,0,0,0
2042,1,0,1,1,1,15,1,1,0,1,0,0,1,1,1,0,0,0,0,0,0
2042,1,0,1,1,1,20,1,1,0,1,0,0,1,1,1,0,0,0,0,0,0
2042,1,0,1,1,1,25,14,14,0,14,0,0,14,14,14,0,0,0,0,0,0
2042,1,0,1,1,1,30,36,36,0,36,0,0,36,36,36,0,0,0,0,0,0
2042,1,0,1,1,1,35,43,43,0,43,0,0,43,43,43,0,0,1,0,0,0
2042,1,0,1,1,1,40,59,59,0,59,0,0,59,59,57,0,0,1,0,0,0
2042,1,0,1,1,1,45,79,79,0,79,4,4,79,78,69,0,0,1,0,0,0
2042,1,0,1,1,1,50,76,76,0,76,0,0,76,75,62,0,0,1,0,0,0
2042,1,0,1,1,1,55,95,95,0,95,0,0,95,91,81,0,0,1,0,0,0
2042,1,0,1,1,1,60,181,181,0,181,3,0,181,118,93,0,0,0,0,0,0
2042,1,0,1,1,1,100,0,0,0,0,0,0,0,0,0,0,0,0,0,0,0
2042,1,1,0,0,0,0,5977,0,0,0,12,0,454,1992,0,0,209,0,0,0,0
2042,1,1,0,0,0,5,5923,0,0,0,0,0,0,1963,0,0,0,0,0,0,0
2042,1,1,0,0,0,10,6027,0,0,0,0,0,122,2167,0,0,128,0,0,0,0
2042,1,1,0,0,0,15,5762,0,0,0,1,0,1362,3361,0,0,1054,0,0,0,0
2042,1,1,0,0,0,20,5138,0,0,0,2,0,2528,4344,0,0,1930,0,0,0,0
2042,1,1,0,0,0,25,4577,0,0,0,0,0,2774,4431,0,0,2104,0,0,0,0
2042,1,1,0,0,0,30,3814,0,0,0,2,0,2522,3781,0,0,1885,0,0,0,0
2042,1,1,0,0,0,35,3066,0,0,0,2,0,1986,3061,0,0,1427,0,0,0,0
2042,1,1,0,0,0,40,2564,0,0,0,3,0,1697,2561,0,0,1215,0,0,0,0
2042,1,1,0,0,0,45,2095,0,0,0,3,0,1388,2095,0,0,966,0,0,0,0
2042,1,1,0,0,0,50,1719,0,0,0,1,0,1133,1719,0,0,828,0,0,0,0
2042,1,1,0,0,0,55,1215,0,0,0,7,0,792,1215,0,0,549,0,0,0,0
2042,1,1,0,0,0,60,2086,0,0,0,44,0,637,1327,0,0,446,0,0,0,0
2042,1,1,0,0,0,100,9,0,0,0,1,0,0,0,0,0,0,0,0,0,0
2042,1,1,0,0,1,0,0,0,0,0,0,0,0,0,0,0,0,0,0,0,0
2042,1,1,0,0,1,5,0,0,0,0,0,0,0,0,0,0,0,0,0,0,0
2042,1,1,0,0,1,10,0,0,0,0,0,0,0,0,0,0,0,0,0,0,0
2042,1,1,0,0,1,15,0,0,0,0,0,0,0,0,0,0,0,0,0,0,0
2042,1,1,0,0,1,20,0,0,0,0,0,0,0,0,0,0,0,0,0,0,0
2042,1,1,0,0,1,25,0,0,0,0,0,0,0,0,0,0,0,0,0,0,0
2042,1,1,0,0,1,30,0,0,0,0,0,0,0,0,0,0,0,0,0,0,0
2042,1,1,0,0,1,35,0,0,0,0,0,0,0,0,0,0,0,0,0,0,0
2042,1,1,0,0,1,40,0,0,0,0,0,0,0,0,0,0,0,0,0,0,0
2042,1,1,0,0,1,45,0,0,0,0,0,0,0,0,0,0,0,0,0,0,0
2042,1,1,0,0,1,50,0,0,0,0,0,0,0,0,0,0,0,0,0,0,0
2042,1,1,0,0,1,55,0,0,0,0,0,0,0,0,0,0,0,0,0,0,0
2042,1,1,0,0,1,60,0,0,0,0,0,0,0,0,0,0,0,0,0,0,0
2042,1,1,0,0,1,100,0,0,0,0,0,0,0,0,0,0,0,0,0,0,0
2042,1,1,0,1,0,0,11,11,5,0,3,3,3,4,4,3,0,0,0,0,0
2042,1,1,0,1,0,5,8,8,0,0,0,0,0,2,2,1,0,0,0,0,0
2042,1,1,0,1,0,10,15,15,5,0,0,0,2,6,5,1,0,0,0,0,0
2042,1,1,0,1,0,15,97,97,39,0,0,0,18,61,15,12,0,18,0,0,0
2042,1,1,0,1,0,20,175,175,35,0,0,0,41,138,60,39,0,19,0,0,0
2042,1,1,0,1,0,25,199,199,40,0,0,0,65,187,94,41,0,18,0,0,0
2042,1,1,0,1,0,30,199,199,33,0,0,0,56,191,110,39,0,14,0,0,0
2042,1,1,0,1,0,35,168,168,23,0,1,1,32,157,93,15,0,7,0,0,0
2042,1,1,0,1,0,40,132,132,9,0,1,1,21,128,86,11,0,4,0,0,0
2042,1,1,0,1,0,45,197,197,16,0,3,3,26,191,130,18,0,8,0,0,0
2042,1,1,0,1,0,50,197,197,9,0,1,0,18,188,141,15,0,3,0,0,0
2042,1,1,0,1,0,55,163,163,4,0,3,3,17,157,122,16,0,2,0,0,0
2042,1,1,0,1,0,60,312,312,2,0,16,7,10,228,189,21,0,5,0,0,0
2042,1,1,0,1,0,100,0,0,0,0,0,0,0,0,0,0,0,0,0,0,0
2042,1,1,0,1,1,0,5,5,0,5,0,0,5,5,5,0,0,0,0,0,0
2042,1,1,0,1,1,5,15,15,0,15,0,0,15,15,15,0,0,0,0,0,0
2042,1,1,0,1,1,10,4,4,0,4,0,0,4,4,4,0,0,0,0,0,0
2042,1,1,0,1,1,15,64,64,0,64,0,0,64,57,49,0,0,4,0,0,0
2042,1,1,0,1,1,20,356,356,0,356,1,0,356,308,234,0,0,5,0,0,0
2042,1,1,0,1,1,25,737,737,0,737,0,0,737,666,510,0,0,5,0,0,0
2042,1,1,0,1,1,30,1116,1116,0,1116,2,0,1116,1064,876,0,0,6,0,0,0
2042,1,1,0,1,1,35,1441,1441,0,1441,6,3,1441,1351,1070,0,0,10,0,0,0
2042,1,1,0,1,1,40,1705,1705,0,1705,3,1,1705,1625,1200,0,0,3,0,0,0
2042,1,1,0,1,1,45,1759,1759,0,1759,5,2,1759,1674,1251,0,0,12,0,0,0
2042,1,1,0,1,1,50,1930,1930,0,1930,7,2,1930,1849,1408,0,0,8,0,0,0
2042,1,1,0,1,1,55,1649,1649,0,1649,13,3,1649,1554,1242,0,0,9,0,0,0
2042,1,1,0,1,1,60,2670,2670,0,2670,42,7,2670,2006,1626,0,0,10,0,0,0
2042,1,1,0,1,1,100,4,4,0,4,0,0,4,1,1,0,0,0,0,0,0
2042.5,1,0,0,0,0,0,5953,0,0,0,22,0,460,1927,0,0,224,0,0,0,0
2042.5,1,0,0,0,0,5,5843,0,0,0,0,0,0,1949,0,0,0,0,0,0,0
2042.5,1,0,0,0,0,10,5872,0,0,0,3,0,1,2035,0,0,1,0,0,0,8
2042.5,1,0,0,0,0,15,5601,0,0,0,1,0,448,2259,0,0,400,0,0,0,17
2042.5,1,0,0,0,0,20,5209,0,0,0,4,0,2092,3716,0,0,1558,0,0,0,33
2042.5,1,0,0,0,0,25,4544,0,0,0,4,0,2539,4027,0,0,1868,0,0,0,9
2042.5,1,0,0,0,0,30,3920,0,0,0,2,0,2465,3758,0,0,1809,0,0,0,2
2042.5,1,0,0,0,0,35,3309,0,0,0,7,0,2162,3242,0,0,1502,0,0,0,0
2042.5,1,0,0,0,0,40,2770,0,0,0,7,0,1830,2744,0,0,1312,0,0,0,0
2042.5,1,0,0,0,0,45,2273,0,0,0,7,0,1517,2267,0,0,1118,0,0,0,0
2042.5,1,0,0,0,0,50,1859,0,0,0,12,0,1228,1856,0,0,881,0,0,0,0
2042.5,1,0,0,0,0,55,1295,0,0,0,11,0,849,1294,0,0,630,0,0,0,0
2042.5,1,0,0,0,0,60,1698,0,0,0,41,0,833,1208,0,0,587,0,0,0,0
2042.5,1,0,0,0,0,100,1,0,0,0,0,0,0,0,0,0,0,0,0,0,0
2042.5,1,0,0,0,1,0,0,0,0,0,0,0,0,0,0,0,0,0,0,0,0
2042.5,1,0,0,0,1,5,0,0,0,0,0,0,0,0,0,0,0,0,0,0,0
2042.5,1,0,0,0,1,10,0,0,0,0,0,0,0,0,0,0,0,0,0,0,0
2042.5,1,0,0,0,1,15,0,0,0,0,0,0,0,0,0,0,0,0,0,0,0
2042.5,1,0,0,0,1,20,0,0,0,0,0,0,0,0,0,0,0,0,0,0,0
2042.5,1,0,0,0,1,25,0,0,0,0,0,0,0,0,0,0,0,0,0,0,0
2042.5,1,0,0,0,1,30,0,0,0,0,0,0,0,0,0,0,0,0,0,0,0
2042.5,1,0,0,0,1,35,0,0,0,0,0,0,0,0,0,0,0,0,0,0,0
2042.5,1,0,0,0,1,40,0,0,0,0,0,0,0,0,0,0,0,0,0,0,0
2042.5,1,0,0,0,1,45,0,0,0,0,0,0,0,0,0,0,0,0,0,0,0
2042.5,1,0,0,0,1,50,0,0,0,0,0,0,0,0,0,0,0,0,0,0,0
2042.5,1,0,0,0,1,55,0,0,0,0,0,0,0,0,0,0,0,0,0,0,0
2042.5,1,0,0,0,1,60,0,0,0,0,0,0,0,0,0,0,0,0,0,0,0
2042.5,1,0,0,0,1,100,0,0,0,0,0,0,0,0,0,0,0,0,0,0,0
2042.5,1,0,0,1,0,0,14,14,6,0,2,2,1,3,3,2,0,0,0,0,0
2042.5,1,0,0,1,0,5,14,14,0,0,0,0,0,1,1,0,0,0,0,0,0
2042.5,1,0,0,1,0,10,16,16,0,0,2,2,0,6,6,0,0,0,0,0,0
2042.5,1,0,0,1,0,15,19,19,6,0,0,0,1,11,5,2,0,1,0,0,0
2042.5,1,0,0,1,0,20,70,70,19,0,0,0,9,47,19,10,0,15,0,0,0
2042.5,1,0,0,1,0,25,155,155,32,0,1,1,41,125,65,29,0,27,0,0,0
2042.5,1,0,0,1,0,30,191,191,22,0,1,1,37,164,103,33,0,35,0,0,1
2042.5,1,0,0,1,0,35,181,181,17,0,2,2,37,167,135,27,0,13,0,0,0
2042.5,1,0,0,1,0,40,200,200,19,0,2,1,41,195,152,23,0,20,0,0,0
2042.5,1,0,0,1,0,45,132,132,19,0,2,1,25,131,95,12,0,11,0,0,0
2042.5,1,0,0,1,0,50,110,110,15,0,2,2,19,110,74,3,0,3,0,0,0
2042.5,1,0,0,1,0,55,94,94,6,0,1,0,13,93,74,12,0,2,0,0,0
2042.5,1,0,0,1,0,60,190,190,10,0,6,2,25,142,99,21,0,6,0,0,0
2042.5,1,0,0,1,0,100,1,1,0,0,0,0,0,0,0,0,0,0,0,0,0
2042.5,1,0,0,1,1,0,9,9,0,9,0,0,9,9,9,0,0,0,0,0,0
2042.5,1,0,0,1,1,5,9,9,0,9,0,0,9,9,9,0,0,0,0,0,0
2042.5,1,0,0,1,1,10,12,12,0,12,1,1,12,12,12,0,0,0,0,0,0
2042.5,1,0,0,1,1,15,11,11,0,11,0,0,11,11,11,0,0,0,0,0,0
2042.5,1,0,0,1,1,20,65,65,0,65,2,1,65,65,65,0,0,2,0,0,0
2042.5,1,0,0,1,1,25,194,194,0,194,1,1,194,193,192,0,0,11,0,0,0
2042.5,1,0,0,1,1,30,361,361,0,361,2,1,361,361,359,0,0,5,0,0,0
2042.5,1,0,0,1,1,35,523,523,0,523,2,2,523,523,516,0,0,12,0,0,0
2042.5,1,0,0,1,1,40,609,609,0,609,2,1,609,603,579,0,0,11,0,0,0
2042.5,1,0,0,1,1,45,870,870,0,870,7,4,870,859,807,0,0,8,0,0,0
2042.5,1,0,0,1,1,50,1004,1004,0,1004,6,1,1004,996,881,0,0,9,0,0,0
2042.5,1,0,0,1,1,55,950,950,0,950,11,5,950,906,769,0,0,1,0,0,0
2042.5,1,0,0,1,1,60,1717,1717,0,1717,41,5,1717,1180,985,0,0,16,0,0,0
2042.5,1,0,0,1,1,100,1,1,0,1,0,0,1,1,1,0,0,0,0,0,0
2042.5,1,0,1,0,0,0,0,0,0,0,0,0,0,0,0,0,0,0,0,0,0
2042.5,1,0,1,0,0,5,2,0,0,0,0,0,0,2,0,0,0,0,0,0,0
2042.5,1,0,1,0,0,10,32,0,0,0,0,0,0,9,0,0,0,0,0,0,0
2042.5,1,0,1,0,0,15,147,0,0,0,0,0,21,64,0,0,14,0,0,0,0
2042.5,1,0,1,0,0,20,395,0,0,0,0,0,178,297,0,0,138,0,0,0,0
2042.5,1,0,1,0,0,25,560,0,0,0,1,0,352,500,0,0,265,0,0,0,0
2042.5,1,0,1,0,0,30,576,0,0,0,1,0,334,547,0,0,242,0,0,0,0
2042.5,1,0,1,0,0,35,495,0,0,0,1,0,302,485,0,0,204,0,0,0,0
2042.5,1,0,1,0,0,40,402,0,0,0,1,0,262,399,0,0,178,0,0,0,0
2042.5,1,0,1,0,0,45,371,0,0,0,0,0,247,369,0,0,182,0,0,0,0
2042.5,1,0,1,0,0,50,322,0,0,0,2,0,216,321,0,0,149,0,0,0,0
2042.5,1,0,1,0,0,55,217,0,0,0,1,0,146,216,0,0,110,0,0,0,0
2042.5,1,0,1,0,0,60,312,0,0,0,9,0,133,212,0,0,107,0,0,0,0
2042.5,1,0,1,0,0,100,0,0,0,0,0,0,0,0,0,0,0,0,0,0,0
2042.5,1,0,1,0,1,0,0,0,0,0,0,0,0,0,0,0,0,0,0,0,0
2042.5,1,0,1,0,1,5,0,0,0,0,0,0,0,0,0,0,0,0,0,0,0
2042.5,1,0,1,0,1,10,0,0,0,0,0,0,0,0,0,0,0,0,0,0,0
2042.5,1,0,1,0,1,15,0,0,0,0,0,0,0,0,0,0,0,0,0,0,0
2042.5,1,0,1,0,1,20,0,0,0,0,0,0,0,0,0,0,0,0,0,0,0
2042.5,1,0,1,0,1,25,0,0,0,0,0,0,0,0,0,0,0,0,0,0,0
2042.5,1,0,1,0,1,30,0,0,0,0,0,0,0,0,0,0,0,0,0,0,0
2042.5,1,0,1,0,1,35,0,0,0,0,0,0,0,0,0,0,0,0,0,0,0
2042.5,1,0,1,0,1,40,0,0,0,0,0,0,0,0,0,0,0,0,0,0,0
2042.5,1,0,1,0,1,45,0,0,0,0,0,0,0,0,0,0,0,0,0,0,0
2042.5,1,0,1,0,1,50,0,0,0,0,0,0,0,0,0,0,0,0,0,0,0
2042.5,1,0,1,0,1,55,0,0,0,0,0,0,0,0,0,0,0,0,0,0,0
2042.5,1,0,1,0,1,60,0,0,0,0,0,0,0,0,0,0,0,0,0,0,0
2042.5,1,0,1,0,1,100,0,0,0,0,0,0,0,0,0,0,0,0,0,0,0
2042.5,1,0,1,1,0,0,0,0,0,0,0,0,0,0,0,0,0,0,0,0,0
2042.5,1,0,1,1,0,5,0,0,0,0,0,0,0,0,0,0,0,0,0,0,0
2042.5,1,0,1,1,0,10,0,0,0,0,0,0,0,0,0,0,0,0,0,0,0
2042.5,1,0,1,1,0,15,0,0,0,0,0,0,0,0,0,0,0,0,0,0,0
2042.5,1,0,1,1,0,20,1,1,1,0,0,0,0,1,0,0,0,0,0,0,0
2042.5,1,0,1,1,0,25,17,17,4,0,0,0,7,15,9,6,0,3,0,0,0
2042.5,1,0,1,1,0,30,22,22,2,0,1,1,1,17,12,1,0,5,0,0,0
2042.5,1,0,1,1,0,35,18,18,3,0,0,0,3,18,14,1,0,1,0,0,0
2042.5,1,0,1,1,0,40,11,11,0,0,0,0,2,11,11,2,0,2,0,0,0
2042.5,1,0,1,1,0,45,19,19,3,0,0,0,4,19,12,1,0,1,0,0,0
2042.5,1,0,1,1,0,50,12,12,3,0,0,0,4,12,7,1,0,2,0,0,0
2042.5,1,0,1,1,0,55,14,14,2,0,2,1,2,13,11,1,0,0,0,0,0
2042.5,1,0,1,1,0,60,18,18,2,0,0,0,1,12,10,3,0,1,0,0,0
2042.5,1,0,1,1,0,100,0,0,0,0,0,0,0,0,0,0,0,0,0,0,0
2042.5,1,0,1,1,1,0,0,0,0,0,0,0,0,0,0,0,0,0,0,0,0
2042.5,1,0,1,1,1,5,0,0,0,0,0,0,0,0,0,0,0,0,0,0,0
2042.5,1,0,1,1,1,10,0,0,0,0,0,0,0,0,0,0,0,0,0,0,0
2042.5,1,0,1,1,1,15,1,1,0,1,0,0,1,1,1,0,0,0,0,0,0
2042.5,1,0,1,1,1,20,1,1,0,1,0,0,1,1,1,0,0,0,0,0,0
2042.5,1,0,1,1,1,25,13,13,0,13,0,0,13,13,13,0,0,0,0,0,0
2042.5,1,0,1,1,1,30,34,34,0,34,0,0,34,34,34,0,0,0,0,0,0
2042.5,1,0,1,1,1,35,46,46,0,46,0,0,46,46,46,0,0,3,0,0,0
2042.5,1,0,1,1,1,40,56,56,0,56,0,0,56,56,54,0,0,1,0,0,0
2042.5,1,0,1,1,1,45,69,69,0,69,1,0,69,68,66,0,0,2,0,0,0
2042.5,1,0,1,1,1,50,83,83,0,83,2,1,83,82,63,0,0,0,0,0,0
2042.5,1,0,1,1,1,55,95,95,0,95,1,0,95,91,84,0,0,2,0,0,0
2042.5,1,0,1,1,1,60,190,190,0,190,4,0,190,131,104,0,0,0,0,0,0
2042.5,1,0,1,1,1,100,0,0,0,0,0,0,0,0,0,0,0,0,0,0,0
2042.5,1,1,0,0,0,0,5980,0,0,0,9,0,438,1978,0,0,199,0,0,0,0
2042.5,1,1,0,0,0,5,5897,0,0,0,0,0,0,1964,0,0,0,0,0,0,0
2042.5,1,1,0,0,0,10,6075,0,0,0,0,0,127,2208,0,0,130,0,0,0,0
2042.5,1,1,0,0,0,15,5771,0,0,0,2,0,1421,3405,0,0,1143,0,0,0,0
2042.5,1,1,0,0,0,20,5141,0,0,0,3,0,2554,4335,0,0,1970,0,0,0,0
2042.5,1,1,0,0,0,25,4584,0,0,0,3,0,2801,4424,0,0,2096,0,0,0,0
2042.5,1,1,0,0,0,30,3847,0,0,0,2,0,2532,3819,0,0,1896,0,0,0,0
2042.5,1,1,0,0,0,35,3110,0,0,0,4,0,2057,3102,0,0,1568,0,0,0,0
2042.5,1,1,0,0,0,40,2582,0,0,0,2,0,1698,2579,0,0,1212,0,0,0,0
2042.5,1,1,0,0,0,45,2125,0,0,0,8,0,1375,2125,0,0,936,0,0,0,0
2042.5,1,1,0,0,0,50,1746,0,0,0,2,0,1116,1746,0,0,806,0,0,0,0
2042.5,1,1,0,0,0,55,1249,0,0,0,3,0,817,1249,0,0,568,0,0,0,0
2042.5,1,1,0,0,0,60,2136,0,0,0,50,0,712,1412,0,0,481,0,0,0,0
2042.5,1,1,0,0,0,100,9,0,0,0,0,0,0,0,0,0,0,0,0,0,0
2042.5,1,1,0,0,1,0,0,0,0,0,0,0,0,0,0,0,0,0,0,0,0
2042.5,1,1,0,0,1,5,0,0,0,0,0,0,0,0,0,0,0,0,0,0,0
2042.5,1,1,0,0,1,10,0,0,0,0,0,0,0,0,0,0,0,0,0,0,0
2042.5,1,1,0,0,1,15,0,0,0,0,0,0,0,0,0,0,0,0,0,0,0
2042.5,1,1,0,0,1,20,0,0,0,0,0,0,0,0,0,0,0,0,0,0,0
2042.5,1,1,0,0,1,25,0,0,0,0,0,0,0,0,0,0,0,0,0,0,0
2042.5,1,1,0,0,1,30,0,0,0,0,0,0,0,0,0,0,0,0,0,0,0
2042.5,1,1,0,0,1,35,0,0,0,0,0,0,0,0,0,0,0,0,0,0,0
2042.5,1,1,0,0,1,40,0,0,0,0,0,0,0,0,0,0,0,0,0,0,0
2042.5,1,1,0,0,1,45,0,0,0,0,0,0,0,0,0,0,0,0,0,0,0
2042.5,1,1,0,0,1,50,0,0,0,0,0,0,0,0,0,0,0,0,0,0,0
2042.5,1,1,0,0,1,55,0,0,0,0,0,0,0,0,0,0,0,0,0,0,0
2042.5,1,1,0,0,1,60,0,0,0,0,0,0,0,0,0,0,0,0,0,0,0
2042.5,1,1,0,0,1,100,0,0,0,0,0,0,0,0,0,0,0,0,0,0,0
2042.5,1,1,0,1,0,0,8,8,2,0,2,2,0,1,1,0,0,0,0,0,0
2042.5,1,1,0,1,0,5,8,8,0,0,0,0,0,3,3,0,0,0,0,0,0
2042.5,1,1,0,1,0,10,14,14,1,0,2,2,0,4,4,1,0,1,0,0,0
2042.5,1,1,0,1,0,15,108,108,37,0,0,0,29,75,26,18,0,47,0,0,0
2042.5,1,1,0,1,0,20,166,166,33,0,3,3,39,129,54,30,0,14,0,0,0
2042.5,1,1,0,1,0,25,193,193,43,0,2,2,68,180,87,41,0,10,0,0,0
2042.5,1,1,0,1,0,30,208,208,36,0,1,1,51,200,108,33,0,7,0,0,0
2042.5,1,1,0,1,0,35,171,171,31,0,1,1,32,161,90,21,0,7,0,0,0
2042.5,1,1,0,1,0,40,128,128,15,0,3,3,16,126,87,10,0,6,0,0,0
2042.5,1,1,0,1,0,45,187,187,11,0,3,2,21,181,122,18,0,8,0,0,0
2042.5,1,1,0,1,0,50,217,217,8,0,5,5,25,209,154,19,0,4,0,0,0
2042.5,1,1,0,1,0,55,179,179,5,0,4,2,14,174,129,12,0,3,0,0,0
2042.5,1,1,0,1,0,60,328,328,11,0,10,6,29,246,204,29,0,4,0,0,0
2042.5,1,1,0,1,0,100,1,1,0,0,0,0,0,0,0,0,0,0,0,0,0
2042.5,1,1,0,1,1,0,5,5,0,5,0,0,5,5,5,0,0,0,0,0,0
2042.5,1,1,0,1,1,5,15,15,0,15,1,1,15,15,15,0,0,0,0,0,0
2042.5,1,1,0,1,1,10,5,5,0,5,0,0,5,5,5,0,0,0,0,0,0
2042.5,1,1,0,1,1,15,57,57,0,57,1,1,57,50,44,0,0,0,0,0,0
2042.5,1,1,0,1,1,20,343,343,0,343,1,1,343,295,230,0,0,4,0,0,0
2042.5,1,1,0,1,1,25,751,751,0,751,0,0,751,680,512,0,0,5,0,0,0
2042.5,1,1,0,1,1,30,1118,1118,0,1118,2,2,1118,1064,876,0,0,10,0,0,0
2042.5,1,1,0,1,1,35,1447,1447,0,1447,2,2,1447,1362,1076,0,0,15,0,0,0
2042.5,1,1,0,1,1,40,1675,1675,0,1675,5,1,1675,1588,1180,0,0,11,0,0,0
2042.5,1,1,0,1,1,45,1740,1740,0,1740,5,1,1740,1657,1232,0,0,12,0,0,0
2042.5,1,1,0,1,1,50,1939,1939,0,1939,11,3,1939,1857,1410,0,0,8,0,0,0
2042.5,1,1,0,1,1,55,1661,1661,0,1661,10,3,1661,1566,1251,0,0,5,0,0,0
2042.5,1,1,0,1,1,60,2776,2776,0,2776,37,6,2776,2123,1726,0,0,4,0,0,0
2042.5,1,1,0,1,1,100,3,3,0,3,0,0,3,1,1,0,0,0,0,0,0
2043,1,0,0,0,0,0,5977,0,0,0,18,0,447,1934,0,0,194,0,0,0,0
2043,1,0,0,0,0,5,5866,0,0,0,0,0,0,1953,0,0,0,0,0,0,0
2043,1,0,0,0,0,10,5834,0,0,0,2,0,0,2030,0,0,0,0,0,0,7
2043,1,0,0,0,0,15,5595,0,0,0,0,0,419,2215,0,0,389,0,0,0,22
2043,1,0,0,0,0,20,5227,0,0,0,4,0,2100,3707,0,0,1596,0,0,0,34
2043,1,0,0,0,0,25,4568,0,0,0,6,0,2578,4065,0,0,1863,0,0,0,8
2043,1,0,0,0,0,30,3985,0,0,0,3,0,2503,3811,0,0,1784,0,0,0,1
2043,1,0,0,0,0,35,3339,0,0,0,7,0,2175,3277,0,0,1607,0,0,0,0
2043,1,0,0,0,0,40,2740,0,0,0,8,0,1781,2717,0,0,1294,0,0,0,0
2043,1,0,0,0,0,45,2310,0,0,0,7,0,1572,2300,0,0,1128,0,0,0,0
2043,1,0,0,0,0,50,1853,0,0,0,11,0,1182,1850,0,0,860,0,0,0,0
2043,1,0,0,0,0,55,1340,0,0,0,11,0,890,1339,0,0,603,0,0,0,0
2043,1,0,0,0,0,60,1757,0,0,0,38,0,869,1294,0,0,620,0,0,0,0
2043,1,0,0,0,0,100,1,0,0,0,0,0,0,0,0,0,0,0,0,0,0
2043,1,0,0,0,1,0,0,0,0,0,0,0,0,0,0,0,0,0,0,0,0
2043,1,0,0,0,1,5,0,0,0,0,0,0,0,0,0,0,0,0,0,0,0
2043,1,0,0,0,1,10,0,0,0,0,0,0,0,0,0,0,0,0,0,0,0
2043,1,0,0,0,1,15,0,0,0,0,0,0,0,0,0,0,0,0,0,0,0
2043,1,0,0,0,1,20,0,0,0,0,0,0,0,0,0,0,0,0,0,0,0
2043,1,0,0,0,1,25,0,0,0,0,0,0,0,0,0,0,0,0,0,0,0
2043,1,0,0,0,1,30,0,0,0,0,0,0,0,0,0,0,0,0,0,0,0
2043,1,0,0,0,1,35,0,0,0,0,0,0,0,0,0,0,0,0,0,0,0
2043,1,0,0,0,1,40,0,0,0,0,0,0,0,0,0,0,0,0,0,0,0
2043,1,0,0,0,1,45,0,0,0,0,0,0,0,0,0,0,0,0,0,0,0
2043,1,0,0,0,1,50,0,0,0,0,0,0,0,0,0,0,0,0,0,0,0
2043,1,0,0,0,1,55,0,0,0,0,0,0,0,0,0,0,0,0,0,0,0
2043,1,0,0,0,1,60,0,0,0,0,0,0,0,0,0,0,0,0,0,0,0
2043,1,0,0,0,1,100,0,0,0,0,0,0,0,0,0,0,0,0,0,0,0
2043,1,0,0,1,0,0,15,15,6,0,3,3,1,3,3,1,0,0,0,0,0
2043,1,0,0,1,0,5,14,14,0,0,0,0,0,1,1,0,0,0,0,0,0
2043,1,0,0,1,0,10,11,11,0,0,0,0,0,3,3,1,0,0,0,0,0
2043,1,0,0,1,0,15,29,29,9,0,1,1,3,15,9,2,0,2,0,0,0
2043,1,0,0,1,0,20,69,69,13,0,1,1,14,52,22,13,0,12,0,0,1
2043,1,0,0,1,0,25,139,139,26,0,2,2,32,115,54,28,0,30,0,0,0
2043,1,0,0,1,0,30,197,197,19,0,3,3,38,167,104,30,0,33,0,0,0
2043,1,0,0,1,0,35,197,197,26,0,3,3,39,183,139,24,0,29,0,0,0
2043,1,0,0,1,0,40,201,201,24,0,2,2,37,197,150,28,0,19,0,0,0
2043,1,0,0,1,0,45,134,134,17,0,5,4,29,134,101,21,0,9,0,0,0
2043,1,0,0,1,0,50,133,133,15,0,1,1,18,132,96,10,0,2,0,0,0
2043,1,0,0,1,0,55,93,93,11,0,2,2,12,92,71,10,0,1,0,0,0
2043,1,0,0,1,0,60,178,178,18,0,6,0,17,120,89,15,0,7,0,0,0
2043,1,0,0,1,0,100,1,1,0,0,0,0,0,0,0,0,0,0,0,0,0
2043,1,0,0,1,1,0,8,8,0,8,1,1,8,8,8,0,0,0,0,0,0
2043,1,0,0,1,1,5,8,8,0,8,0,0,8,8,8,0,0,0,0,0,0
2043,1,0,0,1,1,10,15,15,0,15,0,0,15,15,15,0,0,0,0,0,0
2043,1,0,0,1,1,15,9,9,0,9,0,0,9,9,9,0,0,0,0,0,0
2043,1,0,0,1,1,20,66,66,0,66,1,1,66,66,66,0,0,4,0,0,0
2043,1,0,0,1,1,25,188,188,0,188,0,0,188,187,186,0,0,7,0,0,0
2043,1,0,0,1,1,30,355,355,0,355,2,1,355,355,353,0,0,10,0,0,0
2043,1,0,0,1,1,35,522,522,0,522,0,0,522,522,518,0,0,5,0,0,0
2043,1,0,0,1,1,40,605,605,0,605,4,3,605,601,576,0,0,8,0,0,0
2043,1,0,0,1,1,45,873,873,0,873,7,3,873,859,810,0,0,9,0,0,0
2043,1,0,0,1,1,50,985,985,0,985,4,1,985,979,862,0,0,12,0,0,0
2043,1,0,0,1,1,55,976,976,0,976,13,6,976,938,789,0,0,5,0,0,0
2043,1,0,0,1,1,60,1782,1782,0,1782,41,3,1782,1264,1050,0,0,11,0,0,0
2043,1,0,0,1,1,100,0,0,0,0,1,0,0,0,0,0,0,0,0,0,0
2043,1,0,1,0,0,0,0,0,0,0,0,0,0,0,0,0,0,0,0,0,0
2043,1,0,1,0,0,5,1,0,0,0,0,0,0,1,0,0,0,0,0,0,0
2043,1,0,1,0,0,10,33,0,0,0,0,0,0,10,0,0,0,0,0,0,0
2043,1,0,1,0,0,15,146,0,0,0,0,0,16,59,0,0,14,0,0,0,0
2043,1,0,1,0,0,20,400,0,0,0,0,0,179,304,0,0,133,0,0,0,0
2043,1,0,1,0,0,25,565,0,0,0,0,0,337,507,0,0,242,0,0,0,0
2043,1,0,1,0,0,30,562,0,0,0,2,0,343,536,0,0,263,0,0,0,0
2043,1,0,1,0,0,35,524,0,0,0,0,0,321,517,0,0,240,0,0,0,0
2043,1,0,1,0,0,40,400,0,0,0,1,0,263,396,0,0,213,0,0,0,0
2043,1,0,1,0,0,45,375,0,0,0,2,0,243,373,0,0,162,0,0,0,0
2043,1,0,1,0,0,50,328,0,0,0,1,0,229,327,0,0,159,0,0,0,0
2043,1,0,1,0,0,55,222,0,0,0,1,0,150,222,0,0,124,0,0,0,0
2043,1,0,1,0,0,60,318,0,0,0,9,0,150,226,0,0,109,0,0,0,0
2043,1,0,1,0,0,100,0,0,0,0,0,0,0,0,0,0,0,0,0,0,0
2043,1,0,1,0,1,0,0,0,0,0,0,0,0,0,0,0,0,0,0,0,0
2043,1,0,1,0,1,5,0,0,0,0,0,0,0,0,0,0,0,0,0,0,0
2043,1,0,1,0,1,10,0,0,0,0,0,0,0,0,0,0,0,0,0,0,0
2043,1,0,1,0,1,15,0,0,0,0,0,0,0,0,0,0,0,0,0,0,0
2043,1,0,1,0,1,20,0,0,0,0,0,0,0,0,0,0,0,0,0,0,0
2043,1,0,1,0,1,25,0,0,0,0,0,0,0,0,0,0,0,0,0,0,0
2043,1,0,1,0,1,30,0,0,0,0,0,0,0,0,0,0,0,0,0,0,0
2043,1,0,1,0,1,35,0,0,0,0,0,0,0,0,0,0,0,0,0,0,0
2043,1,0,1,0,1,40,0,0,0,0,0,0,0,0,0,0,0,0,0,0,0
2043,1,0,1,0,1,45,0,0,0,0,0,0,0,0,0,0,0,0,0,0,0
2043,1,0,1,0,1,50,0,0,0,0,0,0,0,0,0,0,0,0,0,0,0
2043,1,0,1,0,1,55,0,0,0,0,0,0,0,0,0,0,0,0,0,0,0
2043,1,0,1,0,1,60,0,0,0,0,0,0,0,0,0,0,0,0,0,0,0
2043,1,0,1,0,1,100,0,0,0,0,0,0,0,0,0,0,0,0,0,0,0
2043,1,0,1,1,0,0,0,0,0,0,0,0,0,0,0,0,0,0,0,0,0
2043,1,0,1,1,0,5,0,0,0,0,0,0,0,0,0,0,0,0,0,0,0
2043,1,0,1,1,0,10,0,0,0,0,0,0,0,0,0,0,0,0,0,0,0
2043,1,0,1,1,0,15,0,0,0,0,0,0,0,0,0,0,0,0,0,0,0
2043,1,0,1,1,0,20,3,3,1,0,0,0,0,3,1,0,0,0,0,0,0
2043,1,0,1,1,0,25,13,13,2,0,0,0,7,13,7,5,0,3,0,0,0
2043,1,0,1,1,0,30,20,20,1,0,0,0,2,15,13,3,0,2,0,0,0
2043,1,0,1,1,0,35,19,19,0,0,0,0,3,18,15,4,0,2,0,0,0
2043,1,0,1,1,0,40,12,12,3,0,0,0,3,12,10,1,0,1,0,0,0
2043,1,0,1,1,0,45,16,16,1,0,0,0,5,16,9,1,0,0,0,0,0
2043,1,0,1,1,0,50,9,9,1,0,0,0,2,9,6,3,0,0,0,0,0
2043,1,0,1,1,0,55,11,11,1,0,1,1,1,10,8,1,0,1,0,0,0
2043,1,0,1,1,0,60,17,17,1,0,0,0,3,12,12,3,0,1,0,0,0
2043,1,0,1,1,0,100,0,0,0,0,0,0,0,0,0,0,0,0,0,0,0
2043,1,0,1,1,1,0,0,0,0,0,0,0,0,0,0,0,0,0,0,0,0
2043,1,0,1,1,1,5,0,0,0,0,0,0,0,0,0,0,0,0,0,0,0
2043,1,0,1,1,1,10,0,0,0,0,0,0,0,0,0,0,0,0,0,0,0
2043,1,0,1,1,1,15,1,1,0,1,0,0,1,1,1,0,0,0,0,0,0
2043,1,0,1,1,1,20,0,0,0,0,0,0,0,0,0,0,0,0,0,0,0
2043,1,0,1,1,1,25,18,18,0,18,0,0,18,18,18,0,0,1,0,0,0
2043,1,0,1,1,1,30,28,28,0,28,0,0,28,28,28,0,0,0,0,0,0
2043,1,0,1,1,1,35,48,48,0,48,0,0,48,48,48,0,0,0,0,0,0
2043,1,0,1,1,1,40,58,58,0,58,1,1,58,58,57,0,0,2,0,0,0
2043,1,0,1,1,1,45,71,71,0,71,1,1,71,70,66,0,0,3,0,0,0
2043,1,0,1,1,1,50,88,88,0,88,0,0,88,87,71,0,0,0,0,0,0
2043,1,0,1,1,1,55,90,90,0,90,4,0,90,86,78,0,0,1,0,0,0
2043,1,0,1,1,1,60,199,199,0,199,5,1,199,144,113,0,0,1,0,0,0
2043,1,0,1,1,1,100,0,0,0,0,0,0,0,0,0,0,0,0,0,0,0
2043,1,1,0,0,0,0,5969,0,0,0,10,0,398,1970,0,0,178,0,0,0,0
2043,1,1,0,0,0,5,5901,0,0,0,1,0,0,1959,0,0,0,0,0,0,0
2043,1,1,0,0,0,10,6095,0,0,0,0,0,135,2191,0,0,145,0,0,0,0
2043,1,1,0,0,0,15,5719,0,0,0,4,0,1427,3395,0,0,1135,0,0,0,0
2043,1,1,0,0,0,20,5169,0,0,0,4,0,2516,4345,0,0,1881,0,0,0,0
2043,1,1,0,0,0,25,4607,0,0,0,1,0,2794,4443,0,0,2118,0,0,0,0
2043,1,1,0,0,0,30,3892,0,0,0,2,0,2562,3867,0,0,1904,0,0,0,0
2043,1,1,0,0,0,35,3169,0,0,0,1,0,2117,3160,0,0,1596,0,0,0,0
2043,1,1,0,0,0,40,2594,0,0,0,1,0,1679,2591,0,0,1170,0,0,0,0
2043,1,1,0,0,0,45,2152,0,0,0,3,0,1391,2152,0,0,1017,0,0,0,0
2043,1,1,0,0,0,50,1784,0,0,0,6,0,1176,1784,0,0,792,0,0,0,0
2043,1,1,0,0,0,55,1287,0,0,0,4,0,839,1287,0,0,628,0,0,0,0
2043,1,1,0,0,0,60,2170,0,0,0,44,0,795,1482,0,0,531,0,0,0,0
2043,1,1,0,0,0,100,9,0,0,0,2,0,0,0,0,0,0,0,0,0,0
2043,1,1,0,0,1,0,0,0,0,0,0,0,0,0,0,0,0,0,0,0,0
2043,1,1,0,0,1,5,0,0,0,0,0,0,0,0,0,0,0,0,0,0,0
2043,1,1,0,0,1,10,0,0,0,0,0,0,0,0,0,0,0,0,0,0,0
2043,1,1,0,0,1,15,0,0,0,0,0,0,0,0,0,0,0,0,0,0,0
2043,1,1,0,0,1,20,0,0,0,0,0,0,0,0,0,0,0,0,0,0,0
2043,1,1,0,0,1,25,0,0,0,0,0,0,0,0,0,0,0,0,0,0,0
2043,1,1,0,0,1,30,0,0,0,0,0,0,0,0,0,0,0,0,0,0,0
2043,1,1,0,0,1,35,0,0,0,0,0,0,0,0,0,0,0,0,0,0,0
2043,1,1,0,0,1,40,0,0,0,0,0,0,0,0,0,0,0,0,0,0,0
2043,1,1,0,0,1,45,0,0,0,0,0,0,0,0,0,0,0,0,0,0,0
2043,1,1,0,0,1,50,0,0,0,0,0,0,0,0,0,0,0,0,0,0,0
2043,1,1,0,0,1,55,0,0,0,0,0,0,0,0,0,0,0,0,0,0,0
2043,1,1,0,0,1,60,0,0,0,0,0,0,0,0,0,0,0,0,0,0,0
2043,1,1,0,0,1,100,0,0,0,0,0,0,0,0,0,0,0,0,0,0,0
2043,1,1,0,1,0,0,9,9,3,0,1,1,0,1,1,0,0,0,0,0,0
2043,1,1,0,1,0,5,8,8,0,0,0,0,0,3,3,0,0,0,0,0,0
2043,1,1,0,1,0,10,16,16,5,0,0,0,1,6,4,2,0,3,0,0,0
2043,1,1,0,1,0,15,103,103,36,0,1,1,22,65,22,20,0,26,0,0,0
2043,1,1,0,1,0,20,175,175,43,0,1,1,51,139,60,36,0,13,0,0,0
2043,1,1,0,1,0,25,184,184,34,0,1,1,54,173,90,38,0,17,0,0,0
2043,1,1,0,1,0,30,197,197,30,0,1,1,48,189,113,44,0,5,0,0,0
2043,1,1,0,1,0,35,178,178,34,0,2,2,42,170,94,19,0,6,0,0,0
2043,1,1,0,1,0,40,126,126,16,0,0,0,18,124,80,8,0,7,0,0,0
2043,1,1,0,1,0,45,184,184,14,0,1,1,28,177,125,21,0,8,0,0,0
2043,1,1,0,1,0,50,215,215,4,0,3,3,10,208,146,9,0,3,0,0,0
2043,1,1,0,1,0,55,179,179,5,0,7,5,9,175,130,10,0,5,0,0,0
2043,1,1,0,1,0,60,341,341,12,0,12,7,29,264,209,26,0,3,0,0,0
2043,1,1,0,1,0,100,1,1,0,0,0,0,0,0,0,0,0,0,0,0,0
2043,1,1,0,1,1,0,5,5,0,5,0,0,5,5,5,0,0,0,0,0,0
2043,1,1,0,1,1,5,12,12,0,12,0,0,12,12,12,0,0,0,0,0,0
2043,1,1,0,1,1,10,9,9,0,9,0,0,9,9,9,0,0,0,0,0,0
2043,1,1,0,1,1,15,74,74,0,74,0,0,74,67,55,0,0,3,0,0,0
2043,1,1,0,1,1,20,337,337,0,337,1,1,337,289,223,0,0,6,0,0,0
2043,1,1,0,1,1,25,736,736,0,736,1,1,736,665,505,0,0,6,0,0,0
2043,1,1,0,1,1,30,1139,1139,0,1139,5,4,1139,1089,873,0,0,10,0,0,0
2043,1,1,0,1,1,35,1434,1434,0,1434,4,3,1434,1344,1063,0,0,13,0,0,0
2043,1,1,0,1,1,40,1698,1698,0,1698,1,1,1698,1608,1199,0,0,10,0,0,0
2043,1,1,0,1,1,45,1719,1719,0,1719,6,3,1719,1645,1222,0,0,16,0,0,0
2043,1,1,0,1,1,50,1933,1933,0,1933,12,6,1933,1845,1395,0,0,12,0,0,0
2043,1,1,0,1,1,55,1691,1691,0,1691,7,1,1691,1595,1270,0,0,12,0,0,0
2043,1,1,0,1,1,60,2876,2876,0,2876,37,6,2876,2234,1826,0,0,5,0,0,0
2043,1,1,0,1,1,100,3,3,0,3,0,0,3,1,1,0,0,0,0,0,0
2043.5,1,0,0,0,0,0,5967,0,0,0,19,0,397,1893,0,0,170,0,0,0,0
2043.5,1,0,0,0,0,5,5853,0,0,0,2,0,0,1955,0,0,0,0,0,0,0
2043.5,1,0,0,0,0,10,5870,0,0,0,1,0,1,2012,0,0,3,0,0,0,6
2043.5,1,0,0,0,0,15,5594,0,0,0,3,0,436,2266,0,0,410,0,0,0,22
2043.5,1,0,0,0,0,20,5190,0,0,0,3,0,2050,3657,0,0,1572,0,0,0,29
2043.5,1,0,0,0,0,25,4603,0,0,0,6,0,2582,4096,0,0,1788,0,0,0,15
2043.5,1,0,0,0,0,30,4005,0,0,0,5,0,2527,3826,0,0,1860,0,0,0,0
2043.5,1,0,0,0,0,35,3403,0,0,0,5,0,2225,3341,0,0,1616,0,0,0,0
2043.5,1,0,0,0,0,40,2781,0,0,0,6,0,1792,2758,0,0,1274,0,0,0,0
2043.5,1,0,0,0,0,45,2305,0,0,0,10,0,1538,2296,0,0,1153,0,0,0,0
2043.5,1,0,0,0,0,50,1838,0,0,0,8,0,1216,1835,0,0,901,0,0,0,0
2043.5,1,0,0,0,0,55,1382,0,0,0,5,0,902,1381,0,0,652,0,0,0,0
2043.5,1,0,0,0,0,60,1816,0,0,0,50,0,929,1373,0,0,669,0,0,0,0
2043.5,1,0,0,0,0,100,1,0,0,0,0,0,0,0,0,0,0,0,0,0,0
2043.5,1,0,0,0,1,0,0,0,0,0,0,0,0,0,0,0,0,0,0,0,0
2043.5,1,0,0,0,1,5,0,0,0,0,0,0,0,0,0,0,0,0,0,0,0
2043.5,1,0,0,0,1,10,0,0,0,0,0,0,0,0,0,0,0,0,0,0,0
2043.5,1,0,0,0,1,15,0,0,0,0,0,0,0,0,0,0,0,0,0,0,0
2043.5,1,0,0,0,1,20,0,0,0,0,0,0,0,0,0,0,0,0,0,0,0
2043.5,1,0,0,0,1,25,0,0,0,0,0,0,0,0,0,0,0,0,0,0,0
2043.5,1,0,0,0,1,30,0,0,0,0,0,0,0,0,0,0,0,0,0,0,0
2043.5,1,0,0,0,1,35,0,0,0,0,0,0,0,0,0,0,0,0,0,0,0
2043.5,1,0,0,0,1,40,0,0,0,0,0,0,0,0,0,0,0,0,0,0,0
2043.5,1,0,0,0,1,45,0,0,0,0,0,0,0,0,0,0,0,0,0,0,0
2043.5,1,0,0,0,1,50,0,0,0,0,0,0,0,0,0,0,0,0,0,0,0
2043.5,1,0,0,0,1,55,0,0,0,0,0,0,0,0,0,0,0,0,0,0,0
2043.5,1,0,0,0,1,60,0,0,0,0,0,0,0,0,0,0,0,0,0,0,0
2043.5,1,0,0,0,1,100,0,0,0,0,0,0,0,0,0,0,0,0,0,0,0
2043.5,1,0,0,1,0,0,15,15,6,0,3,3,0,2,2,2,0,0,0,0,0
2043.5,1,0,0,1,0,5,13,13,0,0,0,0,0,1,1,0,0,0,0,0,0
2043.5,1,0,0,1,0,10,13,13,0,0,0,0,0,3,3,0,0,0,0,0,0
2043.5,1,0,0,1,0,15,25,25,4,0,1,0,2,14,7,4,0,2,0,0,0
2043.5,1,0,0,1,0,20,69,69,17,0,0,0,14,49,24,12,0,16,0,0,0
2043.5,1,0,0,1,0,25,154,154,29,0,0,0,44,125,65,34,0,29,0,0,0
2043.5,1,0,0,1,0,30,206,206,35,0,5,5,44,177,112,31,0,32,0,0,0
2043.5,1,0,0,1,0,35,200,200,20,0,4,3,40,185,136,31,0,21,0,0,0
2043.5,1,0,0,1,0,40,197,197,22,0,4,4,36,193,143,27,0,15,0,0,0
2043.5,1,0,0,1,0,45,139,139,24,0,2,1,36,137,100,21,0,17,0,0,0
2043.5,1,0,0,1,0,50,115,115,15,0,1,1,23,115,82,15,0,6,0,0,0
2043.5,1,0,0,1,0,55,106,106,15,0,1,0,19,104,73,12,0,2,0,0,0
2043.5,1,0,0,1,0,60,166,166,13,0,6,0,16,117,77,9,0,13,0,0,0
2043.5,1,0,0,1,0,100,1,1,0,0,0,0,0,0,0,0,0,0,0,0,0
2043.5,1,0,0,1,1,0,9,9,0,9,0,0,9,9,9,0,0,0,0,0,0
2043.5,1,0,0,1,1,5,8,8,0,8,0,0,8,8,8,0,0,0,0,0,0
2043.5,1,0,0,1,1,10,14,14,0,14,0,0,14,14,14,0,0,0,0,0,0
2043.5,1,0,0,1,1,15,11,11,0,11,0,0,11,11,11,0,0,1,0,0,0
2043.5,1,0,0,1,1,20,64,64,0,64,0,0,64,64,64,0,0,5,0,0,1
2043.5,1,0,0,1,1,25,186,186,0,186,1,1,186,185,185,0,0,11,0,0,0
2043.5,1,0,0,1,1,30,349,349,0,349,0,0,349,349,346,0,0,9,0,0,0
2043.5,1,0,0,1,1,35,533,533,0,533,3,3,533,533,527,0,0,12,0,0,0
2043.5,1,0,0,1,1,40,604,604,0,604,6,3,604,600,578,0,0,12,0,0,0
2043.5,1,0,0,1,1,45,865,865,0,865,9,4,865,854,799,0,0,16,0,0,0
2043.5,1,0,0,1,1,50,1003,1003,0,1003,7,2,1003,996,878,0,0,12,0,0,0
2043.5,1,0,0,1,1,55,990,990,0,990,15,4,990,958,814,0,0,7,0,0,0
2043.5,1,0,0,1,1,60,1837,1837,0,1837,47,6,1837,1325,1106,0,0,6,0,0,0
2043.5,1,0,0,1,1,100,0,0,0,0,0,0,0,0,0,0,0,0,0,0,0
2043.5,1,0,1,0,0,0,0,0,0,0,0,0,0,0,0,0,0,0,0,0,0
2043.5,1,0,1,0,0,5,0,0,0,0,0,0,0,0,0,0,0,0,0,0,0
2043.5,1,0,1,0,0,10,33,0,0,0,0,0,0,12,0,0,0,0,0,0,0
2043.5,1,0,1,0,0,15,154,0,0,0,0,0,16,60,0,0,12,0,0,0,0
2043.5,1,0,1,0,0,20,388,0,0,0,0,0,166,289,0,0,119,0,0,0,0
2043.5,1,0,1,0,0,25,588,0,0,0,0,0,344,525,0,0,258,0,0,0,0
2043.5,1,0,1,0,0,30,554,0,0,0,1,0,360,531,0,0,248,0,0,0,0
2043.5,1,0,1,0,0,35,541,0,0,0,0,0,331,532,0,0,237,0,0,0,0
2043.5,1,0,1,0,0,40,402,0,0,0,0,0,272,399,0,0,187,0,0,0,0
2043.5,1,0,1,0,0,45,382,0,0,0,0,0,254,381,0,0,187,0,0,0,0
2043.5,1,0,1,0,0,50,322,0,0,0,2,0,220,322,0,0,154,0,0,0,0
2043.5,1,0,1,0,0,55,236,0,0,0,2,0,166,235,0,0,119,0,0,0,0
2043.5,1,0,1,0,0,60,319,0,0,0,10,0,148,232,0,0,102,0,0,0,0
2043.5,1,0,1,0,0,100,0,0,0,0,0,0,0,0,0,0,0,0,0,0,0
2043.5,1,0,1,0,1,0,0,0,0,0,0,0,0,0,0,0,0,0,0,0,0
2043.5,1,0,1,0,1,5,0,0,0,0,0,0,0,0,0,0,0,0,0,0,0
2043.5,1,0,1,0,1,10,0,0,0,0,0,0,0,0,0,0,0,0,0,0,0
2043.5,1,0,1,0,1,15,0,0,0,0,0,0,0,0,0,0,0,0,0,0,0
2043.5,1,0,1,0,1,20,0,0,0,0,0,0,0,0,0,0,0,0,0,0,0
2043.5,1,0,1,0,1,25,0,0,0,0,0,0,0,0,0,0,0,0,0,0,0
2043.5,1,0,1,0,1,30,0,0,0,0,0,0,0,0,0,0,0,0,0,0,0
2043.5,1,0,1,0,1,35,0,0,0,0,0,0,0,0,0,0,0,0,0,0,0
2043.5,1,0,1,0,1,40,0,0,0,0,0,0,0,0,0,0,0,0,0,0,0
2043.5,1,0,1,0,1,45,0,0,0,0,0,0,0,0,0,0,0,0,0,0,0
2043.5,1,0,1,0,1,50,0,0,0,0,0,0,0,0,0,0,0,0,0,0,0
2043.5,1,0,1,0,1,55,0,0,0,0,0,0,0,0,0,0,0,0,0,0,0
2043.5,1,0,1,0,1,60,0,0,0,0,0,0,0,0,0,0,0,0,0,0,0
2043.5,1,0,1,0,1,100,0,0,0,0,0,0,0,0,0,0,0,0,0,0,0
2043.5,1,0,1,1,0,0,0,0,0,0,0,0,0,0,0,0,0,0,0,0,0
2043.5,1,0,1,1,0,5,0,0,0,0,0,0,0,0,0,0,0,0,0,0,0
2043.5,1,0,1,1,0,10,0,0,0,0,0,0,0,0,0,0,0,0,0,0,0
2043.5,1,0,1,1,0,15,0,0,0,0,0,0,0,0,0,0,0,0,0,0,0
2043.5,1,0,1,1,0,20,3,3,0,0,0,0,0,3,1,0,0,1,0,0,0
2043.5,1,0,1,1,0,25,8,8,1,0,0,0,6,8,7,5,0,2,0,0,0
2043.5,1,0,1,1,0,30,22,22,2,0,0,0,4,18,15,4,0,6,0,0,0
2043.5,1,0,1,1,0,35,16,16,2,0,0,0,1,16,12,3,0,3,0,0,0
2043.5,1,0,1,1,0,40,9,9,0,0,0,0,1,9,8,1,0,1,0,0,0
2043.5,1,0,1,1,0,45,13,13,4,0,1,1,5,13,8,1,0,2,0,0,0
2043.5,1,0,1,1,0,50,8,8,1,0,0,0,1,8,5,0,0,0,0,0,0
2043.5,1,0,1,1,0,55,8,8,0,0,1,1,1,7,6,1,0,0,0,0,0
2043.5,1,0,1,1,0,60,19,19,3,0,0,0,1,11,9,0,0,1,0,0,0
2043.5,1,0,1,1,0,100,0,0,0,0,0,0,0,0,0,0,0,0,0,0,0
2043.5,1,0,1,1,1,0,0,0,0,0,0,0,0,0,0,0,0,0,0,0,0
2043.5,1,0,1,1,1,5,0,0,0,0,0,0,0,0,0,0,0,0,0,0,0
2043.5,1,0,1,1,1,10,0,0,0,0,0,0,0,0,0,0,0,0,0,0,0
2043.5,1,0,1,1,1,15,1,1,0,1,0,0,1,1,1,0,0,0,0,0,0
2043.5,1,0,1,1,1,20,1,1,0,1,0,0,1,1,1,0,0,0,0,0,0
2043.5,1,0,1,1,1,25,18,18,0,18,0,0,18,18,18,0,0,0,0,0,0
2043.5,1,0,1,1,1,30,29,29,0,29,0,0,29,29,29,0,0,1,0,0,0
2043.5,1,0,1,1,1,35,53,53,0,53,0,0,53,53,53,0,0,0,0,0,0
2043.5,1,0,1,1,1,40,58,58,0,58,0,0,58,58,57,0,0,0,0,0,0
2043.5,1,0,1,1,1,45,74,74,0,74,3,2,74,73,67,0,0,1,0,0,0
2043.5,1,0,1,1,1,50,88,88,0,88,1,0,88,88,71,0,0,0,0,0,0
2043.5,1,0,1,1,1,55,92,92,0,92,1,0,92,88,79,0,0,0,0,0,0
2043.5,1,0,1,1,1,60,198,198,0,198,9,0,198,147,116,0,0,4,0,0,0
2043.5,1,0,1,1,1,100,0,0,0,0,0,0,0,0,0,0,0,0,0,0,0
2043.5,1,1,0,0,0,0,5983,0,0,0,8,0,427,1979,0,0,216,0,0,0,0
2043.5,1,1,0,0,0,5,5894,0,0,0,1,0,0,1984,0,0,0,0,0,0,0
2043.5,1,1,0,0,0,10,6108,0,0,0,1,0,125,2156,0,0,122,0,0,0,0
2043.5,1,1,0,0,0,15,5723,0,0,0,2,0,1457,3418,0,0,1144,0,0,0,0
2043.5,1,1,0,0,0,20,5209,0,0,0,2,0,2512,4379,0,0,2023,0,0,0,0
2043.5,1,1,0,0,0,25,4591,0,0,0,3,0,2829,4424,0,0,2205,0,0,0,0
2043.5,1,1,0,0,0,30,3932,0,0,0,5,0,2576,3906,0,0,1984,0,0,0,0
2043.5,1,1,0,0,0,35,3168,0,0,0,2,0,2083,3158,0,0,1527,0,0,0,0
2043.5,1,1,0,0,0,40,2653,0,0,0,0,0,1701,2650,0,0,1187,0,0,0,0
2043.5,1,1,0,0,0,45,2182,0,0,0,0,0,1426,2182,0,0,1029,0,0,0,0
2043.5,1,1,0,0,0,50,1797,0,0,0,7,0,1156,1797,0,0,789,0,0,0,0
2043.5,1,1,0,0,0,55,1313,0,0,0,4,0,839,1313,0,0,632,0,0,0,0
2043.5,1,1,0,0,0,60,2241,0,0,0,29,0,826,1577,0,0,529,0,0,0,0
2043.5,1,1,0,0,0,100,10,0,0,0,0,0,0,0,0,0,0,0,0,0,0
2043.5,1,1,0,0,1,0,0,0,0,0,0,0,0,0,0,0,0,0,0,0,0
2043.5,1,1,0,0,1,5,0,0,0,0,0,0,0,0,0,0,0,0,0,0,0
2043.5,1,1,0,0,1,10,0,0,0,0,0,0,0,0,0,0,0,0,0,0,0
2043.5,1,1,0,0,1,15,0,0,0,0,0,0,0,0,0,0,0,0,0,0,0
2043.5,1,1,0,0,1,20,0,0,0,0,0,0,0,0,0,0,0,0,0,0,0
2043.5,1,1,0,0,1,25,0,0,0,0,0,0,0,0,0,0,0,0,0,0,0
2043.5,1,1,0,0,1,30,0,0,0,0,0,0,0,0,0,0,0,0,0,0,0
2043.5,1,1,0,0,1,35,0,0,0,0,0,0,0,0,0,0,0,0,0,0,0
2043.5,1,1,0,0,1,40,0,0,0,0,0,0,0,0,0,0,0,0,0,0,0
2043.5,1,1,0,0,1,45,0,0,0,0,0,0,0,0,0,0,0,0,0,0,0
2043.5,1,1,0,0,1,50,0,0,0,0,0,0,0,0,0,0,0,0,0,0,0
2043.5,1,1,0,0,1,55,0,0,0,0,0,0,0,0,0,0,0,0,0,0,0
2043.5,1,1,0,0,1,60,0,0,0,0,0,0,0,0,0,0,0,0,0,0,0
2043.5,1,1,0,0,1,100,0,0,0,0,0,0,0,0,0,0,0,0,0,0,0
2043.5,1,1,0,1,0,0,7,7,3,0,1,1,0,1,1,1,0,0,0,0,0
2043.5,1,1,0,1,0,5,8,8,0,0,1,1,0,3,3,1,0,0,0,0,0
2043.5,1,1,0,1,0,10,14,14,4,0,0,0,0,4,2,0,0,3,0,0,0
2043.5,1,1,0,1,0,15,113,113,41,0,2,2,21,73,27,17,0,28,0,0,0
2043.5,1,1,0,1,0,20,177,177,37,0,0,0,50,137,58,34,0,26,0,0,0
2043.5,1,1,0,1,0,25,194,194,47,0,1,1,62,183,93,45,0,18,0,0,0
2043.5,1,1,0,1,0,30,216,216,38,0,0,0,57,208,120,36,0,13,0,0,0
2043.5,1,1,0,1,0,35,171,171,31,0,1,1,48,161,103,23,0,8,0,0,0
2043.5,1,1,0,1,0,40,144,144,21,0,2,2,26,140,89,17,0,6,0,0,0
2043.5,1,1,0,1,0,45,182,182,18,0,3,2,32,174,118,18,0,7,0,0,0
2043.5,1,1,0,1,0,50,222,222,7,0,3,2,16,214,156,20,0,9,0,0,0
2043.5,1,1,0,1,0,55,180,180,11,0,2,2,13,177,129,14,0,3,0,0,0
2043.5,1,1,0,1,0,60,339,339,11,0,17,13,28,270,213,28,0,8,0,0,0
2043.5,1,1,0,1,0,100,1,1,0,0,0,0,0,0,0,0,0,0,0,0,0
2043.5,1,1,0,1,1,0,6,6,0,6,0,0,6,6,6,0,0,0,0,0,0
2043.5,1,1,0,1,1,5,10,10,0,10,0,0,10,10,10,0,0,0,0,0,0
2043.5,1,1,0,1,1,10,10,10,0,10,0,0,10,10,10,0,0,0,0,0,0
2043.5,1,1,0,1,1,15,72,72,0,72,2,2,72,64,54,0,0,1,0,0,0
2043.5,1,1,0,1,1,20,338,338,0,338,1,1,338,290,228,0,0,3,0,0,0
2043.5,1,1,0,1,1,25,734,734,0,734,1,1,734,661,503,0,0,5,0,0,0
2043.5,1,1,0,1,1,30,1117,1117,0,1117,0,0,1117,1066,840,0,0,12,0,0,0
2043.5,1,1,0,1,1,35,1446,1446,0,1446,5,2,1446,1366,1078,0,0,12,0,0,0
2043.5,1,1,0,1,1,40,1661,1661,0,1661,4,2,1661,1576,1165,0,0,5,0,0,0
2043.5,1,1,0,1,1,45,1754,1754,0,1754,3,2,1754,1677,1253,0,0,15,0,0,0
2043.5,1,1,0,1,1,50,1905,1905,0,1905,2,0,1905,1813,1364,0,0,12,0,0,0
2043.5,1,1,0,1,1,55,1726,1726,0,1726,6,1,1726,1635,1289,0,0,6,0,0,0
2043.5,1,1,0,1,1,60,2996,2996,0,2996,45,9,2996,2357,1929,0,0,7,0,0,0
2043.5,1,1,0,1,1,100,3,3,0,3,0,0,3,1,1,0,0,0,0,0,0
2044,1,0,0,0,0,0,5996,0,0,0,16,0,454,1941,0,0,249,0,0,0,0
2044,1,0,0,0,0,5,5825,0,0,0,4,0,0,1932,0,0,0,0,0,0,0
2044,1,0,0,0,0,10,5870,0,0,0,0,0,1,2024,0,0,1,0,0,0,5
2044,1,0,0,0,0,15,5644,0,0,0,1,0,457,2298,0,0,406,0,0,0,13
2044,1,0,0,0,0,20,5190,0,0,0,2,0,2072,3684,0,0,1583,0,0,0,28
2044,1,0,0,0,0,25,4632,0,0,0,4,0,2563,4126,0,0,1889,0,0,0,16
2044,1,0,0,0,0,30,4018,0,0,0,4,0,2518,3842,0,0,1854,0,0,0,0
2044,1,0,0,0,0,35,3476,0,0,0,4,0,2207,3413,0,0,1566,0,0,0,0
2044,1,0,0,0,0,40,2768,0,0,0,9,0,1824,2742,0,0,1349,0,0,0,0
2044,1,0,0,0,0,45,2331,0,0,0,5,0,1528,2323,0,0,1094,0,0,0,0
2044,1,0,0,0,0,50,1887,0,0,0,13,0,1235,1884,0,0,860,0,0,0,0
2044,1,0,0,0,0,55,1407,0,0,0,10,0,920,1406,0,0,641,0,0,0,0
2044,1,0,0,0,0,60,1867,0,0,0,46,0,964,1449,0,0,678,0,0,0,0
2044,1,0,0,0,0,100,1,0,0,0,0,0,0,0,0,0,0,0,0,0,0
2044,1,0,0,0,1,0,0,0,0,0,0,0,0,0,0,0,0,0,0,0,0
2044,1,0,0,0,1,5,0,0,0,0,0,0,0,0,0,0,0,0,0,0,0
2044,1,0,0,0,1,10,0,0,0,0,0,0,0,0,0,0,0,0,0,0,0
2044,1,0,0,0,1,15,0,0,0,0,0,0,0,0,0,0,0,0,0,0,0
2044,1,0,0,0,1,20,0,0,0,0,0,0,0,0,0,0,0,0,0,0,0
2044,1,0,0,0,1,25,0,0,0,0,0,0,0,0,0,0,0,0,0,0,0
2044,1,0,0,0,1,30,0,0,0,0,0,0,0,0,0,0,0,0,0,0,0
2044,1,0,0,0,1,35,0,0,0,0,0,0,0,0,0,0,0,0,0,0,0
2044,1,0,0,0,1,40,0,0,0,0,0,0,0,0,0,0,0,0,0,0,0
2044,1,0,0,0,1,45,0,0,0,0,0,0,0,0,0,0,0,0,0,0,0
2044,1,0,0,0,1,50,0,0,0,0,0,0,0,0,0,0,0,0,0,0,0
2044,1,0,0,0,1,55,0,0,0,0,0,0,0,0,0,0,0,0,0,0,0
2044,1,0,0,0,1,60,0,0,0,0,0,0,0,0,0,0,0,0,0,0,0
2044,1,0,0,0,1,100,0,0,0,0,0,0,0,0,0,0,0,0,0,0,0
2044,1,0,0,1,0,0,17,17,7,0,1,1,3,4,4,3,0,0,0,0,0
2044,1,0,0,1,0,5,15,15,0,0,0,0,0,2,2,0,0,0,0,0,0
2044,1,0,0,1,0,10,14,14,0,0,0,0,0,3,3,0,0,0,0,0,0
2044,1,0,0,1,0,15,22,22,3,0,0,0,3,13,8,3,0,0,0,0,0
2044,1,0,0,1,0,20,69,69,15,0,0,0,11,47,19,7,0,8,0,0,0
2044,1,0,0,1,0,25,151,151,23,0,2,2,46,124,67,30,0,26,0,0,2
2044,1,0,0,1,0,30,198,198,23,0,0,0,40,174,112,36,0,37,0,0,0
2044,1,0,0,1,0,35,219,219,19,0,2,2,46,206,156,39,0,22,0,0,0
2044,1,0,0,1,0,40,180,180,20,0,3,3,49,176,135,33,0,14,0,0,0
2044,1,0,0,1,0,45,150,150,24,0,3,3,39,147,103,21,0,9,0,0,0
2044,1,0,0,1,0,50,114,114,12,0,3,3,24,113,82,12,0,2,0,0,0
2044,1,0,0,1,0,55,91,91,7,0,0,0,13,88,66,9,0,3,0,0,0
2044,1,0,0,1,0,60,166,166,12,0,12,5,15,116,81,16,0,7,0,0,0
2044,1,0,0,1,0,100,1,1,0,0,0,0,1,1,1,1,0,0,0,0,0
2044,1,0,0,1,1,0,7,7,0,7,0,0,7,7,7,0,0,0,0,0,0
2044,1,0,0,1,1,5,10,10,0,10,0,0,10,10,10,0,0,0,0,0,0
2044,1,0,0,1,1,10,12,12,0,12,0,0,12,12,12,0,0,0,0,0,0
2044,1,0,0,1,1,15,11,11,0,11,0,0,11,11,11,0,0,0,0,0,0
2044,1,0,0,1,1,20,59,59,0,59,0,0,59,59,59,0,0,0,0,0,1
2044,1,0,0,1,1,25,196,196,0,196,0,0,196,195,195,0,0,5,0,0,0
2044,1,0,0,1,1,30,354,354,0,354,1,1,354,353,349,0,0,11,0,0,0
2044,1,0,0,1,1,35,523,523,0,523,2,2,523,523,517,0,0,8,0,0,0
2044,1,0,0,1,1,40,617,617,0,617,2,2,617,615,594,0,0,9,0,0,0
2044,1,0,0,1,1,45,857,857,0,857,2,1,857,845,792,0,0,15,0,0,0
2044,1,0,0,1,1,50,1000,1000,0,1000,7,2,1000,995,874,0,0,9,0,0,0
2044,1,0,0,1,1,55,1015,1015,0,1015,10,3,1015,988,830,0,0,6,0,0,0
2044,1,0,0,1,1,60,1885,1885,0,1885,47,1,1885,1391,1166,0,0,16,0,0,0
2044,1,0,0,1,1,100,0,0,0,0,0,0,0,0,0,0,0,0,0,0,0
2044,1,0,1,0,0,0,0,0,0,0,0,0,0,0,0,0,0,0,0,0,0
2044,1,0,1,0,0,5,0,0,0,0,0,0,0,0,0,0,0,0,0,0,0
2044,1,0,1,0,0,10,31,0,0,0,0,0,0,12,0,0,0,0,0,0,0
2044,1,0,1,0,0,15,142,0,0,0,1,0,12,51,0,0,16,0,0,0,0
2044,1,0,1,0,0,20,400,0,0,0,0,0,172,293,0,0,132,0,0,0,0
2044,1,0,1,0,0,25,589,0,0,0,0,0,338,522,0,0,242,0,0,0,0
2044,1,0,1,0,0,30,566,0,0,0,0,0,355,542,0,0,241,0,0,0,0
2044,1,0,1,0,0,35,530,0,0,0,0,0,333,521,0,0,230,0,0,0,0
2044,1,0,1,0,0,40,419,0,0,0,2,0,281,416,0,0,192,0,0,0,0
2044,1,0,1,0,0,45,379,0,0,0,0,0,258,378,0,0,201,0,0,0,0
2044,1,0,1,0,0,50,327,0,0,0,0,0,216,327,0,0,146,0,0,0,0
2044,1,0,1,0,0,55,239,0,0,0,5,0,164,238,0,0,121,0,0,0,0
2044,1,0,1,0,0,60,330,0,0,0,8,0,153,244,0,0,108,0,0,0,0
2044,1,0,1,0,0,100,0,0,0,0,0,0,0,0,0,0,0,0,0,0,0
2044,1,0,1,0,1,0,0,0,0,0,0,0,0,0,0,0,0,0,0,0,0
2044,1,0,1,0,1,5,0,0,0,0,0,0,0,0,0,0,0,0,0,0,0
2044,1,0,1,0,1,10,0,0,0,0,0,0,0,0,0,0,0,0,0,0,0
2044,1,0,1,0,1,15,0,0,0,0,0,0,0,0,0,0,0,0,0,0,0
2044,1,0,1,0,1,20,0,0,0,0,0,0,0,0,0,0,0,0,0,0,0
2044,1,0,1,0,1,25,0,0,0,0,0,0,0,0,0,0,0,0,0,0,0
2044,1,0,1,0,1,30,0,0,0,0,0,0,0,0,0,0,0,0,0,0,0
2044,1,0,1,0,1,35,0,0,0,0,0,0,0,0,0,0,0,0,0,0,0
2044,1,0,1,0,1,40,0,0,0,0,0,0,0,0,0,0,0,0,0,0,0
2044,1,0,1,0,1,45,0,0,0,0,0,0,0,0,0,0,0,0,0,0,0
2044,1,0,1,0,1,50,0,0,0,0,0,0,0,0,0,0,0,0,0,0,0
2044,1,0,1,0,1,55,0,0,0,0,0,0,0,0,0,0,0,0,0,0,0
2044,1,0,1,0,1,60,0,0,0,0,0,0,0,0,0,0,0,0,0,0,0
2044,1,0,1,0,1,100,0,0,0,0,0,0,0,0,0,0,0,0,0,0,0
2044,1,0,1,1,0,0,0,0,0,0,0,0,0,0,0,0,0,0,0,0,0
2044,1,0,1,1,0,5,0,0,0,0,0,0,0,0,0,0,0,0,0,0,0
2044,1,0,1,1,0,10,0,0,0,0,0,0,0,0,0,0,0,0,0,0,0
2044,1,0,1,1,0,15,0,0,0,0,0,0,0,0,0,0,0,0,0,0,0
2044,1,0,1,1,0,20,3,3,0,0,0,0,0,3,1,0,0,0,0,0,0
2044,1,0,1,1,0,25,8,8,2,0,0,0,2,7,4,0,0,5,0,0,0
2044,1,0,1,1,0,30,19,19,4,0,0,0,6,17,10,5,0,4,0,0,0
2044,1,0,1,1,0,35,18,18,2,0,2,2,6,17,16,6,0,1,0,0,0
2044,1,0,1,1,0,40,9,9,1,0,0,0,1,9,9,2,0,0,0,0,0
2044,1,0,1,1,0,45,12,12,3,0,0,0,4,12,8,2,0,1,0,0,0
2044,1,0,1,1,0,50,6,6,0,0,0,0,0,6,4,0,0,0,0,0,0
2044,1,0,1,1,0,55,10,10,1,0,0,0,2,10,8,2,0,0,0,0,0
2044,1,0,1,1,0,60,23,23,2,0,0,0,1,15,12,3,0,0,0,0,0
2044,1,0,1,1,0,100,0,0,0,0,0,0,0,0,0,0,0,0,0,0,0
2044,1,0,1,1,1,0,0,0,0,0,0,0,0,0,0,0,0,0,0,0,0
2044,1,0,1,1,1,5,0,0,0,0,0,0,0,0,0,0,0,0,0,0,0
2044,1,0,1,1,1,10,0,0,0,0,0,0,0,0,0,0,0,0,0,0,0
2044,1,0,1,1,1,15,1,1,0,1,0,0,1,1,1,0,0,0,0,0,0
2044,1,0,1,1,1,20,1,1,0,1,0,0,1,1,1,0,0,0,0,0,0
2044,1,0,1,1,1,25,15,15,0,15,0,0,15,15,15,0,0,0,0,0,0
2044,1,0,1,1,1,30,39,39,0,39,0,0,39,39,39,0,0,1,0,0,0
2044,1,0,1,1,1,35,49,49,0,49,0,0,49,49,49,0,0,0,0,0,0
2044,1,0,1,1,1,40,59,59,0,59,1,0,59,59,58,0,0,1,0,0,0
2044,1,0,1,1,1,45,72,72,0,72,1,1,72,72,64,0,0,0,0,0,0
2044,1,0,1,1,1,50,89,89,0,89,0,0,89,88,73,0,0,0,0,0,0
2044,1,0,1,1,1,55,86,86,0,86,1,0,86,83,73,0,0,0,0,0,0
2044,1,0,1,1,1,60,202,202,0,202,8,1,202,155,124,0,0,2,0,0,0
2044,1,0,1,1,1,100,0,0,0,0,0,0,0,0,0,0,0,0,0,0,0
2044,1,1,0,0,0,0,5999,0,0,0,6,0,440,1944,0,0,197,0,0,0,0
2044,1,1,0,0,0,5,5898,0,0,0,1,0,0,2003,0,0,0,0,0,0,0
2044,1,1,0,0,0,10,6081,0,0,0,0,0,118,2176,0,0,130,0,0,0,0
2044,1,1,0,0,0,15,5774,0,0,0,1,0,1391,3403,0,0,992,0,0,0,0
2044,1,1,0,0,0,20,5198,0,0,0,3,0,2550,4378,0,0,1927,0,0,0,0
2044,1,1,0,0,0,25,4642,0,0,0,3,0,2871,4466,0,0,2155,0,0,0,0
2044,1,1,0,0,0,30,3970,0,0,0,3,0,2611,3938,0,0,1919,0,0,0,0
2044,1,1,0,0,0,35,3202,0,0,0,0,0,2115,3191,0,0,1599,0,0,0,0
2044,1,1,0,0,0,40,2688,0,0,0,2,0,1724,2686,0,0,1240,0,0,0,0
2044,1,1,0,0,0,45,2206,0,0,0,1,0,1431,2205,0,0,1050,0,0,0,0
2044,1,1,0,0,0,50,1825,0,0,0,2,0,1173,1825,0,0,876,0,0,0,0
2044,1,1,0,0,0,55,1357,0,0,0,7,0,917,1357,0,0,658,0,0,0,0
2044,1,1,0,0,0,60,2302,0,0,0,28,0,891,1661,0,0,635,0,0,0,0
2044,1,1,0,0,0,100,9,0,0,0,2,0,0,0,0,0,0,0,0,0,0
2044,1,1,0,0,1,0,0,0,0,0,0,0,0,0,0,0,0,0,0,0,0
2044,1,1,0,0,1,5,0,0,0,0,0,0,0,0,0,0,0,0,0,0,0
2044,1,1,0,0,1,10,0,0,0,0,0,0,0,0,0,0,0,0,0,0,0
2044,1,1,0,0,1,15,0,0,0,0,0,0,0,0,0,0,0,0,0,0,0
2044,1,1,0,0,1,20,0,0,0,0,0,0,0,0,0,0,0,0,0,0,0
2044,1,1,0,0,1,25,0,0,0,0,0,0,0,0,0,0,0,0,0,0,0
2044,1,1,0,0,1,30,0,0,0,0,0,0,0,0,0,0,0,0,0,0,0
2044,1,1,0,0,1,35,0,0,0,0,0,0,0,0,0,0,0,0,0,0,0
2044,1,1,0,0,1,40,0,0,0,0,0,0,0,0,0,0,0,0,0,0,0
2044,1,1,0,0,1,45,0,0,0,0,0,0,0,0,0,0,0,0,0,0,0
2044,1,1,0,0,1,50,0,0,0,0,0,0,0,0,0,0,0,0,0,0,0
2044,1,1,0,0,1,55,0,0,0,0,0,0,0,0,0,0,0,0,0,0,0
2044,1,1,0,0,1,60,0,0,0,0,0,0,0,0,0,0,0,0,0,0,0
2044,1,1,0,0,1,100,0,0,0,0,0,0,0,0,0,0,0,0,0,0,0
2044,1,1,0,1,0,0,6,6,1,0,1,1,0,0,0,1,0,0,0,0,0
2044,1,1,0,1,0,5,11,11,0,0,0,0,2,5,5,1,0,0,0,0,0
2044,1,1,0,1,0,10,12,12,2,0,0,0,2,4,3,3,0,7,0,0,0
2044,1,1,0,1,0,15,101,101,23,0,1,1,26,72,28,20,0,13,0,0,0
2044,1,1,0,1,0,20,176,176,40,0,2,2,46,133,49,26,0,24,0,0,0
2044,1,1,0,1,0,25,180,180,33,0,1,1,66,169,95,54,0,12,0,0,0
2044,1,1,0,1,0,30,206,206,32,0,2,2,56,200,129,43,0,17,0,0,0
2044,1,1,0,1,0,35,162,162,34,0,3,3,33,156,88,13,0,9,0,0,0
2044,1,1,0,1,0,40,137,137,12,0,0,0,16,134,80,7,0,5,0,0,0
2044,1,1,0,1,0,45,176,176,17,0,0,0,25,166,104,16,0,4,0,0,0
2044,1,1,0,1,0,50,221,221,7,0,7,4,18,215,158,18,0,10,0,0,0
2044,1,1,0,1,0,55,199,199,10,0,5,5,21,195,147,17,0,5,0,0,0
2044,1,1,0,1,0,60,331,331,12,0,12,6,35,270,209,27,0,4,0,0,0
2044,1,1,0,1,0,100,0,0,0,0,1,0,0,0,0,0,0,0,0,0,0
2044,1,1,0,1,1,0,4,4,0,4,0,0,4,4,4,0,0,0,0,0,0
2044,1,1,0,1,1,5,9,9,0,9,0,0,9,9,9,0,0,0,0,0,0
2044,1,1,0,1,1,10,12,12,0,12,0,0,12,12,12,0,0,0,0,0,0
2044,1,1,0,1,1,15,75,75,0,75,0,0,75,63,55,0,0,2,0,0,0
2044,1,1,0,1,1,20,332,332,0,332,3,3,332,286,227,0,0,5,0,0,0
2044,1,1,0,1,1,25,736,736,0,736,3,3,736,662,502,0,0,4,0,0,0
2044,1,1,0,1,1,30,1129,1129,0,1129,1,1,1129,1076,836,0,0,4,0,0,0
2044,1,1,0,1,1,35,1437,1437,0,1437,2,2,1437,1359,1073,0,0,9,0,0,0
2044,1,1,0,1,1,40,1678,1678,0,1678,3,1,1678,1589,1182,0,0,11,0,0,0
2044,1,1,0,1,1,45,1758,1758,0,1758,4,1,1758,1682,1252,0,0,7,0,0,0
2044,1,1,0,1,1,50,1896,1896,0,1896,6,4,1896,1806,1368,0,0,10,0,0,0
2044,1,1,0,1,1,55,1746,1746,0,1746,12,2,1746,1659,1297,0,0,4,0,0,0
2044,1,1,0,1,1,60,3135,3135,0,3135,41,6,3135,2486,2036,0,0,7,0,0,0
2044,1,1,0,1,1,100,3,3,0,3,0,0,3,1,1,0,0,0,0,0,0
2044.5,1,0,0,0,0,0,6016,0,0,0,22,0,485,1954,0,0,219,0,0,0,0
2044.5,1,0,0,0,0,5,5791,0,0,0,2,0,0,1951,0,0,0,0,0,0,1
2044.5,1,0,0,0,0,10,5907,0,0,0,0,0,1,2022,0,0,2,0,0,0,3
2044.5,1,0,0,0,0,15,5645,0,0,0,2,0,471,2297,0,0,421,0,0,0,18
2044.5,1,0,0,0,0,20,5188,0,0,0,5,0,2032,3671,0,0,1555,0,0,0,23
2044.5,1,0,0,0,0,25,4644,0,0,0,9,0,2635,4137,0,0,1947,0,0,0,9
2044.5,1,0,0,0,0,30,4055,0,0,0,1,0,2506,3881,0,0,1838,0,0,0,1
2044.5,1,0,0,0,0,35,3530,0,0,0,4,0,2281,3469,0,0,1702,0,0,0,0
2044.5,1,0,0,0,0,40,2783,0,0,0,6,0,1844,2759,0,0,1360,0,0,0,0
2044.5,1,0,0,0,0,45,2346,0,0,0,10,0,1546,2337,0,0,1147,0,0,0,0
2044.5,1,0,0,0,0,50,1933,0,0,0,7,0,1262,1931,0,0,909,0,0,0,0
2044.5,1,0,0,0,0,55,1433,0,0,0,13,0,927,1432,0,0,678,0,0,0,0
2044.5,1,0,0,0,0,60,1913,0,0,0,57,0,1005,1526,0,0,737,0,0,0,0
2044.5,1,0,0,0,0,100,1,0,0,0,0,0,0,0,0,0,0,0,0,0,0
2044.5,1,0,0,0,1,0,0,0,0,0,0,0,0,0,0,0,0,0,0,0,0
2044.5,1,0,0,0,1,5,0,0,0,0,0,0,0,0,0,0,0,0,0,0,0
2044.5,1,0,0,0,1,10,0,0,0,0,0,0,0,0,0,0,0,0,0,0,0
2044.5,1,0,0,0,1,15,0,0,0,0,0,0,0,0,0,0,0,0,0,0,0
2044.5,1,0,0,0,1,20,0,0,0,0,0,0,0,0,0,0,0,0,0,0,0
2044.5,1,0,0,0,1,25,0,0,0,0,0,0,0,0,0,0,0,0,0,0,0
2044.5,1,0,0,0,1,30,0,0,0,0,0,0,0,0,0,0,0,0,0,0,0
2044.5,1,0,0,0,1,35,0,0,0,0,0,0,0,0,0,0,0,0,0,0,0
2044.5,1,0,0,0,1,40,0,0,0,0,0,0,0,0,0,0,0,0,0,0,0
2044.5,1,0,0,0,1,45,0,0,0,0,0,0,0,0,0,0,0,0,0,0,0
2044.5,1,0,0,0,1,50,0,0,0,0,0,0,0,0,0,0,0,0,0,0,0
2044.5,1,0,0,0,1,55,0,0,0,0,0,0,0,0,0,0,0,0,0,0,0
2044.5,1,0,0,0,1,60,0,0,0,0,0,0,0,0,0,0,0,0,0,0,0
2044.5,1,0,0,0,1,100,0,0,0,0,0,0,0,0,0,0,0,0,0,0,0
2044.5,1,0,0,1,0,0,14,14,2,0,2,2,0,1,1,0,0,0,0,0,0
2044.5,1,0,0,1,0,5,17,17,0,0,0,0,0,5,5,0,0,0,0,0,0
2044.5,1,0,0,1,0,10,14,14,0,0,1,1,0,3,3,0,0,0,0,0,0
2044.5,1,0,0,1,0,15,23,23,6,0,0,0,2,12,6,1,0,1,0,0,0
2044.5,1,0,0,1,0,20,66,66,12,0,2,2,10,40,18,9,0,8,0,0,2
2044.5,1,0,0,1,0,25,150,150,29,0,2,2,32,123,65,28,0,26,0,0,0
2044.5,1,0,0,1,0,30,203,203,22,0,1,1,52,177,124,42,0,33,0,0,0
2044.5,1,0,0,1,0,35,198,198,15,0,3,2,41,187,144,35,0,18,0,0,0
2044.5,1,0,0,1,0,40,178,178,19,0,3,2,45,172,130,30,0,12,0,0,0
2044.5,1,0,0,1,0,45,148,148,15,0,2,2,28,145,106,16,0,11,0,0,0
2044.5,1,0,0,1,0,50,114,114,8,0,1,0,17,112,85,16,0,8,0,0,0
2044.5,1,0,0,1,0,55,93,93,7,0,2,2,15,91,71,14,0,2,0,0,0
2044.5,1,0,0,1,0,60,184,184,17,0,4,2,19,136,97,10,0,9,0,0,0
2044.5,1,0,0,1,0,100,0,0,0,0,1,0,0,0,0,0,0,0,0,0,0
2044.5,1,0,0,1,1,0,8,8,0,8,1,1,8,8,8,0,0,0,0,0,0
2044.5,1,0,0,1,1,5,8,8,0,8,0,0,8,8,8,0,0,0,0,0,0
2044.5,1,0,0,1,1,10,11,11,0,11,1,1,11,11,11,0,0,0,0,0,0
2044.5,1,0,0,1,1,15,9,9,0,9,0,0,9,9,9,0,0,0,0,0,0
2044.5,1,0,0,1,1,20,60,60,0,60,0,0,60,60,60,0,0,4,0,0,0
2044.5,1,0,0,1,1,25,193,193,0,193,0,0,193,193,193,0,0,7,0,0,1
2044.5,1,0,0,1,1,30,353,353,0,353,0,0,353,351,347,0,0,16,0,0,2
2044.5,1,0,0,1,1,35,525,525,0,525,2,2,525,524,516,0,0,8,0,0,0
2044.5,1,0,0,1,1,40,636,636,0,636,1,1,636,635,615,0,0,8,0,0,0
2044.5,1,0,0,1,1,45,839,839,0,839,5,4,839,827,772,0,0,11,0,0,0
2044.5,1,0,0,1,1,50,1000,1000,0,1000,6,1,1000,996,882,0,0,7,0,0,0
2044.5,1,0,0,1,1,55,1001,1001,0,1001,15,3,1001,983,826,0,0,10,0,0,0
2044.5,1,0,0,1,1,60,1942,1942,0,1942,58,5,1942,1451,1213,0,0,9,0,0,0
2044.5,1,0,0,1,1,100,0,0,0,0,0,0,0,0,0,0,0,0,0,0,0
2044.5,1,0,1,0,0,0,0,0,0,0,0,0,0,0,0,0,0,0,0,0,0
2044.5,1,0,1,0,0,5,1,0,0,0,0,0,0,0,0,0,0,0,0,0,0
2044.5,1,0,1,0,0,10,27,0,0,0,0,0,0,13,0,0,0,0,0,0,0
2044.5,1,0,1,0,0,15,146,0,0,0,0,0,16,58,0,0,8,0,0,0,0
2044.5,1,0,1,0,0,20,389,0,0,0,0,0,167,283,0,0,123,0,0,0,0
2044.5,1,0,1,0,0,25,587,0,0,0,1,0,335,525,0,0,231,0,0,0,0
2044.5,1,0,1,0,0,30,566,0,0,0,1,0,346,542,0,0,258,0,0,0,0
2044.5,1,0,1,0,0,35,534,0,0,0,0,0,337,523,0,0,246,0,0,0,0
2044.5,1,0,1,0,0,40,430,0,0,0,0,0,274,427,0,0,210,0,0,0,0
2044.5,1,0,1,0,0,45,378,0,0,0,1,0,259,377,0,0,176,0,0,0,0
2044.5,1,0,1,0,0,50,328,0,0,0,1,0,218,328,0,0,159,0,0,0,0
2044.5,1,0,1,0,0,55,246,0,0,0,4,0,177,245,0,0,127,0,0,0,0
2044.5,1,0,1,0,0,60,339,0,0,0,7,0,169,256,0,0,129,0,0,0,0
2044.5,1,0,1,0,0,100,0,0,0,0,0,0,0,0,0,0,0,0,0,0,0
2044.5,1,0,1,0,1,0,0,0,0,0,0,0,0,0,0,0,0,0,0,0,0
2044.5,1,0,1,0,1,5,0,0,0,0,0,0,0,0,0,0,0,0,0,0,0
2044.5,1,0,1,0,1,10,0,0,0,0,0,0,0,0,0,0,0,0,0,0,0
2044.5,1,0,1,0,1,15,0,0,0,0,0,0,0,0,0,0,0,0,0,0,0
2044.5,1,0,1,0,1,20,0,0,0,0,0,0,0,0,0,0,0,0,0,0,0
2044.5,1,0,1,0,1,25,0,0,0,0,0,0,0,0,0,0,0,0,0,0,0
2044.5,1,0,1,0,1,30,0,0,0,0,0,0,0,0,0,0,0,0,0,0,0
2044.5,1,0,1,0,1,35,0,0,0,0,0,0,0,0,0,0,0,0,0,0,0
2044.5,1,0,1,0,1,40,0,0,0,0,0,0,0,0,0,0,0,0,0,0,0
2044.5,1,0,1,0,1,45,0,0,0,0,0,0,0,0,0,0,0,0,0,0,0
2044.5,1,0,1,0,1,50,0,0,0,0,0,0,0,0,0,0,0,0,0,0,0
2044.5,1,0,1,0,1,55,0,0,0,0,0,0,0,0,0,0,0,0,0,0,0
2044.5,1,0,1,0,1,60,0,0,0,0,0,0,0,0,0,0,0,0,0,0,0
2044.5,1,0,1,0,1,100,0,0,0,0,0,0,0,0,0,0,0,0,0,0,0
2044.5,1,0,1,1,0,0,0,0,0,0,0,0,0,0,0,0,0,0,0,0,0
2044.5,1,0,1,1,0,5,0,0,0,0,0,0,0,0,0,0,0,0,0,0,0
2044.5,1,0,1,1,0,10,0,0,0,0,0,0,0,0,0,0,0,0,0,0,0
2044.5,1,0,1,1,0,15,1,1,1,0,0,0,0,1,0,0,0,0,0,0,0
2044.5,1,0,1,1,0,20,5,5,2,0,0,0,1,4,2,0,0,2,0,0,0
2044.5,1,0,1,1,0,25,11,11,4,0,1,1,2,9,3,2,0,3,0,0,0
2044.5,1,0,1,1,0,30,18,18,1,0,0,0,5,16,9,2,0,6,0,0,0
2044.5,1,0,1,1,0,35,15,15,3,0,1,1,8,14,12,4,0,0,0,0,0
2044.5,1,0,1,1,0,40,12,12,1,0,0,0,3,12,11,2,0,0,0,0,0
2044.5,1,0,1,1,0,45,12,12,5,0,0,0,4,12,6,1,0,0,0,0,0
2044.5,1,0,1,1,0,50,11,11,2,0,0,0,3,11,5,0,0,0,0,0,0
2044.5,1,0,1,1,0,55,10,10,0,0,0,0,2,10,7,1,0,0,0,0,0
2044.5,1,0,1,1,0,60,24,24,1,0,0,0,2,16,13,3,0,1,0,0,0
2044.5,1,0,1,1,0,100,0,0,0,0,0,0,0,0,0,0,0,0,0,0,0
2044.5,1,0,1,1,1,0,0,0,0,0,0,0,0,0,0,0,0,0,0,0,0
2044.5,1,0,1,1,1,5,0,0,0,0,0,0,0,0,0,0,0,0,0,0,0
2044.5,1,0,1,1,1,10,0,0,0,0,0,0,0,0,0,0,0,0,0,0,0
2044.5,1,0,1,1,1,15,1,1,0,1,0,0,1,1,1,0,0,0,0,0,0
2044.5,1,0,1,1,1,20,1,1,0,1,0,0,1,1,1,0,0,0,0,0,0
2044.5,1,0,1,1,1,25,14,14,0,14,0,0,14,14,14,0,0,0,0,0,0
2044.5,1,0,1,1,1,30,39,39,0,39,1,1,39,39,39,0,0,0,0,0,0
2044.5,1,0,1,1,1,35,54,54,0,54,0,0,54,54,54,0,0,0,0,0,0
2044.5,1,0,1,1,1,40,58,58,0,58,0,0,58,58,57,0,0,1,0,0,0
2044.5,1,0,1,1,1,45,76,76,0,76,1,1,76,76,68,0,0,2,0,0,0
2044.5,1,0,1,1,1,50,78,78,0,78,1,0,78,77,63,0,0,1,0,0,0
2044.5,1,0,1,1,1,55,92,92,0,92,1,1,92,90,81,0,0,0,0,0,0
2044.5,1,0,1,1,1,60,203,203,0,203,5,0,203,158,127,0,0,1,0,0,0
2044.5,1,0,1,1,1,100,0,0,0,0,0,0,0,0,0,0,0,0,0,0,0
2044.5,1,1,0,0,0,0,6020,0,0,0,22,0,455,1981,0,0,229,0,0,0,0
2044.5,1,1,0,0,0,5,5893,0,0,0,1,0,0,1978,0,0,0,0,0,0,0
2044.5,1,1,0,0,0,10,6104,0,0,0,1,0,110,2149,0,0,124,0,0,0,0
2044.5,1,1,0,0,0,15,5758,0,0,0,1,0,1377,3417,0,0,1044,0,0,0,0
2044.5,1,1,0,0,0,20,5258,0,0,0,2,0,2552,4440,0,0,1988,0,0,0,0
2044.5,1,1,0,0,0,25,4604,0,0,0,0,0,2846,4440,0,0,2208,0,0,0,0
2044.5,1,1,0,0,0,30,4044,0,0,0,0,0,2709,4014,0,0,2016,0,0,0,0
2044.5,1,1,0,0,0,35,3257,0,0,0,4,0,2157,3248,0,0,1534,0,0,0,0
2044.5,1,1,0,0,0,40,2686,0,0,0,0,0,1765,2683,0,0,1302,0,0,0,0
2044.5,1,1,0,0,0,45,2237,0,0,0,8,0,1463,2236,0,0,1010,0,0,0,0
2044.5,1,1,0,0,0,50,1849,0,0,0,5,0,1202,1849,0,0,824,0,0,0,0
2044.5,1,1,0,0,0,55,1404,0,0,0,3,0,927,1404,0,0,645,0,0,0,0
2044.5,1,1,0,0,0,60,2375,0,0,0,33,0,964,1757,0,0,684,0,0,0,0
2044.5,1,1,0,0,0,100,10,0,0,0,0,0,0,0,0,0,0,0,0,0,0
2044.5,1,1,0,0,1,0,0,0,0,0,0,0,0,0,0,0,0,0,0,0,0
2044.5,1,1,0,0,1,5,0,0,0,0,0,0,0,0,0,0,0,0,0,0,0
2044.5,1,1,0,0,1,10,0,0,0,0,0,0,0,0,0,0,0,0,0,0,0
2044.5,1,1,0,0,1,15,0,0,0,0,0,0,0,0,0,0,0,0,0,0,0
2044.5,1,1,0,0,1,20,0,0,0,0,0,0,0,0,0,0,0,0,0,0,0
2044.5,1,1,0,0,1,25,0,0,0,0,0,0,0,0,0,0,0,0,0,0,0
2044.5,1,1,0,0,1,30,0,0,0,0,0,0,0,0,0,0,0,0,0,0,0
2044.5,1,1,0,0,1,35,0,0,0,0,0,0,0,0,0,0,0,0,0,0,0
2044.5,1,1,0,0,1,40,0,0,0,0,0,0,0,0,0,0,0,0,0,0,0
2044.5,1,1,0,0,1,45,0,0,0,0,0,0,0,0,0,0,0,0,0,0,0
2044.5,1,1,0,0,1,50,0,0,0,0,0,0,0,0,0,0,0,0,0,0,0
2044.5,1,1,0,0,1,55,0,0,0,0,0,0,0,0,0,0,0,0,0,0,0
2044.5,1,1,0,0,1,60,0,0,0,0,0,0,0,0,0,0,0,0,0,0,0
2044.5,1,1,0,0,1,100,0,0,0,0,0,0,0,0,0,0,0,0,0,0,0
2044.5,1,1,0,1,0,0,9,9,2,0,0,0,1,1,1,1,0,0,0,0,0
2044.5,1,1,0,1,0,5,6,6,0,0,0,0,0,2,2,0,0,0,0,0,0
2044.5,1,1,0,1,0,10,13,13,2,0,0,0,1,4,2,1,0,1,0,0,0
2044.5,1,1,0,1,0,15,85,85,24,0,1,1,22,58,21,16,0,18,0,0,0
2044.5,1,1,0,1,0,20,183,183,39,0,1,1,44,142,53,26,0,24,0,0,0
2044.5,1,1,0,1,0,25,184,184,42,0,1,1,52,170,85,39,0,13,0,0,0
2044.5,1,1,0,1,0,30,183,183,26,0,2,2,52,177,113,33,0,7,0,0,0
2044.5,1,1,0,1,0,35,172,172,30,0,1,1,38,167,83,15,0,9,0,0,0
2044.5,1,1,0,1,0,40,142,142,18,0,3,3,18,136,75,11,0,3,0,0,0
2044.5,1,1,0,1,0,45,194,194,15,0,2,1,28,186,103,17,0,9,0,0,0
2044.5,1,1,0,1,0,50,228,228,12,0,6,6,20,219,158,14,0,2,0,0,0
2044.5,1,1,0,1,0,55,201,201,6,0,4,4,21,196,155,15,0,2,0,0,0
2044.5,1,1,0,1,0,60,328,328,11,0,10,7,23,272,213,24,0,5,0,0,0
2044.5,1,1,0,1,0,100,0,0,0,0,0,0,0,0,0,0,0,0,0,0,0
2044.5,1,1,0,1,1,0,4,4,0,4,0,0,4,4,4,0,0,0,0,0,0
2044.5,1,1,0,1,1,5,9,9,0,9,0,0,9,9,9,0,0,0,0,0,0
2044.5,1,1,0,1,1,10,11,11,0,11,0,0,11,11,11,0,0,0,0,0,0
2044.5,1,1,0,1,1,15,93,93,0,93,1,1,93,79,67,0,0,2,0,0,0
2044.5,1,1,0,1,1,20,324,324,0,324,0,0,324,282,226,0,0,5,0,0,0
2044.5,1,1,0,1,1,25,731,731,0,731,0,0,731,653,495,0,0,7,0,0,0
2044.5,1,1,0,1,1,30,1101,1101,0,1101,3,2,1101,1050,816,0,0,12,0,0,0
2044.5,1,1,0,1,1,35,1435,1435,0,1435,5,2,1435,1362,1087,0,0,6,0,0,0
2044.5,1,1,0,1,1,40,1677,1677,0,1677,4,1,1677,1589,1182,0,0,11,0,0,0
2044.5,1,1,0,1,1,45,1746,1746,0,1746,5,2,1746,1667,1239,0,0,13,0,0,0
2044.5,1,1,0,1,1,50,1867,1867,0,1867,8,2,1867,1781,1356,0,0,10,0,0,0
2044.5,1,1,0,1,1,55,1772,1772,0,1772,6,2,1772,1690,1319,0,0,6,0,0,0
2044.5,1,1,0,1,1,60,3269,3269,0,3269,55,7,3269,2622,2134,0,0,5,0,0,0
2044.5,1,1,0,1,1,100,4,4,0,4,0,0,4,2,2,0,0,0,0,0,0
2045,1,0,0,0,0,0,6087,0,0,0,32,0,479,2004,0,0,223,0,0,0,0
2045,1,0,0,0,0,5,5732,0,0,0,4,0,0,1912,0,0,0,0,0,0,1
2045,1,0,0,0,0,10,5915,0,0,0,0,0,1,2004,0,0,1,0,0,0,4
2045,1,0,0,0,0,15,5695,0,0,0,0,0,452,2306,0,0,406,0,0,0,17
2045,1,0,0,0,0,20,5167,0,0,0,3,0,2037,3667,0,0,1462,0,0,0,38
2045,1,0,0,0,0,25,4650,0,0,0,4,0,2662,4154,0,0,1956,0,0,0,13
2045,1,0,0,0,0,30,4109,0,0,0,3,0,2536,3920,0,0,1792,0,0,0,4
2045,1,0,0,0,0,35,3537,0,0,0,4,0,2259,3473,0,0,1661,0,0,0,0
2045,1,0,0,0,0,40,2836,0,0,0,6,0,1917,2815,0,0,1423,0,0,0,0
2045,1,0,0,0,0,45,2354,0,0,0,7,0,1557,2344,0,0,1129,0,0,0,0
2045,1,0,0,0,0,50,1966,0,0,0,11,0,1293,1963,0,0,914,0,0,0,0
2045,1,0,0,0,0,55,1486,0,0,0,12,0,990,1486,0,0,696,0,0,0,0
2045,1,0,0,0,0,60,1944,0,0,0,64,0,1031,1586,0,0,689,0,0,0,0
2045,1,0,0,0,0,100,1,0,0,0,0,0,0,0,0,0,0,0,0,0,0
2045,1,0,0,0,1,0,0,0,0,0,0,0,0,0,0,0,0,0,0,0,0
2045,1,0,0,0,1,5,0,0,0,0,0,0,0,0,0,0,0,0,0,0,0
2045,1,0,0,0,1,10,0,0,0,0,0,0,0,0,0,0,0,0,0,0,0
2045,1,0,0,0,1,15,0,0,0,0,0,0,0,0,0,0,0,0,0,0,0
2045,1,0,0,0,1,20,0,0,0,0,0,0,0,0,0,0,0,0,0,0,0
2045,1,0,0,0,1,25,0,0,0,0,0,0,0,0,0,0,0,0,0,0,0
2045,1,0,0,0,1,30,0,0,0,0,0,0,0,0,0,0,0,0,0,0,0
2045,1,0,0,0,1,35,0,0,0,0,0,0,0,0,0,0,0,0,0,0,0
2045,1,0,0,0,1,40,0,0,0,0,0,0,0,0,0,0,0,0,0,0,0
2045,1,0,0,0,1,45,0,0,0,0,0,0,0,0,0,0,0,0,0,0,0
2045,1,0,0,0,1,50,0,0,0,0,0,0,0,0,0,0,0,0,0,0,0
2045,1,0,0,0,1,55,0,0,0,0,0,0,0,0,0,0,0,0,0,0,0
2045,1,0,0,0,1,60,0,0,0,0,0,0,0,0,0,0,0,0,0,0,0
2045,1,0,0,0,1,100,0,0,0,0,0,0,0,0,0,0,0,0,0,0,0
2045,1,0,0,1,0,0,18,18,3,0,1,1,0,2,2,0,0,0,0,0,0
2045,1,0,0,1,0,5,13,13,0,0,2,2,0,3,3,0,0,0,0,0,1
2045,1,0,0,1,0,10,12,12,0,0,0,0,0,2,2,0,0,0,0,0,0
2045,1,0,0,1,0,15,20,20,2,0,0,0,2,9,7,3,0,1,0,0,0
2045,1,0,0,1,0,20,68,68,10,0,0,0,6,37,11,8,0,11,0,0,0
2045,1,0,0,1,0,25,141,141,20,0,0,0,24,115,66,26,0,32,0,0,2
2045,1,0,0,1,0,30,183,183,21,0,3,3,49,165,124,38,0,32,0,0,1
2045,1,0,0,1,0,35,205,205,20,0,3,3,47,195,146,32,0,19,0,0,0
2045,1,0,0,1,0,40,187,187,16,0,2,2,43,181,146,36,0,18,0,0,0
2045,1,0,0,1,0,45,138,138,20,0,4,3,27,137,98,20,0,9,0,0,0
2045,1,0,0,1,0,50,125,125,21,0,0,0,21,125,88,16,0,8,0,0,0
2045,1,0,0,1,0,55,92,92,8,0,2,0,12,90,69,5,0,0,0,0,0
2045,1,0,0,1,0,60,218,218,14,0,6,3,24,161,116,19,0,8,0,0,0
2045,1,0,0,1,0,100,0,0,0,0,0,0,0,0,0,0,0,0,0,0,0
2045,1,0,0,1,1,0,7,7,0,7,0,0,7,7,7,0,0,0,0,0,0
2045,1,0,0,1,1,5,7,7,0,7,0,0,7,7,7,0,0,0,0,0,0
2045,1,0,0,1,1,10,10,10,0,10,0,0,10,10,10,0,0,0,0,0,0
2045,1,0,0,1,1,15,12,12,0,12,0,0,12,12,12,0,0,0,0,0,0
2045,1,0,0,1,1,20,54,54,0,54,0,0,54,54,54,0,0,1,0,0,0
2045,1,0,0,1,1,25,190,190,0,190,2,1,190,190,190,0,0,1,0,0,0
2045,1,0,0,1,1,30,369,369,0,369,1,1,369,367,363,0,0,14,0,0,0
2045,1,0,0,1,1,35,516,516,0,516,4,3,516,515,508,0,0,13,0,0,0
2045,1,0,0,1,1,40,629,629,0,629,9,4,629,628,610,0,0,12,0,0,0
2045,1,0,0,1,1,45,827,827,0,827,7,4,827,814,756,0,0,8,0,0,0
2045,1,0,0,1,1,50,1021,1021,0,1021,10,1,1021,1015,904,0,0,11,0,0,0
2045,1,0,0,1,1,55,995,995,0,995,4,4,995,981,822,0,0,2,0,0,0
2045,1,0,0,1,1,60,1965,1965,0,1965,62,5,1965,1505,1265,0,0,13,0,0,0
2045,1,0,0,1,1,100,0,0,0,0,0,0,0,0,0,0,0,0,0,0,0
2045,1,0,1,0,0,0,0,0,0,0,0,0,0,0,0,0,0,0,0,0,0
2045,1,0,1,0,0,5,1,0,0,0,0,0,0,0,0,0,0,0,0,0,0
2045,1,0,1,0,0,10,25,0,0,0,0,0,0,12,0,0,0,0,0,0,0
2045,1,0,1,0,0,15,148,0,0,0,0,0,14,62,0,0,17,0,0,0,0
2045,1,0,1,0,0,20,387,0,0,0,0,0,158,280,0,0,106,0,0,0,0
2045,1,0,1,0,0,25,583,0,0,0,0,0,329,520,0,0,245,0,0,0,0
2045,1,0,1,0,0,30,581,0,0,0,3,0,355,555,0,0,263,0,0,0,0
2045,1,0,1,0,0,35,541,0,0,0,0,0,358,531,0,0,240,0,0,0,0
2045,1,0,1,0,0,40,442,0,0,0,1,0,267,438,0,0,195,0,0,0,0
2045,1,0,1,0,0,45,370,0,0,0,3,0,255,369,0,0,176,0,0,0,0
2045,1,0,1,0,0,50,330,0,0,0,4,0,212,330,0,0,151,0,0,0,0
2045,1,0,1,0,0,55,255,0,0,0,1,0,176,254,0,0,133,0,0,0,0
2045,1,0,1,0,0,60,341,0,0,0,12,0,194,268,0,0,142,0,0,0,0
2045,1,0,1,0,0,100,1,0,0,0,0,0,0,0,0,0,0,0,0,0,0
2045,1,0,1,0,1,0,0,0,0,0,0,0,0,0,0,0,0,0,0,0,0
2045,1,0,1,0,1,5,0,0,0,0,0,0,0,0,0,0,0,0,0,0,0
2045,1,0,1,0,1,10,0,0,0,0,0,0,0,0,0,0,0,0,0,0,0
2045,1,0,1,0,1,15,0,0,0,0,0,0,0,0,0,0,0,0,0,0,0
2045,1,0,1,0,1,20,0,0,0,0,0,0,0,0,0,0,0,0,0,0,0
2045,1,0,1,0,1,25,0,0,0,0,0,0,0,0,0,0,0,0,0,0,0
2045,1,0,1,0,1,30,0,0,0,0,0,0,0,0,0,0,0,0,0,0,0
2045,1,0,1,0,1,35,0,0,0,0,0,0,0,0,0,0,0,0,0,0,0
2045,1,0,1,0,1,40,0,0,0,0,0,0,0,0,0,0,0,0,0,0,0
2045,1,0,1,0,1,45,0,0,0,0,0,0,0,0,0,0,0,0,0,0,0
2045,1,0,1,0,1,50,0,0,0,0,0,0,0,0,0,0,0,0,0,0,0
2045,1,0,1,0,1,55,0,0,0,0,0,0,0,0,0,0,0,0,0,0,0
2045,1,0,1,0,1,60,0,0,0,0,0,0,0,0,0,0,0,0,0,0,0
2045,1,0,1,0,1,100,0,0,0,0,0,0,0,0,0,0,0,0,0,0,0
2045,1,0,1,1,0,0,0,0,0,0,0,0,0,0,0,0,0,0,0,0,0
2045,1,0,1,1,0,5,1,1,0,0,0,0,0,0,0,0,0,0,0,0,0
2045,1,0,1,1,0,10,0,0,0,0,0,0,0,0,0,0,0,0,0,0,0
2045,1,0,1,1,0,15,1,1,0,0,0,0,0,1,0,0,0,0,0,0,0
2045,1,0,1,1,0,20,6,6,1,0,0,0,4,6,4,2,0,0,0,0,0
2045,1,0,1,1,0,25,11,11,2,0,0,0,4,9,5,4,0,2,0,0,0
2045,1,0,1,1,0,30,21,21,2,0,0,0,5,19,12,3,0,1,0,0,0
2045,1,0,1,1,0,35,17,17,1,0,0,0,3,17,15,3,0,4,0,0,0
2045,1,0,1,1,0,40,17,17,3,0,1,0,3,17,14,2,0,4,0,0,0
2045,1,0,1,1,0,45,12,12,3,0,0,0,5,12,10,6,0,0,0,0,0
2045,1,0,1,1,0,50,14,14,3,0,0,0,5,14,10,3,0,0,0,0,0
2045,1,0,1,1,0,55,6,6,1,0,1,0,0,6,3,0,0,0,0,0,0
2045,1,0,1,1,0,60,17,17,1,0,1,0,0,11,9,1,0,0,0,0,0
2045,1,0,1,1,0,100,0,0,0,0,0,0,0,0,0,0,0,0,0,0,0
2045,1,0,1,1,1,0,0,0,0,0,0,0,0,0,0,0,0,0,0,0,0
2045,1,0,1,1,1,5,0,0,0,0,0,0,0,0,0,0,0,0,0,0,0
2045,1,0,1,1,1,10,0,0,0,0,0,0,0,0,0,0,0,0,0,0,0
2045,1,0,1,1,1,15,1,1,0,1,0,0,1,1,1,0,0,0,0,0,0
2045,1,0,1,1,1,20,1,1,0,1,0,0,1,1,1,0,0,0,0,0,0
2045,1,0,1,1,1,25,14,14,0,14,0,0,14,14,14,0,0,0,0,0,0
2045,1,0,1,1,1,30,37,37,0,37,0,0,37,37,37,0,0,1,0,0,0
2045,1,0,1,1,1,35,56,56,0,56,0,0,56,56,56,0,0,4,0,0,0
2045,1,0,1,1,1,40,51,51,0,51,0,0,51,51,50,0,0,0,0,0,0
2045,1,0,1,1,1,45,74,74,0,74,0,0,74,74,67,0,0,1,0,0,0
2045,1,0,1,1,1,50,85,85,0,85,2,0,85,84,67,0,0,2,0,0,0
2045,1,0,1,1,1,55,89,89,0,89,2,1,89,87,77,0,0,0,0,0,0
2045,1,0,1,1,1,60,210,210,0,210,9,2,210,166,136,0,0,0,0,0,0
2045,1,0,1,1,1,100,0,0,0,0,0,0,0,0,0,0,0,0,0,0,0
2045,1,1,0,0,0,0,5994,0,0,0,12,0,465,1978,0,0,211,0,0,0,0
2045,1,1,0,0,0,5,5917,0,0,0,0,0,0,1988,0,0,0,0,0,0,0
2045,1,1,0,0,0,10,6128,0,0,0,2,0,118,2150,0,0,107,0,0,0,0
2045,1,1,0,0,0,15,5729,0,0,0,0,0,1385,3398,0,0,1129,0,0,0,0
2045,1,1,0,0,0,20,5313,0,0,0,2,0,2585,4493,0,0,1957,0,0,0,0
2045,1,1,0,0,0,25,4544,0,0,0,2,0,2794,4364,0,0,2114,0,0,0,0
2045,1,1,0,0,0,30,4141,0,0,0,3,0,2778,4114,0,0,2021,0,0,0,0
2045,1,1,0,0,0,35,3296,0,0,0,0,0,2131,3289,0,0,1556,0,0,0,0
2045,1,1,0,0,0,40,2698,0,0,0,1,0,1772,2695,0,0,1334,0,0,0,0
2045,1,1,0,0,0,45,2255,0,0,0,3,0,1440,2254,0,0,1064,0,0,0,0
2045,1,1,0,0,0,50,1888,0,0,0,5,0,1217,1888,0,0,882,0,0,0,0
2045,1,1,0,0,0,55,1444,0,0,0,9,0,979,1444,0,0,682,0,0,0,0
2045,1,1,0,0,0,60,2437,0,0,0,44,0,995,1843,0,0,714,0,0,0,0
2045,1,1,0,0,0,100,12,0,0,0,0,0,0,0,0,0,0,0,0,0,0
2045,1,1,0,0,1,0,0,0,0,0,0,0,0,0,0,0,0,0,0,0,0
2045,1,1,0,0,1,5,0,0,0,0,0,0,0,0,0,0,0,0,0,0,0
2045,1,1,0,0,1,10,0,0,0,0,0,0,0,0,0,0,0,0,0,0,0
2045,1,1,0,0,1,15,0,0,0,0,0,0,0,0,0,0,0,0,0,0,0
2045,1,1,0,0,1,20,0,0,0,0,0,0,0,0,0,0,0,0,0,0,0
2045,1,1,0,0,1,25,0,0,0,0,0,0,0,0,0,0,0,0,0,0,0
2045,1,1,0,0,1,30,0,0,0,0,0,0,0,0,0,0,0,0,0,0,0
2045,1,1,0,0,1,35,0,0,0,0,0,0,0,0,0,0,0,0,0,0,0
2045,1,1,0,0,1,40,0,0,0,0,0,0,0,0,0,0,0,0,0,0,0
2045,1,1,0,0,1,45,0,0,0,0,0,0,0,0,0,0,0,0,0,0,0
2045,1,1,0,0,1,50,0,0,0,0,0,0,0,0,0,0,0,0,0,0,0
2045,1,1,0,0,1,55,0,0,0,0,0,0,0,0,0,0,0,0,0,0,0
2045,1,1,0,0,1,60,0,0,0,0,0,0,0,0,0,0,0,0,0,0,0
2045,1,1,0,0,1,100,0,0,0,0,0,0,0,0,0,0,0,0,0,0,0
2045,1,1,0,1,0,0,10,10,3,0,0,0,1,1,1,0,0,0,0,0,0
2045,1,1,0,1,0,5,6,6,0,0,0,0,0,2,2,0,0,0,0,0,0
2045,1,1,0,1,0,10,16,16,5,0,2,2,5,9,8,5,0,0,0,0,0
2045,1,1,0,1,0,15,76,76,19,0,0,0,12,45,17,11,0,6,0,0,0
2045,1,1,0,1,0,20,201,201,44,0,0,0,59,156,70,40,0,26,0,0,0
2045,1,1,0,1,0,25,197,197,39,0,1,1,52,181,82,43,0,9,0,0,0
2045,1,1,0,1,0,30,196,196,44,0,0,0,62,191,118,42,0,19,0,0,0
2045,1,1,0,1,0,35,172,172,20,0,0,0,29,167,92,22,0,6,0,0,0
2045,1,1,0,1,0,40,127,127,18,0,0,0,18,120,73,13,0,6,0,0,0
2045,1,1,0,1,0,45,193,193,23,0,1,1,29,187,105,22,0,9,0,0,0
2045,1,1,0,1,0,50,226,226,6,0,6,5,19,216,153,19,0,9,0,0,0
2045,1,1,0,1,0,55,181,181,4,0,6,4,13,176,138,12,0,7,0,0,0
2045,1,1,0,1,0,60,365,365,10,0,7,4,25,302,230,28,0,6,0,0,0
2045,1,1,0,1,0,100,0,0,0,0,0,0,0,0,0,0,0,0,0,0,0
2045,1,1,0,1,1,0,4,4,0,4,0,0,4,4,4,0,0,0,0,0,0
2045,1,1,0,1,1,5,7,7,0,7,0,0,7,7,7,0,0,0,0,0,0
2045,1,1,0,1,1,10,10,10,0,10,0,0,10,10,10,0,0,0,0,0,0
2045,1,1,0,1,1,15,88,88,0,88,0,0,88,77,65,0,0,3,0,0,0
2045,1,1,0,1,1,20,321,321,0,321,0,0,321,282,219,0,0,2,0,0,0
2045,1,1,0,1,1,25,714,714,0,714,2,1,714,638,491,0,0,7,0,0,0
2045,1,1,0,1,1,30,1093,1093,0,1093,6,4,1093,1038,813,0,0,9,0,0,0
2045,1,1,0,1,1,35,1444,1444,0,1444,4,3,1444,1379,1084,0,0,6,0,0,0
2045,1,1,0,1,1,40,1646,1646,0,1646,0,0,1646,1553,1158,0,0,8,0,0,0
2045,1,1,0,1,1,45,1743,1743,0,1743,5,2,1743,1668,1230,0,0,8,0,0,0
2045,1,1,0,1,1,50,1874,1874,0,1874,12,4,1874,1786,1363,0,0,7,0,0,0
2045,1,1,0,1,1,55,1803,1803,0,1803,7,3,1803,1721,1333,0,0,7,0,0,0
2045,1,1,0,1,1,60,3374,3374,0,3374,51,7,3374,2746,2246,0,0,9,0,0,0
2045,1,1,0,1,1,100,4,4,0,4,0,0,4,2,2,0,0,0,0,0,0
2045.5,1,0,0,0,0,0,6075,0,0,0,21,0,477,2041,0,0,229,0,0,0,0
2045.5,1,0,0,0,0,5,5724,0,0,0,3,0,0,1896,0,0,0,0,0,0,0
2045.5,1,0,0,0,0,10,5928,0,0,0,1,0,1,2000,0,0,0,0,0,0,6
2045.5,1,0,0,0,0,15,5683,0,0,0,4,0,463,2298,0,0,442,0,0,0,22
2045.5,1,0,0,0,0,20,5159,0,0,0,1,0,2020,3671,0,0,1575,0,0,0,36
2045.5,1,0,0,0,0,25,4671,0,0,0,2,0,2608,4157,0,0,1878,0,0,0,14
2045.5,1,0,0,0,0,30,4131,0,0,0,3,0,2518,3941,0,0,1882,0,0,0,2
2045.5,1,0,0,0,0,35,3558,0,0,0,5,0,2319,3493,0,0,1679,0,0,0,0
2045.5,1,0,0,0,0,40,2902,0,0,0,9,0,1952,2884,0,0,1407,0,0,0,0
2045.5,1,0,0,0,0,45,2375,0,0,0,9,0,1578,2363,0,0,1089,0,0,0,0
2045.5,1,0,0,0,0,50,1962,0,0,0,14,0,1280,1959,0,0,942,0,0,0,0
2045.5,1,0,0,0,0,55,1534,0,0,0,12,0,1002,1534,0,0,723,0,0,0,0
2045.5,1,0,0,0,0,60,1988,0,0,0,52,0,1076,1651,0,0,753,0,0,0,0
2045.5,1,0,0,0,0,100,1,0,0,0,0,0,0,0,0,0,0,0,0,0,0
2045.5,1,0,0,0,1,0,0,0,0,0,0,0,0,0,0,0,0,0,0,0,0
2045.5,1,0,0,0,1,5,0,0,0,0,0,0,0,0,0,0,0,0,0,0,0
2045.5,1,0,0,0,1,10,0,0,0,0,0,0,0,0,0,0,0,0,0,0,0
2045.5,1,0,0,0,1,15,0,0,0,0,0,0,0,0,0,0,0,0,0,0,0
2045.5,1,0,0,0,1,20,0,0,0,0,0,0,0,0,0,0,0,0,0,0,0
2045.5,1,0,0,0,1,25,0,0,0,0,0,0,0,0,0,0,0,0,0,0,0
2045.5,1,0,0,0,1,30,0,0,0,0,0,0,0,0,0,0,0,0,0,0,0
2045.5,1,0,0,0,1,35,0,0,0,0,0,0,0,0,0,0,0,0,0,0,0
2045.5,1,0,0,0,1,40,0,0,0,0,0,0,0,0,0,0,0,0,0,0,0
2045.5,1,0,0,0,1,45,0,0,0,0,0,0,0,0,0,0,0,0,0,0,0
2045.5,1,0,0,0,1,50,0,0,0,0,0,0,0,0,0,0,0,0,0,0,0
2045.5,1,0,0,0,1,55,0,0,0,0,0,0,0,0,0,0,0,0,0,0,0
2045.5,1,0,0,0,1,60,0,0,0,0,0,0,0,0,0,0,0,0,0,0,0
2045.5,1,0,0,0,1,100,0,0,0,0,0,0,0,0,0,0,0,0,0,0,0
2045.5,1,0,0,1,0,0,21,21,4,0,3,3,2,5,5,2,0,0,0,0,0
2045.5,1,0,0,1,0,5,14,14,0,0,0,0,1,4,4,1,0,0,0,0,0
2045.5,1,0,0,1,0,10,10,10,0,0,1,1,0,2,2,0,0,0,0,0,0
2045.5,1,0,0,1,0,15,17,17,2,0,1,1,1,7,5,2,0,4,0,0,0
2045.5,1,0,0,1,0,20,69,69,14,0,1,1,9,42,12,8,0,9,0,0,0
2045.5,1,0,0,1,0,25,153,153,28,0,1,1,42,127,78,25,0,18,0,0,1
2045.5,1,0,0,1,0,30,195,195,23,0,1,1,43,184,128,25,0,22,0,0,0
2045.5,1,0,0,1,0,35,197,197,21,0,4,3,39,187,143,29,0,17,0,0,0
2045.5,1,0,0,1,0,40,195,195,26,0,5,5,47,191,151,35,0,13,0,0,0
2045.5,1,0,0,1,0,45,136,136,16,0,4,4,33,135,100,20,0,10,0,0,0
2045.5,1,0,0,1,0,50,120,120,13,0,4,3,14,119,87,10,0,4,0,0,0
2045.5,1,0,0,1,0,55,101,101,14,0,1,0,12,99,76,5,0,1,0,0,0
2045.5,1,0,0,1,0,60,207,207,16,0,10,3,27,156,108,23,0,7,0,0,0
2045.5,1,0,0,1,0,100,0,0,0,0,0,0,0,0,0,0,0,0,0,0,0
2045.5,1,0,0,1,1,0,4,4,0,4,0,0,4,4,4,0,0,0,0,0,0
2045.5,1,0,0,1,1,5,7,7,0,7,0,0,7,7,7,0,0,0,0,0,0
2045.5,1,0,0,1,1,10,9,9,0,9,0,0,9,9,9,0,0,0,0,0,0
2045.5,1,0,0,1,1,15,15,15,0,15,0,0,15,15,15,0,0,1,0,0,0
2045.5,1,0,0,1,1,20,45,45,0,45,0,0,45,45,45,0,0,0,0,0,0
2045.5,1,0,0,1,1,25,178,178,0,178,1,1,178,178,178,0,0,12,0,0,0
2045.5,1,0,0,1,1,30,363,363,0,363,2,1,363,362,359,0,0,9,0,0,0
2045.5,1,0,0,1,1,35,507,507,0,507,4,3,507,505,496,0,0,8,0,0,0
2045.5,1,0,0,1,1,40,640,640,0,640,1,0,640,639,618,0,0,15,0,0,0
2045.5,1,0,0,1,1,45,826,826,0,826,4,2,826,815,755,0,0,16,0,0,0
2045.5,1,0,0,1,1,50,981,981,0,981,12,5,981,975,862,0,0,5,0,0,0
2045.5,1,0,0,1,1,55,1014,1014,0,1014,14,3,1014,1000,838,0,0,5,0,0,0
2045.5,1,0,0,1,1,60,2042,2042,0,2042,53,3,2042,1607,1356,0,0,15,0,0,0
2045.5,1,0,0,1,1,100,0,0,0,0,0,0,0,0,0,0,0,0,0,0,0
2045.5,1,0,1,0,0,0,0,0,0,0,0,0,0,0,0,0,0,0,0,0,0
2045.5,1,0,1,0,0,5,0,0,0,0,0,0,0,0,0,0,0,0,0,0,0
2045.5,1,0,1,0,0,10,23,0,0,0,0,0,0,7,0,0,0,0,0,0,0
2045.5,1,0,1,0,0,15,158,0,0,0,0,0,23,79,0,0,18,0,0,0,0
2045.5,1,0,1,0,0,20,393,0,0,0,0,0,155,283,0,0,121,0,0,0,0
2045.5,1,0,1,0,0,25,576,0,0,0,2,0,306,514,0,0,238,0,0,0,0
2045.5,1,0,1,0,0,30,595,0,0,0,1,0,380,565,0,0,277,0,0,0,0
2045.5,1,0,1,0,0,35,533,0,0,0,1,0,362,525,0,0,272,0,0,0,0
2045.5,1,0,1,0,0,40,450,0,0,0,0,0,283,448,0,0,221,0,0,0,0
2045.5,1,0,1,0,0,45,367,0,0,0,1,0,255,365,0,0,182,0,0,0,0
2045.5,1,0,1,0,0,50,337,0,0,0,2,0,232,337,0,0,172,0,0,0,0
2045.5,1,0,1,0,0,55,259,0,0,0,3,0,169,258,0,0,122,0,0,0,0
2045.5,1,0,1,0,0,60,364,0,0,0,6,0,202,294,0,0,137,0,0,0,0
2045.5,1,0,1,0,0,100,1,0,0,0,0,0,0,0,0,0,0,0,0,0,0
2045.5,1,0,1,0,1,0,0,0,0,0,0,0,0,0,0,0,0,0,0,0,0
2045.5,1,0,1,0,1,5,0,0,0,0,0,0,0,0,0,0,0,0,0,0,0
2045.5,1,0,1,0,1,10,0,0,0,0,0,0,0,0,0,0,0,0,0,0,0
2045.5,1,0,1,0,1,15,0,0,0,0,0,0,0,0,0,0,0,0,0,0,0
2045.5,1,0,1,0,1,20,0,0,0,0,0,0,0,0,0,0,0,0,0,0,0
2045.5,1,0,1,0,1,25,0,0,0,0,0,0,0,0,0,0,0,0,0,0,0
2045.5,1,0,1,0,1,30,0,0,0,0,0,0,0,0,0,0,0,0,0,0,0
2045.5,1,0,1,0,1,35,0,0,0,0,0,0,0,0,0,0,0,0,0,0,0
2045.5,1,0,1,0,1,40,0,0,0,0,0,0,0,0,0,0,0,0,0,0,0
2045.5,1,0,1,0,1,45,0,0,0,0,0,0,0,0,0,0,0,0,0,0,0
2045.5,1,0,1,0,1,50,0,0,0,0,0,0,0,0,0,0,0,0,0,0,0
2045.5,1,0,1,0,1,55,0,0,0,0,0,0,0,0,0,0,0,0,0,0,0
2045.5,1,0,1,0,1,60,0,0,0,0,0,0,0,0,0,0,0,0,0,0,0
2045.5,1,0,1,0,1,100,0,0,0,0,0,0,0,0,0,0,0,0,0,0,0
2045.5,1,0,1,1,0,0,0,0,0,0,0,0,0,0,0,0,0,0,0,0,0
2045.5,1,0,1,1,0,5,1,1,0,0,0,0,0,0,0,0,0,0,0,0,0
2045.5,1,0,1,1,0,10,0,0,0,0,0,0,0,0,0,0,0,0,0,0,0
2045.5,1,0,1,1,0,15,2,2,1,0,0,0,0,1,0,0,0,0,0,0,0
2045.5,1,0,1,1,0,20,4,4,1,0,0,0,2,4,3,3,0,2,0,0,0
2045.5,1,0,1,1,0,25,10,10,2,0,0,0,4,9,3,1,0,2,0,0,0
2045.5,1,0,1,1,0,30,19,19,2,0,0,0,5,16,12,7,0,6,0,0,0
2045.5,1,0,1,1,0,35,20,20,4,0,0,0,4,20,16,1,0,2,0,0,0
2045.5,1,0,1,1,0,40,14,14,2,0,0,0,3,14,10,2,0,0,0,0,0
2045.5,1,0,1,1,0,45,14,14,1,0,0,0,3,14,12,0,0,2,0,0,0
2045.5,1,0,1,1,0,50,10,10,1,0,0,0,3,10,9,2,0,2,0,0,0
2045.5,1,0,1,1,0,55,6,6,1,0,0,0,1,6,4,1,0,0,0,0,0
2045.5,1,0,1,1,0,60,23,23,2,0,0,0,2,17,12,0,0,0,0,0,0
2045.5,1,0,1,1,0,100,0,0,0,0,0,0,0,0,0,0,0,0,0,0,0
2045.5,1,0,1,1,1,0,0,0,0,0,0,0,0,0,0,0,0,0,0,0,0
2045.5,1,0,1,1,1,5,0,0,0,0,0,0,0,0,0,0,0,0,0,0,0
2045.5,1,0,1,1,1,10,0,0,0,0,0,0,0,0,0,0,0,0,0,0,0
2045.5,1,0,1,1,1,15,0,0,0,0,0,0,0,0,0,0,0,0,0,0,0
2045.5,1,0,1,1,1,20,4,4,0,4,0,0,4,4,4,0,0,1,0,0,0
2045.5,1,0,1,1,1,25,17,17,0,17,0,0,17,17,17,0,0,1,0,0,0
2045.5,1,0,1,1,1,30,38,38,0,38,0,0,38,38,38,0,0,3,0,0,0
2045.5,1,0,1,1,1,35,54,54,0,54,1,1,54,54,53,0,0,1,0,0,0
2045.5,1,0,1,1,1,40,51,51,0,51,0,0,51,51,50,0,0,1,0,0,0
2045.5,1,0,1,1,1,45,76,76,0,76,0,0,76,76,68,0,0,1,0,0,0
2045.5,1,0,1,1,1,50,88,88,0,88,0,0,88,87,69,0,0,1,0,0,0
2045.5,1,0,1,1,1,55,88,88,0,88,0,0,88,86,73,0,0,0,0,0,0
2045.5,1,0,1,1,1,60,215,215,0,215,6,0,215,172,143,0,0,2,0,0,0
2045.5,1,0,1,1,1,100,0,0,0,0,0,0,0,0,0,0,0,0,0,0,0
2045.5,1,1,0,0,0,0,6046,0,0,0,7,0,466,1980,0,0,219,0,0,0,0
2045.5,1,1,0,0,0,5,5888,0,0,0,0,0,0,2022,0,0,0,0,0,0,0
2045.5,1,1,0,0,0,10,6146,0,0,0,0,0,115,2140,0,0,116,0,0,0,0
2045.5,1,1,0,0,0,15,5693,0,0,0,3,0,1370,3342,0,0,1028,0,0,0,0
2045.5,1,1,0,0,0,20,5311,0,0,0,3,0,2510,4472,0,0,1924,0,0,0,0
2045.5,1,1,0,0,0,25,4597,0,0,0,0,0,2833,4407,0,0,2155,0,0,0,0
2045.5,1,1,0,0,0,30,4191,0,0,0,3,0,2768,4164,0,0,2114,0,0,0,0
2045.5,1,1,0,0,0,35,3321,0,0,0,3,0,2225,3314,0,0,1723,0,0,0,0
2045.5,1,1,0,0,0,40,2734,0,0,0,1,0,1768,2732,0,0,1239,0,0,0,0
2045.5,1,1,0,0,0,45,2304,0,0,0,3,0,1495,2303,0,0,1091,0,0,0,0
2045.5,1,1,0,0,0,50,1909,0,0,0,3,0,1253,1909,0,0,918,0,0,0,0
2045.5,1,1,0,0,0,55,1454,0,0,0,6,0,986,1454,0,0,674,0,0,0,0
2045.5,1,1,0,0,0,60,2525,0,0,0,47,0,1063,1959,0,0,715,0,0,0,0
2045.5,1,1,0,0,0,100,12,0,0,0,1,0,0,0,0,0,0,0,0,0,0
2045.5,1,1,0,0,1,0,0,0,0,0,0,0,0,0,0,0,0,0,0,0,0
2045.5,1,1,0,0,1,5,0,0,0,0,0,0,0,0,0,0,0,0,0,0,0
2045.5,1,1,0,0,1,10,0,0,0,0,0,0,0,0,0,0,0,0,0,0,0
2045.5,1,1,0,0,1,15,0,0,0,0,0,0,0,0,0,0,0,0,0,0,0
2045.5,1,1,0,0,1,20,0,0,0,0,0,0,0,0,0,0,0,0,0,0,0
2045.5,1,1,0,0,1,25,0,0,0,0,0,0,0,0,0,0,0,0,0,0,0
2045.5,1,1,0,0,1,30,0,0,0,0,0,0,0,0,0,0,0,0,0,0,0
2045.5,1,1,0,0,1,35,0,0,0,0,0,0,0,0,0,0,0,0,0,0,0
2045.5,1,1,0,0,1,40,0,0,0,0,0,0,0,0,0,0,0,0,0,0,0
2045.5,1,1,0,0,1,45,0,0,0,0,0,0,0,0,0,0,0,0,0,0,0
2045.5,1,1,0,0,1,50,0,0,0,0,0,0,0,0,0,0,0,0,0,0,0
2045.5,1,1,0,0,1,55,0,0,0,0,0,0,0,0,0,0,0,0,0,0,0
2045.5,1,1,0,0,1,60,0,0,0,0,0,0,0,0,0,0,0,0,0,0,0
2045.5,1,1,0,0,1,100,0,0,0,0,0,0,0,0,0,0,0,0,0,0,0
2045.5,1,1,0,1,0,0,12,12,3,0,3,3,1,3,3,1,0,0,0,0,0
2045.5,1,1,0,1,0,5,6,6,0,0,0,0,0,2,2,0,0,0,0,0,0
2045.5,1,1,0,1,0,10,14,14,6,0,4,4,1,5,4,3,0,0,0,0,0
2045.5,1,1,0,1,0,15,84,84,28,0,1,1,14,47,17,9,0,18,0,0,0
2045.5,1,1,0,1,0,20,179,179,39,0,1,1,44,137,53,27,0,29,0,0,0
2045.5,1,1,0,1,0,25,189,189,31,0,0,0,53,171,85,41,0,9,0,0,0
2045.5,1,1,0,1,0,30,204,204,41,0,1,1,50,200,114,31,0,10,0,0,0
2045.5,1,1,0,1,0,35,167,167,23,0,0,0,37,158,93,16,0,12,0,0,0
2045.5,1,1,0,1,0,40,133,133,14,0,1,1,21,124,77,8,0,5,0,0,0
2045.5,1,1,0,1,0,45,182,182,9,0,2,2,29,177,99,18,0,8,0,0,0
2045.5,1,1,0,1,0,50,218,218,10,0,0,0,25,206,150,22,0,7,0,0,0
2045.5,1,1,0,1,0,55,192,192,8,0,4,3,15,183,142,19,0,5,0,0,0
2045.5,1,1,0,1,0,60,393,393,9,0,8,4,28,319,249,20,0,5,0,0,0
2045.5,1,1,0,1,0,100,0,0,0,0,0,0,0,0,0,0,0,0,0,0,0
2045.5,1,1,0,1,1,0,3,3,0,3,0,0,3,3,3,0,0,0,0,0,0
2045.5,1,1,0,1,1,5,6,6,0,6,0,0,6,6,6,0,0,0,0,0,0
2045.5,1,1,0,1,1,10,11,11,0,11,0,0,11,11,11,0,0,0,0,0,0
2045.5,1,1,0,1,1,15,77,77,0,77,0,0,77,73,63,0,0,2,0,0,0
2045.5,1,1,0,1,1,20,333,333,0,333,2,1,333,284,222,0,0,8,0,0,0
2045.5,1,1,0,1,1,25,711,711,0,711,1,1,711,641,485,0,0,5,0,0,0
2045.5,1,1,0,1,1,30,1085,1085,0,1085,3,1,1085,1021,795,0,0,10,0,0,0
2045.5,1,1,0,1,1,35,1453,1453,0,1453,1,0,1453,1394,1083,0,0,12,0,0,0
2045.5,1,1,0,1,1,40,1609,1609,0,1609,0,0,1609,1525,1138,0,0,9,0,0,0
2045.5,1,1,0,1,1,45,1776,1776,0,1776,6,2,1776,1700,1263,0,0,9,0,0,0
2045.5,1,1,0,1,1,50,1850,1850,0,1850,8,4,1850,1768,1336,0,0,4,0,0,0
2045.5,1,1,0,1,1,55,1836,1836,0,1836,7,3,1836,1757,1362,0,0,13,0,0,0
2045.5,1,1,0,1,1,60,3488,3488,0,3488,53,8,3488,2876,2345,0,0,10,0,0,0
2045.5,1,1,0,1,1,100,5,5,0,5,0,0,5,2,2,0,0,0,0,0,0
2046,1,0,0,0,0,0,6058,0,0,0,20,0,482,2026,0,0,226,0,0,0,0
2046,1,0,0,0,0,5,5751,0,0,0,1,0,0,1926,0,0,0,0,0,0,1
2046,1,0,0,0,0,10,5964,0,0,0,1,0,2,2023,0,0,2,0,0,0,5
2046,1,0,0,0,0,15,5652,0,0,0,7,0,429,2233,0,0,379,0,0,0,14
2046,1,0,0,0,0,20,5199,0,0,0,2,0,2051,3710,0,0,1540,0,0,0,28
2046,1,0,0,0,0,25,4682,0,0,0,5,0,2619,4152,0,0,1964,0,0,0,15
2046,1,0,0,0,0,30,4141,0,0,0,1,0,2548,3954,0,0,1862,0,0,0,1
2046,1,0,0,0,0,35,3594,0,0,0,6,0,2358,3528,0,0,1703,0,0,0,0
2046,1,0,0,0,0,40,2916,0,0,0,4,0,1943,2898,0,0,1412,0,0,0,0
2046,1,0,0,0,0,45,2401,0,0,0,6,0,1556,2392,0,0,1126,0,0,0,0
2046,1,0,0,0,0,50,1994,0,0,0,14,0,1298,1991,0,0,921,0,0,0,0
2046,1,0,0,0,0,55,1535,0,0,0,14,0,1004,1535,0,0,739,0,0,0,0
2046,1,0,0,0,0,60,2055,0,0,0,57,0,1109,1733,0,0,780,0,0,0,0
2046,1,0,0,0,0,100,1,0,0,0,0,0,0,0,0,0,0,0,0,0,0
2046,1,0,0,0,1,0,0,0,0,0,0,0,0,0,0,0,0,0,0,0,0
2046,1,0,0,0,1,5,0,0,0,0,0,0,0,0,0,0,0,0,0,0,0
2046,1,0,0,0,1,10,0,0,0,0,0,0,0,0,0,0,0,0,0,0,0
2046,1,0,0,0,1,15,0,0,0,0,0,0,0,0,0,0,0,0,0,0,0
2046,1,0,0,0,1,20,0,0,0,0,0,0,0,0,0,0,0,0,0,0,0
2046,1,0,0,0,1,25,0,0,0,0,0,0,0,0,0,0,0,0,0,0,0
2046,1,0,0,0,1,30,0,0,0,0,0,0,0,0,0,0,0,0,0,0,0
2046,1,0,0,0,1,35,0,0,0,0,0,0,0,0,0,0,0,0,0,0,0
2046,1,0,0,0,1,40,0,0,0,0,0,0,0,0,0,0,0,0,0,0,0
2046,1,0,0,0,1,45,0,0,0,0,0,0,0,0,0,0,0,0,0,0,0
2046,1,0,0,0,1,50,0,0,0,0,0,0,0,0,0,0,0,0,0,0,0
2046,1,0,0,0,1,55,0,0,0,0,0,0,0,0,0,0,0,0,0,0,0
2046,1,0,0,0,1,60,0,0,0,0,0,0,0,0,0,0,0,0,0,0,0
2046,1,0,0,0,1,100,0,0,0,0,0,0,0,0,0,0,0,0,0,0,0
2046,1,0,0,1,0,0,21,21,4,0,1,1,4,6,6,4,0,0,0,0,0
2046,1,0,0,1,0,5,14,14,0,0,0,0,1,4,4,0,0,0,0,0,0
2046,1,0,0,1,0,10,11,11,0,0,0,0,0,2,2,0,0,0,0,0,0
2046,1,0,0,1,0,15,18,18,3,0,0,0,0,7,4,0,0,1,0,0,0
2046,1,0,0,1,0,20,67,67,15,0,0,0,10,38,12,14,0,10,0,0,0
2046,1,0,0,1,0,25,143,143,20,0,0,0,43,121,76,32,0,25,0,0,2
2046,1,0,0,1,0,30,193,193,24,0,2,1,42,183,134,31,0,30,0,0,0
2046,1,0,0,1,0,35,199,199,19,0,5,5,38,188,140,34,0,28,0,0,0
2046,1,0,0,1,0,40,201,201,27,0,5,5,54,197,153,31,0,15,0,0,0
2046,1,0,0,1,0,45,147,147,17,0,2,1,35,144,105,16,0,10,0,0,0
2046,1,0,0,1,0,50,114,114,17,0,1,0,16,113,85,16,0,9,0,0,0
2046,1,0,0,1,0,55,103,103,10,0,0,0,12,102,71,9,0,2,0,0,0
2046,1,0,0,1,0,60,202,202,24,0,10,5,24,154,104,19,0,5,0,0,0
2046,1,0,0,1,0,100,0,0,0,0,0,0,0,0,0,0,0,0,0,0,0
2046,1,0,0,1,1,0,3,3,0,3,0,0,3,3,3,0,0,0,0,0,0
2046,1,0,0,1,1,5,9,9,0,9,0,0,9,9,9,0,0,0,0,0,0
2046,1,0,0,1,1,10,7,7,0,7,0,0,7,7,7,0,0,0,0,0,0
2046,1,0,0,1,1,15,15,15,0,15,0,0,15,15,15,0,0,0,0,0,0
2046,1,0,0,1,1,20,48,48,0,48,0,0,48,48,48,0,0,0,0,0,0
2046,1,0,0,1,1,25,171,171,0,171,2,1,171,171,171,0,0,7,0,0,2
2046,1,0,0,1,1,30,363,363,0,363,1,1,363,362,359,0,0,10,0,0,0
2046,1,0,0,1,1,35,511,511,0,511,4,3,511,509,502,0,0,12,0,0,0
2046,1,0,0,1,1,40,638,638,0,638,7,4,638,637,617,0,0,16,0,0,0
2046,1,0,0,1,1,45,790,790,0,790,8,4,790,779,725,0,0,8,0,0,0
2046,1,0,0,1,1,50,1005,1005,0,1005,6,0,1005,999,875,0,0,8,0,0,0
2046,1,0,0,1,1,55,1012,1012,0,1012,14,2,1012,1000,845,0,0,6,0,0,0
2046,1,0,0,1,1,60,2111,2111,0,2111,60,4,2111,1696,1422,0,0,18,0,0,0
2046,1,0,0,1,1,100,1,1,0,1,0,0,1,0,0,0,0,0,0,0,0
2046,1,0,1,0,0,0,0,0,0,0,0,0,0,0,0,0,0,0,0,0,0
2046,1,0,1,0,0,5,1,0,0,0,0,0,0,0,0,0,0,0,0,0,0
2046,1,0,1,0,0,10,20,0,0,0,0,0,0,5,0,0,0,0,0,0,0
2046,1,0,1,0,0,15,147,0,0,0,0,0,20,74,0,0,18,0,0,0,0
2046,1,0,1,0,0,20,413,0,0,0,0,0,177,300,0,0,133,0,0,0,0
2046,1,0,1,0,0,25,571,0,0,0,0,0,313,509,0,0,240,0,0,0,0
2046,1,0,1,0,0,30,599,0,0,0,1,0,370,567,0,0,277,0,0,0,0
2046,1,0,1,0,0,35,548,0,0,0,1,0,363,540,0,0,274,0,0,0,0
2046,1,0,1,0,0,40,439,0,0,0,1,0,298,437,0,0,222,0,0,0,0
2046,1,0,1,0,0,45,371,0,0,0,3,0,256,369,0,0,199,0,0,0,0
2046,1,0,1,0,0,50,349,0,0,0,2,0,235,349,0,0,167,0,0,0,0
2046,1,0,1,0,0,55,262,0,0,0,2,0,165,261,0,0,123,0,0,0,0
2046,1,0,1,0,0,60,371,0,0,0,7,0,199,309,0,0,135,0,0,0,0
2046,1,0,1,0,0,100,0,0,0,0,1,0,0,0,0,0,0,0,0,0,0
2046,1,0,1,0,1,0,0,0,0,0,0,0,0,0,0,0,0,0,0,0,0
2046,1,0,1,0,1,5,0,0,0,0,0,0,0,0,0,0,0,0,0,0,0
2046,1,0,1,0,1,10,0,0,0,0,0,0,0,0,0,0,0,0,0,0,0
2046,1,0,1,0,1,15,0,0,0,0,0,0,0,0,0,0,0,0,0,0,0
2046,1,0,1,0,1,20,0,0,0,0,0,0,0,0,0,0,0,0,0,0,0
2046,1,0,1,0,1,25,0,0,0,0,0,0,0,0,0,0,0,0,0,0,0
2046,1,0,1,0,1,30,0,0,0,0,0,0,0,0,0,0,0,0,0,0,0
2046,1,0,1,0,1,35,0,0,0,0,0,0,0,0,0,0,0,0,0,0,0
2046,1,0,1,0,1,40,0,0,0,0,0,0,0,0,0,0,0,0,0,0,0
2046,1,0,1,0,1,45,0,0,0,0,0,0,0,0,0,0,0,0,0,0,0
2046,1,0,1,0,1,50,0,0,0,0,0,0,0,0,0,0,0,0,0,0,0
2046,1,0,1,0,1,55,0,0,0,0,0,0,0,0,0,0,0,0,0,0,0
2046,1,0,1,0,1,60,0,0,0,0,0,0,0,0,0,0,0,0,0,0,0
2046,1,0,1,0,1,100,0,0,0,0,0,0,0,0,0,0,0,0,0,0,0
2046,1,0,1,1,0,0,0,0,0,0,0,0,0,0,0,0,0,0,0,0,0
2046,1,0,1,1,0,5,1,1,0,0,0,0,0,0,0,0,0,0,0,0,0
2046,1,0,1,1,0,10,0,0,0,0,0,0,0,0,0,0,0,0,0,0,0
2046,1,0,1,1,0,15,2,2,0,0,0,0,0,1,0,0,0,0,0,0,0
2046,1,0,1,1,0,20,2,2,0,0,0,0,0,2,1,0,0,0,0,0,0
2046,1,0,1,1,0,25,10,10,0,0,0,0,3,9,5,2,0,1,0,0,0
2046,1,0,1,1,0,30,13,13,0,0,0,0,4,11,10,5,0,3,0,0,0
2046,1,0,1,1,0,35,19,19,1,0,0,0,4,18,15,4,0,2,0,0,0
2046,1,0,1,1,0,40,18,18,3,0,0,0,3,18,14,2,0,1,0,0,0
2046,1,0,1,1,0,45,13,13,1,0,1,0,1,13,11,1,0,2,0,0,0
2046,1,0,1,1,0,50,7,7,1,0,0,0,2,7,4,0,0,0,0,0,0
2046,1,0,1,1,0,55,7,7,1,0,0,0,1,7,4,0,0,0,0,0,0
2046,1,0,1,1,0,60,22,22,1,0,1,1,4,19,16,4,0,0,0,0,0
2046,1,0,1,1,0,100,0,0,0,0,0,0,0,0,0,0,0,0,0,0,0
2046,1,0,1,1,1,0,0,0,0,0,0,0,0,0,0,0,0,0,0,0,0
2046,1,0,1,1,1,5,0,0,0,0,0,0,0,0,0,0,0,0,0,0,0
2046,1,0,1,1,1,10,0,0,0,0,0,0,0,0,0,0,0,0,0,0,0
2046,1,0,1,1,1,15,0,0,0,0,0,0,0,0,0,0,0,0,0,0,0
2046,1,0,1,1,1,20,4,4,0,4,0,0,4,4,4,0,0,0,0,0,0
2046,1,0,1,1,1,25,17,17,0,17,0,0,17,17,17,0,0,1,0,0,0
2046,1,0,1,1,1,30,40,40,0,40,1,0,40,40,40,0,0,0,0,0,0
2046,1,0,1,1,1,35,51,51,0,51,0,0,51,51,50,0,0,1,0,0,0
2046,1,0,1,1,1,40,58,58,0,58,0,0,58,58,57,0,0,3,0,0,0
2046,1,0,1,1,1,45,77,77,0,77,0,0,77,77,69,0,0,0,0,0,0
2046,1,0,1,1,1,50,94,94,0,94,0,0,94,93,76,0,0,0,0,0,0
2046,1,0,1,1,1,55,87,87,0,87,0,0,87,85,71,0,0,1,0,0,0
2046,1,0,1,1,1,60,213,213,0,213,7,0,213,171,141,0,0,1,0,0,0
2046,1,0,1,1,1,100,0,0,0,0,0,0,0,0,0,0,0,0,0,0,0
2046,1,1,0,0,0,0,6051,0,0,0,13,0,471,1987,0,0,213,0,0,0,0
2046,1,1,0,0,0,5,5832,0,0,0,1,0,0,1997,0,0,0,0,0,0,0
2046,1,1,0,0,0,10,6170,0,0,0,1,0,126,2158,0,0,131,0,0,0,0
2046,1,1,0,0,0,15,5698,0,0,0,0,0,1383,3345,0,0,1050,0,0,0,0
2046,1,1,0,0,0,20,5314,0,0,0,1,0,2495,4466,0,0,1957,0,0,0,0
2046,1,1,0,0,0,25,4671,0,0,0,1,0,2903,4476,0,0,2237,0,0,0,0
2046,1,1,0,0,0,30,4193,0,0,0,3,0,2728,4164,0,0,2048,0,0,0,0
2046,1,1,0,0,0,35,3368,0,0,0,3,0,2284,3360,0,0,1656,0,0,0,0
2046,1,1,0,0,0,40,2758,0,0,0,2,0,1784,2756,0,0,1310,0,0,0,0
2046,1,1,0,0,0,45,2319,0,0,0,5,0,1527,2318,0,0,1133,0,0,0,0
2046,1,1,0,0,0,50,1914,0,0,0,2,0,1242,1914,0,0,892,0,0,0,0
2046,1,1,0,0,0,55,1521,0,0,0,6,0,1023,1521,0,0,768,0,0,0,0
2046,1,1,0,0,0,60,2587,0,0,0,37,0,1137,2046,0,0,823,0,0,0,0
2046,1,1,0,0,0,100,12,0,0,0,1,0,0,0,0,0,0,0,0,0,0
2046,1,1,0,0,1,0,0,0,0,0,0,0,0,0,0,0,0,0,0,0,0
2046,1,1,0,0,1,5,0,0,0,0,0,0,0,0,0,0,0,0,0,0,0
2046,1,1,0,0,1,10,0,0,0,0,0,0,0,0,0,0,0,0,0,0,0
2046,1,1,0,0,1,15,0,0,0,0,0,0,0,0,0,0,0,0,0,0,0
2046,1,1,0,0,1,20,0,0,0,0,0,0,0,0,0,0,0,0,0,0,0
2046,1,1,0,0,1,25,0,0,0,0,0,0,0,0,0,0,0,0,0,0,0
2046,1,1,0,0,1,30,0,0,0,0,0,0,0,0,0,0,0,0,0,0,0
2046,1,1,0,0,1,35,0,0,0,0,0,0,0,0,0,0,0,0,0,0,0
2046,1,1,0,0,1,40,0,0,0,0,0,0,0,0,0,0,0,0,0,0,0
2046,1,1,0,0,1,45,0,0,0,0,0,0,0,0,0,0,0,0,0,0,0
2046,1,1,0,0,1,50,0,0,0,0,0,0,0,0,0,0,0,0,0,0,0
2046,1,1,0,0,1,55,0,0,0,0,0,0,0,0,0,0,0,0,0,0,0
2046,1,1,0,0,1,60,0,0,0,0,0,0,0,0,0,0,0,0,0,0,0
2046,1,1,0,0,1,100,0,0,0,0,0,0,0,0,0,0,0,0,0,0,0
2046,1,1,0,1,0,0,12,12,2,0,1,1,1,3,3,1,0,0,0,0,0
2046,1,1,0,1,0,5,7,7,0,0,0,0,0,2,2,0,0,0,0,0,0
2046,1,1,0,1,0,10,16,16,7,0,2,2,0,7,3,2,0,2,0,0,0
2046,1,1,0,1,0,15,88,88,23,0,1,1,14,50,21,16,0,22,0,0,0
2046,1,1,0,1,0,20,186,186,33,0,2,2,48,144,55,36,0,17,0,0,0
2046,1,1,0,1,0,25,193,193,39,0,1,1,53,174,88,36,0,8,0,0,0
2046,1,1,0,1,0,30,220,220,47,0,3,3,63,214,115,35,0,10,0,0,0
2046,1,1,0,1,0,35,169,169,28,0,2,2,32,165,105,14,0,9,0,0,0
2046,1,1,0,1,0,40,143,143,19,0,1,1,17,136,79,10,0,7,0,0,0
2046,1,1,0,1,0,45,170,170,13,0,3,3,19,164,87,14,0,10,0,0,0
2046,1,1,0,1,0,50,214,214,6,0,4,2,24,205,148,21,0,11,0,0,0
2046,1,1,0,1,0,55,179,179,9,0,5,5,17,169,135,17,0,3,0,0,0
2046,1,1,0,1,0,60,409,409,12,0,15,9,32,338,266,36,0,10,0,0,0
2046,1,1,0,1,0,100,0,0,0,0,0,0,0,0,0,0,0,0,0,0,0
2046,1,1,0,1,1,0,4,4,0,4,0,0,4,4,4,0,0,0,0,0,0
2046,1,1,0,1,1,5,6,6,0,6,0,0,6,6,6,0,0,0,0,0,0
2046,1,1,0,1,1,10,11,11,0,11,0,0,11,11,11,0,0,0,0,0,0
2046,1,1,0,1,1,15,66,66,0,66,0,0,66,63,55,0,0,2,0,0,0
2046,1,1,0,1,1,20,322,322,0,322,1,1,322,272,218,0,0,1,0,0,0
2046,1,1,0,1,1,25,707,707,0,707,6,5,707,639,483,0,0,6,0,0,0
2046,1,1,0,1,1,30,1073,1073,0,1073,2,2,1073,1012,787,0,0,6,0,0,0
2046,1,1,0,1,1,35,1438,1438,0,1438,2,2,1438,1375,1049,0,0,9,0,0,0
2046,1,1,0,1,1,40,1633,1633,0,1633,3,1,1633,1548,1170,0,0,9,0,0,0
2046,1,1,0,1,1,45,1770,1770,0,1770,4,3,1770,1691,1248,0,0,13,0,0,0
2046,1,1,0,1,1,50,1835,1835,0,1835,10,3,1835,1759,1332,0,0,8,0,0,0
2046,1,1,0,1,1,55,1851,1851,0,1851,6,1,1851,1771,1377,0,0,7,0,0,0
2046,1,1,0,1,1,60,3598,3598,0,3598,52,5,3598,2995,2432,0,0,14,0,0,0
2046,1,1,0,1,1,100,5,5,0,5,0,0,5,2,2,0,0,0,0,0,0
2046.5,1,0,0,0,0,0,6057,0,0,0,15,0,461,2037,0,0,208,0,0,0,0
2046.5,1,0,0,0,0,5,5761,0,0,0,0,0,0,1917,0,0,0,0,0,0,1
2046.5,1,0,0,0,0,10,5977,0,0,0,0,0,2,2039,0,0,1,0,0,0,3
2046.5,1,0,0,0,0,15,5630,0,0,0,2,0,407,2221,0,0,396,0,0,0,14
2046.5,1,0,0,0,0,20,5236,0,0,0,2,0,2121,3750,0,0,1581,0,0,0,45
2046.5,1,0,0,0,0,25,4635,0,0,0,6,0,2593,4111,0,0,1935,0,0,0,14
2046.5,1,0,0,0,0,30,4189,0,0,0,6,0,2594,4015,0,0,1896,0,0,0,1
2046.5,1,0,0,0,0,35,3607,0,0,0,4,0,2327,3538,0,0,1637,0,0,0,0
2046.5,1,0,0,0,0,40,2958,0,0,0,9,0,1963,2939,0,0,1442,0,0,0,0
2046.5,1,0,0,0,0,45,2442,0,0,0,6,0,1578,2433,0,0,1150,0,0,0,0
2046.5,1,0,0,0,0,50,1974,0,0,0,8,0,1311,1972,0,0,958,0,0,0,0
2046.5,1,0,0,0,0,55,1595,0,0,0,9,0,1067,1594,0,0,792,0,0,0,0
2046.5,1,0,0,0,0,60,2087,0,0,0,54,0,1161,1782,0,0,840,0,0,0,0
2046.5,1,0,0,0,0,100,1,0,0,0,0,0,0,0,0,0,0,0,0,0,0
2046.5,1,0,0,0,1,0,0,0,0,0,0,0,0,0,0,0,0,0,0,0,0
2046.5,1,0,0,0,1,5,0,0,0,0,0,0,0,0,0,0,0,0,0,0,0
2046.5,1,0,0,0,1,10,0,0,0,0,0,0,0,0,0,0,0,0,0,0,0
2046.5,1,0,0,0,1,15,0,0,0,0,0,0,0,0,0,0,0,0,0,0,0
2046.5,1,0,0,0,1,20,0,0,0,0,0,0,0,0,0,0,0,0,0,0,0
2046.5,1,0,0,0,1,25,0,0,0,0,0,0,0,0,0,0,0,0,0,0,0
2046.5,1,0,0,0,1,30,0,0,0,0,0,0,0,0,0,0,0,0,0,0,0
2046.5,1,0,0,0,1,35,0,0,0,0,0,0,0,0,0,0,0,0,0,0,0
2046.5,1,0,0,0,1,40,0,0,0,0,0,0,0,0,0,0,0,0,0,0,0
2046.5,1,0,0,0,1,45,0,0,0,0,0,0,0,0,0,0,0,0,0,0,0
2046.5,1,0,0,0,1,50,0,0,0,0,0,0,0,0,0,0,0,0,0,0,0
2046.5,1,0,0,0,1,55,0,0,0,0,0,0,0,0,0,0,0,0,0,0,0
2046.5,1,0,0,0,1,60,0,0,0,0,0,0,0,0,0,0,0,0,0,0,0
2046.5,1,0,0,0,1,100,0,0,0,0,0,0,0,0,0,0,0,0,0,0,0
2046.5,1,0,0,1,0,0,19,19,4,0,3,3,2,4,4,2,0,0,0,0,0
2046.5,1,0,0,1,0,5,13,13,0,0,0,0,0,3,3,0,0,0,0,0,0
2046.5,1,0,0,1,0,10,10,10,0,0,0,0,0,2,2,0,0,0,0,0,0
2046.5,1,0,0,1,0,15,22,22,4,0,0,0,2,11,8,3,0,1,0,0,0
2046.5,1,0,0,1,0,20,80,80,21,0,0,0,16,48,17,9,0,17,0,0,0
2046.5,1,0,0,1,0,25,124,124,19,0,1,1,31,106,65,27,0,35,0,0,0
2046.5,1,0,0,1,0,30,198,198,27,0,2,1,40,184,128,31,0,29,0,0,0
2046.5,1,0,0,1,0,35,194,194,20,0,3,3,42,184,137,31,0,23,0,0,0
2046.5,1,0,0,1,0,40,194,194,22,0,3,2,46,191,152,34,0,21,0,0,0
2046.5,1,0,0,1,0,45,143,143,20,0,1,1,27,141,103,17,0,9,0,0,0
2046.5,1,0,0,1,0,50,116,116,18,0,2,0,24,115,81,10,0,7,0,0,0
2046.5,1,0,0,1,0,55,99,99,3,0,5,4,7,97,71,10,0,3,0,0,0
2046.5,1,0,0,1,0,60,208,208,20,0,10,4,28,156,106,20,0,9,0,0,0
2046.5,1,0,0,1,0,100,0,0,0,0,0,0,0,0,0,0,0,0,0,0,0
2046.5,1,0,0,1,1,0,5,5,0,5,0,0,5,5,5,0,0,0,0,0,0
2046.5,1,0,0,1,1,5,8,8,0,8,0,0,8,8,8,0,0,0,0,0,0
2046.5,1,0,0,1,1,10,7,7,0,7,0,0,7,7,7,0,0,0,0,0,0
2046.5,1,0,0,1,1,15,14,14,0,14,0,0,14,14,14,0,0,1,0,0,0
2046.5,1,0,0,1,1,20,44,44,0,44,0,0,44,44,44,0,0,1,0,0,1
2046.5,1,0,0,1,1,25,170,170,0,170,2,2,170,170,170,0,0,6,0,0,1
2046.5,1,0,0,1,1,30,365,365,0,365,1,1,365,364,361,0,0,12,0,0,0
2046.5,1,0,0,1,1,35,529,529,0,529,2,1,529,526,519,0,0,11,0,0,0
2046.5,1,0,0,1,1,40,629,629,0,629,2,1,629,629,608,0,0,11,0,0,0
2046.5,1,0,0,1,1,45,815,815,0,815,5,3,815,807,743,0,0,15,0,0,0
2046.5,1,0,0,1,1,50,994,994,0,994,9,3,994,985,869,0,0,2,0,0,0
2046.5,1,0,0,1,1,55,1009,1009,0,1009,13,2,1009,1002,849,0,0,6,0,0,0
2046.5,1,0,0,1,1,60,2160,2160,0,2160,62,3,2160,1756,1462,0,0,13,0,0,0
2046.5,1,0,0,1,1,100,1,1,0,1,0,0,1,0,0,0,0,0,0,0,0
2046.5,1,0,1,0,0,0,0,0,0,0,0,0,0,0,0,0,0,0,0,0,0
2046.5,1,0,1,0,0,5,2,0,0,0,0,0,0,0,0,0,0,0,0,0,0
2046.5,1,0,1,0,0,10,18,0,0,0,0,0,0,5,0,0,0,0,0,0,0
2046.5,1,0,1,0,0,15,141,0,0,0,0,0,18,65,0,0,15,0,0,0,0
2046.5,1,0,1,0,0,20,426,0,0,0,0,0,187,322,0,0,158,0,0,0,0
2046.5,1,0,1,0,0,25,583,0,0,0,2,0,323,517,0,0,217,0,0,0,0
2046.5,1,0,1,0,0,30,594,0,0,0,3,0,376,561,0,0,301,0,0,0,0
2046.5,1,0,1,0,0,35,549,0,0,0,0,0,366,540,0,0,253,0,0,0,0
2046.5,1,0,1,0,0,40,460,0,0,0,0,0,302,458,0,0,212,0,0,0,0
2046.5,1,0,1,0,0,45,361,0,0,0,2,0,248,358,0,0,178,0,0,0,0
2046.5,1,0,1,0,0,50,353,0,0,0,1,0,232,353,0,0,168,0,0,0,0
2046.5,1,0,1,0,0,55,263,0,0,0,2,0,180,262,0,0,145,0,0,0,0
2046.5,1,0,1,0,0,60,387,0,0,0,9,0,207,328,0,0,151,0,0,0,0
2046.5,1,0,1,0,0,100,0,0,0,0,0,0,0,0,0,0,0,0,0,0,0
2046.5,1,0,1,0,1,0,0,0,0,0,0,0,0,0,0,0,0,0,0,0,0
2046.5,1,0,1,0,1,5,0,0,0,0,0,0,0,0,0,0,0,0,0,0,0
2046.5,1,0,1,0,1,10,0,0,0,0,0,0,0,0,0,0,0,0,0,0,0
2046.5,1,0,1,0,1,15,0,0,0,0,0,0,0,0,0,0,0,0,0,0,0
2046.5,1,0,1,0,1,20,0,0,0,0,0,0,0,0,0,0,0,0,0,0,0
2046.5,1,0,1,0,1,25,0,0,0,0,0,0,0,0,0,0,0,0,0,0,0
2046.5,1,0,1,0,1,30,0,0,0,0,0,0,0,0,0,0,0,0,0,0,0
2046.5,1,0,1,0,1,35,0,0,0,0,0,0,0,0,0,0,0,0,0,0,0
2046.5,1,0,1,0,1,40,0,0,0,0,0,0,0,0,0,0,0,0,0,0,0
2046.5,1,0,1,0,1,45,0,0,0,0,0,0,0,0,0,0,0,0,0,0,0
2046.5,1,0,1,0,1,50,0,0,0,0,0,0,0,0,0,0,0,0,0,0,0
2046.5,1,0,1,0,1,55,0,0,0,0,0,0,0,0,0,0,0,0,0,0,0
2046.5,1,0,1,0,1,60,0,0,0,0,0,0,0,0,0,0,0,0,0,0,0
2046.5,1,0,1,0,1,100,0,0,0,0,0,0,0,0,0,0,0,0,0,0,0
2046.5,1,0,1,1,0,0,0,0,0,0,0,0,0,0,0,0,0,0,0,0,0
2046.5,1,0,1,1,0,5,1,1,0,0,0,0,0,0,0,0,0,0,0,0,0
2046.5,1,0,1,1,0,10,0,0,0,0,0,0,0,0,0,0,0,0,0,0,0
2046.5,1,0,1,1,0,15,0,0,0,0,0,0,0,0,0,0,0,0,0,0,0
2046.5,1,0,1,1,0,20,4,4,2,0,0,0,0,3,1,1,0,1,0,0,0
2046.5,1,0,1,1,0,25,11,11,1,0,0,0,3,9,6,3,0,1,0,0,0
2046.5,1,0,1,1,0,30,13,13,1,0,0,0,3,12,11,3,0,0,0,0,0
2046.5,1,0,1,1,0,35,15,15,1,0,1,1,3,14,11,3,0,1,0,0,0
2046.5,1,0,1,1,0,40,21,21,2,0,2,1,6,21,16,2,0,1,0,0,0
2046.5,1,0,1,1,0,45,14,14,2,0,1,1,4,14,11,4,0,0,0,0,0
2046.5,1,0,1,1,0,50,11,11,3,0,0,0,0,11,5,1,0,2,0,0,0
2046.5,1,0,1,1,0,55,8,8,0,0,0,0,3,8,7,3,0,0,0,0,0
2046.5,1,0,1,1,0,60,16,16,1,0,0,0,0,12,11,0,0,3,0,0,0
2046.5,1,0,1,1,0,100,0,0,0,0,0,0,0,0,0,0,0,0,0,0,0
2046.5,1,0,1,1,1,0,0,0,0,0,0,0,0,0,0,0,0,0,0,0,0
2046.5,1,0,1,1,1,5,0,0,0,0,0,0,0,0,0,0,0,0,0,0,0
2046.5,1,0,1,1,1,10,0,0,0,0,0,0,0,0,0,0,0,0,0,0,0
2046.5,1,0,1,1,1,15,0,0,0,0,0,0,0,0,0,0,0,0,0,0,0
2046.5,1,0,1,1,1,20,4,4,0,4,0,0,4,4,4,0,0,0,0,0,0
2046.5,1,0,1,1,1,25,18,18,0,18,0,0,18,18,18,0,0,1,0,0,0
2046.5,1,0,1,1,1,30,42,42,0,42,0,0,42,42,42,0,0,4,0,0,0
2046.5,1,0,1,1,1,35,54,54,0,54,0,0,54,54,53,0,0,2,0,0,0
2046.5,1,0,1,1,1,40,49,49,0,49,0,0,49,49,48,0,0,2,0,0,0
2046.5,1,0,1,1,1,45,78,78,0,78,1,0,78,78,72,0,0,0,0,0,0
2046.5,1,0,1,1,1,50,94,94,0,94,1,1,94,93,78,0,0,0,0,0,0
2046.5,1,0,1,1,1,55,81,81,0,81,1,0,81,79,63,0,0,0,0,0,0
2046.5,1,0,1,1,1,60,226,226,0,226,7,0,226,186,154,0,0,1,0,0,0
2046.5,1,0,1,1,1,100,0,0,0,0,0,0,0,0,0,0,0,0,0,0,0
2046.5,1,1,0,0,0,0,6009,0,0,0,8,0,423,1962,0,0,184,0,0,0,0
2046.5,1,1,0,0,0,5,5858,0,0,0,1,0,0,2010,0,0,0,0,0,0,0
2046.5,1,1,0,0,0,10,6114,0,0,0,0,0,112,2113,0,0,132,0,0,0,0
2046.5,1,1,0,0,0,15,5759,0,0,0,0,0,1378,3369,0,0,1065,0,0,0,0
2046.5,1,1,0,0,0,20,5324,0,0,0,1,0,2532,4488,0,0,1968,0,0,0,0
2046.5,1,1,0,0,0,25,4678,0,0,0,1,0,2934,4484,0,0,2223,0,0,0,0
2046.5,1,1,0,0,0,30,4218,0,0,0,1,0,2772,4185,0,0,2076,0,0,0,0
2046.5,1,1,0,0,0,35,3421,0,0,0,4,0,2261,3413,0,0,1676,0,0,0,0
2046.5,1,1,0,0,0,40,2749,0,0,0,4,0,1781,2747,0,0,1335,0,0,0,0
2046.5,1,1,0,0,0,45,2375,0,0,0,4,0,1566,2375,0,0,1134,0,0,0,0
2046.5,1,1,0,0,0,50,1923,0,0,0,6,0,1265,1923,0,0,897,0,0,0,0
2046.5,1,1,0,0,0,55,1554,0,0,0,8,0,1029,1554,0,0,736,0,0,0,0
2046.5,1,1,0,0,0,60,2655,0,0,0,42,0,1230,2144,0,0,847,0,0,0,0
2046.5,1,1,0,0,0,100,13,0,0,0,0,0,0,0,0,0,0,0,0,0,0
2046.5,1,1,0,0,1,0,0,0,0,0,0,0,0,0,0,0,0,0,0,0,0
2046.5,1,1,0,0,1,5,0,0,0,0,0,0,0,0,0,0,0,0,0,0,0
2046.5,1,1,0,0,1,10,0,0,0,0,0,0,0,0,0,0,0,0,0,0,0
2046.5,1,1,0,0,1,15,0,0,0,0,0,0,0,0,0,0,0,0,0,0,0
2046.5,1,1,0,0,1,20,0,0,0,0,0,0,0,0,0,0,0,0,0,0,0
2046.5,1,1,0,0,1,25,0,0,0,0,0,0,0,0,0,0,0,0,0,0,0
2046.5,1,1,0,0,1,30,0,0,0,0,0,0,0,0,0,0,0,0,0,0,0
2046.5,1,1,0,0,1,35,0,0,0,0,0,0,0,0,0,0,0,0,0,0,0
2046.5,1,1,0,0,1,40,0,0,0,0,0,0,0,0,0,0,0,0,0,0,0
2046.5,1,1,0,0,1,45,0,0,0,0,0,0,0,0,0,0,0,0,0,0,0
2046.5,1,1,0,0,1,50,0,0,0,0,0,0,0,0,0,0,0,0,0,0,0
2046.5,1,1,0,0,1,55,0,0,0,0,0,0,0,0,0,0,0,0,0,0,0
2046.5,1,1,0,0,1,60,0,0,0,0,0,0,0,0,0,0,0,0,0,0,0
2046.5,1,1,0,0,1,100,0,0,0,0,0,0,0,0,0,0,0,0,0,0,0
2046.5,1,1,0,1,0,0,10,10,0,0,0,0,1,3,3,1,0,0,0,0,0
2046.5,1,1,0,1,0,5,8,8,0,0,0,0,0,2,2,0,0,0,0,0,0
2046.5,1,1,0,1,0,10,15,15,5,0,1,1,1,7,5,4,0,1,0,0,0
2046.5,1,1,0,1,0,15,83,83,27,0,1,1,17,47,16,12,0,17,0,0,0
2046.5,1,1,0,1,0,20,185,185,49,0,0,0,49,141,50,32,0,24,0,0,0
2046.5,1,1,0,1,0,25,196,196,37,0,1,1,59,178,97,38,0,20,0,0,0
2046.5,1,1,0,1,0,30,214,214,36,0,1,0,61,207,123,53,0,10,0,0,0
2046.5,1,1,0,1,0,35,167,167,28,0,0,0,40,166,97,21,0,9,0,0,0
2046.5,1,1,0,1,0,40,162,162,28,0,1,1,28,155,87,15,0,7,0,0,0
2046.5,1,1,0,1,0,45,176,176,8,0,0,0,20,168,95,19,0,11,0,0,0
2046.5,1,1,0,1,0,50,225,225,9,0,3,3,22,214,152,19,0,5,0,0,0
2046.5,1,1,0,1,0,55,184,184,6,0,1,0,20,172,132,19,0,3,0,0,0
2046.5,1,1,0,1,0,60,412,412,18,0,8,5,41,344,272,39,0,7,0,0,0
2046.5,1,1,0,1,0,100,0,0,0,0,0,0,0,0,0,0,0,0,0,0,0
2046.5,1,1,0,1,1,0,5,5,0,5,0,0,5,5,5,0,0,0,0,0,0
2046.5,1,1,0,1,1,5,4,4,0,4,0,0,4,4,4,0,0,0,0,0,0
2046.5,1,1,0,1,1,10,13,13,0,13,0,0,13,13,13,0,0,0,0,0,0
2046.5,1,1,0,1,1,15,59,59,0,59,2,2,59,55,46,0,0,2,0,0,0
2046.5,1,1,0,1,1,20,340,340,0,340,1,1,340,295,235,0,0,8,0,0,0
2046.5,1,1,0,1,1,25,689,689,0,689,2,2,689,619,464,0,0,6,0,0,0
2046.5,1,1,0,1,1,30,1097,1097,0,1097,0,0,1097,1036,794,0,0,5,0,0,0
2046.5,1,1,0,1,1,35,1444,1444,0,1444,4,3,1444,1379,1066,0,0,8,0,0,0
2046.5,1,1,0,1,1,40,1621,1621,0,1621,5,4,1621,1533,1147,0,0,12,0,0,0
2046.5,1,1,0,1,1,45,1760,1760,0,1760,4,0,1760,1691,1253,0,0,10,0,0,0
2046.5,1,1,0,1,1,50,1797,1797,0,1797,3,1,1797,1728,1309,0,0,6,0,0,0
2046.5,1,1,0,1,1,55,1857,1857,0,1857,13,4,1857,1774,1370,0,0,7,0,0,0
2046.5,1,1,0,1,1,60,3741,3741,0,3741,54,13,3741,3142,2553,0,0,9,0,0,0
2046.5,1,1,0,1,1,100,4,4,0,4,1,0,4,2,2,0,0,0,0,0,0
2047,1,0,0,0,0,0,6074,0,0,0,18,0,472,2057,0,0,221,0,0,0,0
2047,1,0,0,0,0,5,5740,0,0,0,0,0,0,1916,0,0,0,0,0,0,2
2047,1,0,0,0,0,10,6025,0,0,0,4,0,3,2039,0,0,4,0,0,0,9
2047,1,0,0,0,0,15,5636,0,0,0,3,0,417,2254,0,0,398,0,0,0,14
2047,1,0,0,0,0,20,5213,0,0,0,4,0,2106,3735,0,0,1565,0,0,0,27
2047,1,0,0,0,0,25,4666,0,0,0,6,0,2680,4140,0,0,1960,0,0,0,8
2047,1,0,0,0,0,30,4221,0,0,0,4,0,2618,4040,0,0,1975,0,0,0,1
2047,1,0,0,0,0,35,3661,0,0,0,2,0,2365,3599,0,0,1687,0,0,0,0
2047,1,0,0,0,0,40,2935,0,0,0,12,0,1953,2918,0,0,1457,0,0,0,0
2047,1,0,0,0,0,45,2498,0,0,0,6,0,1658,2488,0,0,1183,0,0,0,0
2047,1,0,0,0,0,50,1983,0,0,0,10,0,1321,1981,0,0,908,0,0,0,0
2047,1,0,0,0,0,55,1615,0,0,0,10,0,1066,1614,0,0,776,0,0,0,0
2047,1,0,0,0,0,60,2147,0,0,0,57,0,1232,1867,0,0,856,0,0,0,0
2047,1,0,0,0,0,100,1,0,0,0,0,0,0,0,0,0,0,0,0,0,0
2047,1,0,0,0,1,0,0,0,0,0,0,0,0,0,0,0,0,0,0,0,0
2047,1,0,0,0,1,5,0,0,0,0,0,0,0,0,0,0,0,0,0,0,0
2047,1,0,0,0,1,10,0,0,0,0,0,0,0,0,0,0,0,0,0,0,0
2047,1,0,0,0,1,15,0,0,0,0,0,0,0,0,0,0,0,0,0,0,0
2047,1,0,0,0,1,20,0,0,0,0,0,0,0,0,0,0,0,0,0,0,0
2047,1,0,0,0,1,25,0,0,0,0,0,0,0,0,0,0,0,0,0,0,0
2047,1,0,0,0,1,30,0,0,0,0,0,0,0,0,0,0,0,0,0,0,0
2047,1,0,0,0,1,35,0,0,0,0,0,0,0,0,0,0,0,0,0,0,0
2047,1,0,0,0,1,40,0,0,0,0,0,0,0,0,0,0,0,0,0,0,0
2047,1,0,0,0,1,45,0,0,0,0,0,0,0,0,0,0,0,0,0,0,0
2047,1,0,0,0,1,50,0,0,0,0,0,0,0,0,0,0,0,0,0,0,0
2047,1,0,0,0,1,55,0,0,0,0,0,0,0,0,0,0,0,0,0,0,0
2047,1,0,0,0,1,60,0,0,0,0,0,0,0,0,0,0,0,0,0,0,0
2047,1,0,0,0,1,100,0,0,0,0,0,0,0,0,0,0,0,0,0,0,0
2047,1,0,0,1,0,0,23,23,6,0,0,0,2,3,3,1,0,0,0,0,0
2047,1,0,0,1,0,5,13,13,0,0,0,0,1,4,4,1,0,0,0,0,0
2047,1,0,0,1,0,10,10,10,0,0,0,0,0,3,3,1,0,0,0,0,0
2047,1,0,0,1,0,15,23,23,6,0,0,0,1,9,5,2,0,2,0,0,0
2047,1,0,0,1,0,20,78,78,16,0,0,0,18,49,20,12,0,8,0,0,0
2047,1,0,0,1,0,25,125,125,18,0,1,1,30,101,59,19,0,22,0,0,0
2047,1,0,0,1,0,30,195,195,27,0,2,2,44,181,127,38,0,26,0,0,0
2047,1,0,0,1,0,35,206,206,27,0,1,1,50,197,146,40,0,22,0,0,0
2047,1,0,0,1,0,40,201,201,21,0,7,6,42,199,150,26,0,18,0,0,0
2047,1,0,0,1,0,45,131,131,18,0,3,2,26,129,92,17,0,5,0,0,0
2047,1,0,0,1,0,50,108,108,8,0,2,2,16,108,79,11,0,5,0,0,0
2047,1,0,0,1,0,55,104,104,8,0,2,0,15,101,81,13,0,4,0,0,0
2047,1,0,0,1,0,60,208,208,14,0,8,3,26,162,118,21,0,1,0,0,0
2047,1,0,0,1,0,100,0,0,0,0,0,0,0,0,0,0,0,0,0,0,0
2047,1,0,0,1,1,0,3,3,0,3,2,2,3,3,3,0,0,0,0,0,0
2047,1,0,0,1,1,5,8,8,0,8,0,0,8,8,8,0,0,0,0,0,0
2047,1,0,0,1,1,10,7,7,0,7,0,0,7,7,7,0,0,0,0,0,0
2047,1,0,0,1,1,15,15,15,0,15,1,1,15,15,15,0,0,0,0,0,0
2047,1,0,0,1,1,20,45,45,0,45,1,1,45,45,45,0,0,1,0,0,0
2047,1,0,0,1,1,25,167,167,0,167,2,2,167,167,167,0,0,4,0,0,1
2047,1,0,0,1,1,30,379,379,0,379,0,0,379,378,377,0,0,16,0,0,0
2047,1,0,0,1,1,35,520,520,0,520,3,2,520,516,508,0,0,11,0,0,0
2047,1,0,0,1,1,40,632,632,0,632,7,4,632,632,616,0,0,12,0,0,0
2047,1,0,0,1,1,45,807,807,0,807,5,2,807,800,730,0,0,15,0,0,0
2047,1,0,0,1,1,50,1013,1013,0,1013,3,1,1013,1003,890,0,0,8,0,0,0
2047,1,0,0,1,1,55,992,992,0,992,9,3,992,985,829,0,0,4,0,0,0
2047,1,0,0,1,1,60,2207,2207,0,2207,56,8,2207,1812,1500,0,0,10,0,0,0
2047,1,0,0,1,1,100,0,0,0,0,1,0,0,0,0,0,0,0,0,0,0
2047,1,0,1,0,0,0,0,0,0,0,0,0,0,0,0,0,0,0,0,0,0
2047,1,0,1,0,0,5,2,0,0,0,0,0,0,0,0,0,0,0,0,0,0
2047,1,0,1,0,0,10,24,0,0,0,0,0,0,7,0,0,0,0,0,0,0
2047,1,0,1,0,0,15,129,0,0,0,0,0,15,54,0,0,13,0,0,0,0
2047,1,0,1,0,0,20,422,0,0,0,0,0,179,310,0,0,133,0,0,0,0
2047,1,0,1,0,0,25,586,0,0,0,0,0,334,520,0,0,253,0,0,0,0
2047,1,0,1,0,0,30,602,0,0,0,0,0,394,571,0,0,264,0,0,0,0
2047,1,0,1,0,0,35,552,0,0,0,1,0,362,541,0,0,248,0,0,0,0
2047,1,0,1,0,0,40,460,0,0,0,2,0,302,457,0,0,227,0,0,0,0
2047,1,0,1,0,0,45,371,0,0,0,0,0,228,368,0,0,151,0,0,0,0
2047,1,0,1,0,0,50,346,0,0,0,4,0,230,346,0,0,178,0,0,0,0
2047,1,0,1,0,0,55,278,0,0,0,2,0,189,277,0,0,140,0,0,0,0
2047,1,0,1,0,0,60,403,0,0,0,7,0,249,345,0,0,166,0,0,0,0
2047,1,0,1,0,0,100,0,0,0,0,0,0,0,0,0,0,0,0,0,0,0
2047,1,0,1,0,1,0,0,0,0,0,0,0,0,0,0,0,0,0,0,0,0
2047,1,0,1,0,1,5,0,0,0,0,0,0,0,0,0,0,0,0,0,0,0
2047,1,0,1,0,1,10,0,0,0,0,0,0,0,0,0,0,0,0,0,0,0
2047,1,0,1,0,1,15,0,0,0,0,0,0,0,0,0,0,0,0,0,0,0
2047,1,0,1,0,1,20,0,0,0,0,0,0,0,0,0,0,0,0,0,0,0
2047,1,0,1,0,1,25,0,0,0,0,0,0,0,0,0,0,0,0,0,0,0
2047,1,0,1,0,1,30,0,0,0,0,0,0,0,0,0,0,0,0,0,0,0
2047,1,0,1,0,1,35,0,0,0,0,0,0,0,0,0,0,0,0,0,0,0
2047,1,0,1,0,1,40,0,0,0,0,0,0,0,0,0,0,0,0,0,0,0
2047,1,0,1,0,1,45,0,0,0,0,0,0,0,0,0,0,0,0,0,0,0
2047,1,0,1,0,1,50,0,0,0,0,0,0,0,0,0,0,0,0,0,0,0
2047,1,0,1,0,1,55,0,0,0,0,0,0,0,0,0,0,0,0,0,0,0
2047,1,0,1,0,1,60,0,0,0,0,0,0,0,0,0,0,0,0,0,0,0
2047,1,0,1,0,1,100,0,0,0,0,0,0,0,0,0,0,0,0,0,0,0
2047,1,0,1,1,0,0,0,0,0,0,0,0,0,0,0,0,0,0,0,0,0
2047,1,0,1,1,0,5,1,1,0,0,0,0,0,0,0,0,0,0,0,0,0
2047,1,0,1,1,0,10,0,0,0,0,0,0,0,0,0,0,0,0,0,0,0
2047,1,0,1,1,0,15,0,0,0,0,0,0,0,0,0,0,0,0,0,0,0
2047,1,0,1,1,0,20,4,4,0,0,0,0,0,3,1,0,0,2,0,0,0
2047,1,0,1,1,0,25,7,7,2,0,0,0,0,5,3,1,0,2,0,0,0
2047,1,0,1,1,0,30,18,18,1,0,0,0,5,17,14,1,0,3,0,0,0
2047,1,0,1,1,0,35,9,9,1,0,1,1,2,9,8,2,0,1,0,0,0
2047,1,0,1,1,0,40,22,22,2,0,0,0,8,22,17,7,0,2,0,0,0
2047,1,0,1,1,0,45,11,11,2,0,0,0,1,11,7,3,0,1,0,0,0
2047,1,0,1,1,0,50,10,10,0,0,0,0,0,10,6,0,0,0,0,0,0
2047,1,0,1,1,0,55,11,11,1,0,1,1,2,11,8,0,0,1,0,0,0
2047,1,0,1,1,0,60,15,15,1,0,1,1,0,11,9,1,0,1,0,0,0
2047,1,0,1,1,0,100,0,0,0,0,0,0,0,0,0,0,0,0,0,0,0
2047,1,0,1,1,1,0,0,0,0,0,0,0,0,0,0,0,0,0,0,0,0
2047,1,0,1,1,1,5,0,0,0,0,0,0,0,0,0,0,0,0,0,0,0
2047,1,0,1,1,1,10,0,0,0,0,0,0,0,0,0,0,0,0,0,0,0
2047,1,0,1,1,1,15,0,0,0,0,0,0,0,0,0,0,0,0,0,0,0
2047,1,0,1,1,1,20,3,3,0,3,0,0,3,3,3,0,0,0,0,0,0
2047,1,0,1,1,1,25,17,17,0,17,0,0,17,17,17,0,0,0,0,0,0
2047,1,0,1,1,1,30,38,38,0,38,0,0,38,38,38,0,0,1,0,0,0
2047,1,0,1,1,1,35,59,59,0,59,0,0,59,58,58,0,0,1,0,0,0
2047,1,0,1,1,1,40,53,53,0,53,1,1,53,53,52,0,0,1,0,0,0
2047,1,0,1,1,1,45,73,73,0,73,1,1,73,73,67,0,0,1,0,0,0
2047,1,0,1,1,1,50,100,100,0,100,0,0,100,99,83,0,0,2,0,0,0
2047,1,0,1,1,1,55,73,73,0,73,3,1,73,73,58,0,0,0,0,0,0
2047,1,0,1,1,1,60,228,228,0,228,7,0,228,190,158,0,0,3,0,0,0
2047,1,0,1,1,1,100,0,0,0,0,0,0,0,0,0,0,0,0,0,0,0
2047,1,1,0,0,0,0,5983,0,0,0,9,0,419,1961,0,0,205,0,0,0,0
2047,1,1,0,0,0,5,5863,0,0,0,1,0,0,2020,0,0,0,0,0,0,0
2047,1,1,0,0,0,10,6090,0,0,0,0,0,122,2108,0,0,134,0,0,0,0
2047,1,1,0,0,0,15,5787,0,0,0,4,0,1391,3386,0,0,1017,0,0,0,0
2047,1,1,0,0,0,20,5381,0,0,0,2,0,2611,4529,0,0,1988,0,0,0,0
2047,1,1,0,0,0,25,4652,0,0,0,0,0,2870,4462,0,0,2123,0,0,0,0
2047,1,1,0,0,0,30,4243,0,0,0,2,0,2779,4208,0,0,2083,0,0,0,0
2047,1,1,0,0,0,35,3468,0,0,0,3,0,2307,3459,0,0,1704,0,0,0,0
2047,1,1,0,0,0,40,2817,0,0,0,0,0,1847,2815,0,0,1346,0,0,0,0
2047,1,1,0,0,0,45,2387,0,0,0,1,0,1577,2386,0,0,1101,0,0,0,0
2047,1,1,0,0,0,50,1968,0,0,0,2,0,1282,1968,0,0,935,0,0,0,0
2047,1,1,0,0,0,55,1571,0,0,0,7,0,1044,1571,0,0,740,0,0,0,0
2047,1,1,0,0,0,60,2718,0,0,0,49,0,1294,2232,0,0,954,0,0,0,0
2047,1,1,0,0,0,100,17,0,0,0,0,0,0,0,0,0,0,0,0,0,0
2047,1,1,0,0,1,0,0,0,0,0,0,0,0,0,0,0,0,0,0,0,0
2047,1,1,0,0,1,5,0,0,0,0,0,0,0,0,0,0,0,0,0,0,0
2047,1,1,0,0,1,10,0,0,0,0,0,0,0,0,0,0,0,0,0,0,0
2047,1,1,0,0,1,15,0,0,0,0,0,0,0,0,0,0,0,0,0,0,0
2047,1,1,0,0,1,20,0,0,0,0,0,0,0,0,0,0,0,0,0,0,0
2047,1,1,0,0,1,25,0,0,0,0,0,0,0,0,0,0,0,0,0,0,0
2047,1,1,0,0,1,30,0,0,0,0,0,0,0,0,0,0,0,0,0,0,0
2047,1,1,0,0,1,35,0,0,0,0,0,0,0,0,0,0,0,0,0,0,0
2047,1,1,0,0,1,40,0,0,0,0,0,0,0,0,0,0,0,0,0,0,0
2047,1,1,0,0,1,45,0,0,0,0,0,0,0,0,0,0,0,0,0,0,0
2047,1,1,0,0,1,50,0,0,0,0,0,0,0,0,0,0,0,0,0,0,0
2047,1,1,0,0,1,55,0,0,0,0,0,0,0,0,0,0,0,0,0,0,0
2047,1,1,0,0,1,60,0,0,0,0,0,0,0,0,0,0,0,0,0,0,0
2047,1,1,0,0,1,100,0,0,0,0,0,0,0,0,0,0,0,0,0,0,0
2047,1,1,0,1,0,0,11,11,3,0,0,0,1,3,3,1,0,0,0,0,0
2047,1,1,0,1,0,5,7,7,0,0,0,0,0,2,2,0,0,0,0,0,0
2047,1,1,0,1,0,10,13,13,2,0,2,2,1,5,5,1,0,0,0,0,0
2047,1,1,0,1,0,15,85,85,28,0,3,3,18,50,13,12,0,34,0,0,0
2047,1,1,0,1,0,20,168,168,23,0,0,0,35,127,55,32,0,13,0,0,0
2047,1,1,0,1,0,25,191,191,36,0,1,1,61,174,91,44,0,8,0,0,0
2047,1,1,0,1,0,30,218,218,49,0,1,1,63,209,113,35,0,13,0,0,0
2047,1,1,0,1,0,35,155,155,25,0,2,2,34,151,95,22,0,9,0,0,0
2047,1,1,0,1,0,40,132,132,13,0,1,1,28,127,75,14,0,5,0,0,0
2047,1,1,0,1,0,45,182,182,15,0,2,2,23,172,111,16,0,8,0,0,0
2047,1,1,0,1,0,50,212,212,7,0,2,1,25,206,147,21,0,4,0,0,0
2047,1,1,0,1,0,55,180,180,6,0,4,3,11,171,125,12,0,7,0,0,0
2047,1,1,0,1,0,60,414,414,12,0,11,8,33,349,271,37,0,4,0,0,0
2047,1,1,0,1,0,100,0,0,0,0,0,0,0,0,0,0,0,0,0,0,0
2047,1,1,0,1,1,0,3,3,0,3,0,0,3,3,3,0,0,0,0,0,0
2047,1,1,0,1,1,5,7,7,0,7,0,0,7,7,7,0,0,0,0,0,0
2047,1,1,0,1,1,10,11,11,0,11,0,0,11,11,11,0,0,0,0,0,0
2047,1,1,0,1,1,15,61,61,0,61,0,0,61,56,48,0,0,1,0,0,0
2047,1,1,0,1,1,20,341,341,0,341,2,1,341,296,229,0,0,1,0,0,0
2047,1,1,0,1,1,25,685,685,0,685,1,1,685,618,475,0,0,7,0,0,0
2047,1,1,0,1,1,30,1101,1101,0,1101,2,1,1101,1036,786,0,0,15,0,0,0
2047,1,1,0,1,1,35,1437,1437,0,1437,4,1,1437,1384,1070,0,0,9,0,0,0
2047,1,1,0,1,1,40,1665,1665,0,1665,4,0,1665,1571,1162,0,0,8,0,0,0
2047,1,1,0,1,1,45,1752,1752,0,1752,3,0,1752,1682,1237,0,0,7,0,0,0
2047,1,1,0,1,1,50,1799,1799,0,1799,9,4,1799,1726,1307,0,0,12,0,0,0
2047,1,1,0,1,1,55,1862,1862,0,1862,12,1,1862,1790,1388,0,0,5,0,0,0
2047,1,1,0,1,1,60,3871,3871,0,3871,58,9,3871,3271,2665,0,0,3,0,0,0
2047,1,1,0,1,1,100,4,4,0,4,0,0,4,2,2,0,0,0,0,0,0
2047.5,1,0,0,0,0,0,5977,0,0,0,20,0,463,2033,0,0,204,0,0,0,0
2047.5,1,0,0,0,0,5,5818,0,0,0,5,0,0,1951,0,0,0,0,0,0,0
2047.5,1,0,0,0,0,10,5993,0,0,0,3,0,2,2008,0,0,2,0,0,0,3
2047.5,1,0,0,0,0,15,5636,0,0,0,0,0,442,2278,0,0,400,0,0,0,18
2047.5,1,0,0,0,0,20,5214,0,0,0,4,0,2120,3741,0,0,1610,0,0,0,29
2047.5,1,0,0,0,0,25,4661,0,0,0,5,0,2633,4145,0,0,1885,0,0,0,16
2047.5,1,0,0,0,0,30,4269,0,0,0,7,0,2653,4088,0,0,1909,0,0,0,4
2047.5,1,0,0,0,0,35,3655,0,0,0,7,0,2370,3595,0,0,1794,0,0,0,0
2047.5,1,0,0,0,0,40,3012,0,0,0,9,0,1980,2994,0,0,1362,0,0,0,0
2047.5,1,0,0,0,0,45,2478,0,0,0,4,0,1617,2468,0,0,1192,0,0,0,0
2047.5,1,0,0,0,0,50,2052,0,0,0,7,0,1381,2050,0,0,1047,0,0,0,0
2047.5,1,0,0,0,0,55,1596,0,0,0,19,0,1041,1595,0,0,724,0,0,0,0
2047.5,1,0,0,0,0,60,2209,0,0,0,56,0,1293,1946,0,0,880,0,0,0,0
2047.5,1,0,0,0,0,100,1,0,0,0,0,0,0,0,0,0,0,0,0,0,0
2047.5,1,0,0,0,1,0,0,0,0,0,0,0,0,0,0,0,0,0,0,0,0
2047.5,1,0,0,0,1,5,0,0,0,0,0,0,0,0,0,0,0,0,0,0,0
2047.5,1,0,0,0,1,10,0,0,0,0,0,0,0,0,0,0,0,0,0,0,0
2047.5,1,0,0,0,1,15,0,0,0,0,0,0,0,0,0,0,0,0,0,0,0
2047.5,1,0,0,0,1,20,0,0,0,0,0,0,0,0,0,0,0,0,0,0,0
2047.5,1,0,0,0,1,25,0,0,0,0,0,0,0,0,0,0,0,0,0,0,0
2047.5,1,0,0,0,1,30,0,0,0,0,0,0,0,0,0,0,0,0,0,0,0
2047.5,1,0,0,0,1,35,0,0,0,0,0,0,0,0,0,0,0,0,0,0,0
2047.5,1,0,0,0,1,40,0,0,0,0,0,0,0,0,0,0,0,0,0,0,0
2047.5,1,0,0,0,1,45,0,0,0,0,0,0,0,0,0,0,0,0,0,0,0
2047.5,1,0,0,0,1,50,0,0,0,0,0,0,0,0,0,0,0,0,0,0,0
2047.5,1,0,0,0,1,55,0,0,0,0,0,0,0,0,0,0,0,0,0,0,0
2047.5,1,0,0,0,1,60,0,0,0,0,0,0,0,0,0,0,0,0,0,0,0
2047.5,1,0,0,0,1,100,0,0,0,0,0,0,0,0,0,0,0,0,0,0,0
2047.5,1,0,0,1,0,0,19,19,3,0,2,2,1,2,2,4,0,0,0,0,0
2047.5,1,0,0,1,0,5,10,10,0,0,0,0,0,3,3,0,0,0,0,0,0
2047.5,1,0,0,1,0,10,12,12,0,0,2,2,1,2,2,1,0,0,0,0,0
2047.5,1,0,0,1,0,15,25,25,5,0,0,0,1,10,7,1,0,1,0,0,1
2047.5,1,0,0,1,0,20,83,83,17,0,2,1,18,54,22,11,0,14,0,0,0
2047.5,1,0,0,1,0,25,138,138,28,0,0,0,37,111,64,29,0,30,0,0,0
2047.5,1,0,0,1,0,30,190,190,23,0,2,2,42,176,124,31,0,38,0,0,0
2047.5,1,0,0,1,0,35,200,200,27,0,2,1,47,189,141,32,0,22,0,0,0
2047.5,1,0,0,1,0,40,221,221,28,0,2,2,45,219,162,20,0,15,0,0,0
2047.5,1,0,0,1,0,45,151,151,30,0,4,3,28,151,96,13,0,15,0,0,0
2047.5,1,0,0,1,0,50,99,99,7,0,2,1,15,99,78,17,0,2,0,0,0
2047.5,1,0,0,1,0,55,96,96,8,0,1,1,13,94,75,7,0,0,0,0,0
2047.5,1,0,0,1,0,60,218,218,19,0,5,2,28,170,118,22,0,8,0,0,0
2047.5,1,0,0,1,0,100,0,0,0,0,0,0,0,0,0,0,0,0,0,0,0
2047.5,1,0,0,1,1,0,6,6,0,6,0,0,6,6,6,0,0,0,0,0,0
2047.5,1,0,0,1,1,5,9,9,0,9,0,0,9,9,9,0,0,0,0,0,0
2047.5,1,0,0,1,1,10,6,6,0,6,0,0,6,6,6,0,0,0,0,0,0
2047.5,1,0,0,1,1,15,12,12,0,12,0,0,12,12,12,0,0,0,0,0,0
2047.5,1,0,0,1,1,20,41,41,0,41,1,1,41,41,41,0,0,2,0,0,0
2047.5,1,0,0,1,1,25,162,162,0,162,2,2,162,162,162,0,0,5,0,0,0
2047.5,1,0,0,1,1,30,379,379,0,379,3,3,379,378,377,0,0,12,0,0,0
2047.5,1,0,0,1,1,35,528,528,0,528,1,0,528,525,518,0,0,7,0,0,0
2047.5,1,0,0,1,1,40,637,637,0,637,2,0,637,636,621,0,0,8,0,0,0
2047.5,1,0,0,1,1,45,801,801,0,801,5,2,801,793,724,0,0,14,0,0,0
2047.5,1,0,0,1,1,50,997,997,0,997,9,2,997,986,869,0,0,6,0,0,0
2047.5,1,0,0,1,1,55,1008,1008,0,1008,10,0,1008,1003,849,0,0,6,0,0,0
2047.5,1,0,0,1,1,60,2239,2239,0,2239,68,7,2239,1868,1544,0,0,25,0,0,0
2047.5,1,0,0,1,1,100,0,0,0,0,0,0,0,0,0,0,0,0,0,0,0
2047.5,1,0,1,0,0,0,0,0,0,0,0,0,0,0,0,0,0,0,0,0,0
2047.5,1,0,1,0,0,5,1,0,0,0,0,0,0,0,0,0,0,0,0,0,0
2047.5,1,0,1,0,0,10,26,0,0,0,0,0,0,7,0,0,0,0,0,0,0
2047.5,1,0,1,0,0,15,133,0,0,0,0,0,19,60,0,0,19,0,0,0,0
2047.5,1,0,1,0,0,20,409,0,0,0,0,0,177,305,0,0,129,0,0,0,0
2047.5,1,0,1,0,0,25,611,0,0,0,1,0,350,538,0,0,261,0,0,0,0
2047.5,1,0,1,0,0,30,594,0,0,0,0,0,376,564,0,0,269,0,0,0,0
2047.5,1,0,1,0,0,35,559,0,0,0,0,0,355,550,0,0,271,0,0,0,0
2047.5,1,0,1,0,0,40,471,0,0,0,0,0,309,468,0,0,201,0,0,0,0
2047.5,1,0,1,0,0,45,373,0,0,0,1,0,230,371,0,0,176,0,0,0,0
2047.5,1,0,1,0,0,50,339,0,0,0,1,0,228,338,0,0,145,0,0,0,0
2047.5,1,0,1,0,0,55,284,0,0,0,3,0,185,283,0,0,133,0,0,0,0
2047.5,1,0,1,0,0,60,414,0,0,0,11,0,245,360,0,0,160,0,0,0,0
2047.5,1,0,1,0,0,100,0,0,0,0,0,0,0,0,0,0,0,0,0,0,0
2047.5,1,0,1,0,1,0,0,0,0,0,0,0,0,0,0,0,0,0,0,0,0
2047.5,1,0,1,0,1,5,0,0,0,0,0,0,0,0,0,0,0,0,0,0,0
2047.5,1,0,1,0,1,10,0,0,0,0,0,0,0,0,0,0,0,0,0,0,0
2047.5,1,0,1,0,1,15,0,0,0,0,0,0,0,0,0,0,0,0,0,0,0
2047.5,1,0,1,0,1,20,0,0,0,0,0,0,0,0,0,0,0,0,0,0,0
2047.5,1,0,1,0,1,25,0,0,0,0,0,0,0,0,0,0,0,0,0,0,0
2047.5,1,0,1,0,1,30,0,0,0,0,0,0,0,0,0,0,0,0,0,0,0
2047.5,1,0,1,0,1,35,0,0,0,0,0,0,0,0,0,0,0,0,0,0,0
2047.5,1,0,1,0,1,40,0,0,0,0,0,0,0,0,0,0,0,0,0,0,0
2047.5,1,0,1,0,1,45,0,0,0,0,0,0,0,0,0,0,0,0,0,0,0
2047.5,1,0,1,0,1,50,0,0,0,0,0,0,0,0,0,0,0,0,0,0,0
2047.5,1,0,1,0,1,55,0,0,0,0,0,0,0,0,0,0,0,0,0,0,0
2047.5,1,0,1,0,1,60,0,0,0,0,0,0,0,0,0,0,0,0,0,0,0
2047.5,1,0,1,0,1,100,0,0,0,0,0,0,0,0,0,0,0,0,0,0,0
2047.5,1,0,1,1,0,0,0,0,0,0,0,0,0,0,0,0,0,0,0,0,0
2047.5,1,0,1,1,0,5,0,0,0,0,0,0,0,0,0,0,0,0,0,0,0
2047.5,1,0,1,1,0,10,1,1,0,0,0,0,0,0,0,0,0,0,0,0,0
2047.5,1,0,1,1,0,15,1,1,0,0,0,0,0,1,1,0,0,0,0,0,0
2047.5,1,0,1,1,0,20,4,4,0,0,0,0,1,3,2,1,0,1,0,0,0
2047.5,1,0,1,1,0,25,8,8,1,0,0,0,1,6,3,0,0,0,0,0,0
2047.5,1,0,1,1,0,30,17,17,4,0,0,0,4,16,11,5,0,1,0,0,0
2047.5,1,0,1,1,0,35,9,9,0,0,0,0,1,9,8,0,0,0,0,0,0
2047.5,1,0,1,1,0,40,18,18,0,0,0,0,3,18,15,2,0,1,0,0,0
2047.5,1,0,1,1,0,45,8,8,2,0,0,0,1,8,5,1,0,0,0,0,0
2047.5,1,0,1,1,0,50,10,10,1,0,0,0,0,10,7,1,0,0,0,0,0
2047.5,1,0,1,1,0,55,13,13,1,0,0,0,2,13,7,0,0,0,0,0,0
2047.5,1,0,1,1,0,60,16,16,1,0,1,1,2,13,9,1,0,1,0,0,0
2047.5,1,0,1,1,0,100,0,0,0,0,0,0,0,0,0,0,0,0,0,0,0
2047.5,1,0,1,1,1,0,0,0,0,0,0,0,0,0,0,0,0,0,0,0,0
2047.5,1,0,1,1,1,5,0,0,0,0,0,0,0,0,0,0,0,0,0,0,0
2047.5,1,0,1,1,1,10,0,0,0,0,0,0,0,0,0,0,0,0,0,0,0
2047.5,1,0,1,1,1,15,0,0,0,0,0,0,0,0,0,0,0,0,0,0,0
2047.5,1,0,1,1,1,20,2,2,0,2,0,0,2,2,2,0,0,0,0,0,0
2047.5,1,0,1,1,1,25,14,14,0,14,0,0,14,14,14,0,0,0,0,0,0
2047.5,1,0,1,1,1,30,41,41,0,41,0,0,41,41,41,0,0,1,0,0,0
2047.5,1,0,1,1,1,35,57,57,0,57,0,0,57,56,56,0,0,3,0,0,0
2047.5,1,0,1,1,1,40,58,58,0,58,2,1,58,58,56,0,0,1,0,0,0
2047.5,1,0,1,1,1,45,73,73,0,73,0,0,73,73,67,0,0,1,0,0,0
2047.5,1,0,1,1,1,50,93,93,0,93,2,0,93,92,80,0,0,1,0,0,0
2047.5,1,0,1,1,1,55,76,76,0,76,2,1,76,76,56,0,0,0,0,0,0
2047.5,1,0,1,1,1,60,229,229,0,229,7,0,229,194,163,0,0,2,0,0,0
2047.5,1,0,1,1,1,100,0,0,0,0,0,0,0,0,0,0,0,0,0,0,0
2047.5,1,1,0,0,0,0,5995,0,0,0,13,0,444,1978,0,0,212,0,0,0,0
2047.5,1,1,0,0,0,5,5857,0,0,0,1,0,0,2003,0,0,0,0,0,0,0
2047.5,1,1,0,0,0,10,6091,0,0,0,0,0,110,2108,0,0,115,0,0,0,0
2047.5,1,1,0,0,0,15,5804,0,0,0,0,0,1391,3387,0,0,1132,0,0,0,0
2047.5,1,1,0,0,0,20,5400,0,0,0,3,0,2569,4568,0,0,1973,0,0,0,0
2047.5,1,1,0,0,0,25,4632,0,0,0,2,0,2826,4450,0,0,2185,0,0,0,0
2047.5,1,1,0,0,0,30,4277,0,0,0,0,0,2772,4242,0,0,2084,0,0,0,0
2047.5,1,1,0,0,0,35,3516,0,0,0,3,0,2341,3506,0,0,1761,0,0,0,0
2047.5,1,1,0,0,0,40,2859,0,0,0,3,0,1893,2857,0,0,1403,0,0,0,0
2047.5,1,1,0,0,0,45,2401,0,0,0,8,0,1597,2400,0,0,1157,0,0,0,0
2047.5,1,1,0,0,0,50,2001,0,0,0,1,0,1320,2001,0,0,992,0,0,0,0
2047.5,1,1,0,0,0,55,1592,0,0,0,6,0,1038,1592,0,0,752,0,0,0,0
2047.5,1,1,0,0,0,60,2784,0,0,0,44,0,1381,2323,0,0,966,0,0,0,0
2047.5,1,1,0,0,0,100,17,0,0,0,1,0,0,0,0,0,0,0,0,0,0
2047.5,1,1,0,0,1,0,0,0,0,0,0,0,0,0,0,0,0,0,0,0,0
2047.5,1,1,0,0,1,5,0,0,0,0,0,0,0,0,0,0,0,0,0,0,0
2047.5,1,1,0,0,1,10,0,0,0,0,0,0,0,0,0,0,0,0,0,0,0
2047.5,1,1,0,0,1,15,0,0,0,0,0,0,0,0,0,0,0,0,0,0,0
2047.5,1,1,0,0,1,20,0,0,0,0,0,0,0,0,0,0,0,0,0,0,0
2047.5,1,1,0,0,1,25,0,0,0,0,0,0,0,0,0,0,0,0,0,0,0
2047.5,1,1,0,0,1,30,0,0,0,0,0,0,0,0,0,0,0,0,0,0,0
2047.5,1,1,0,0,1,35,0,0,0,0,0,0,0,0,0,0,0,0,0,0,0
2047.5,1,1,0,0,1,40,0,0,0,0,0,0,0,0,0,0,0,0,0,0,0
2047.5,1,1,0,0,1,45,0,0,0,0,0,0,0,0,0,0,0,0,0,0,0
2047.5,1,1,0,0,1,50,0,0,0,0,0,0,0,0,0,0,0,0,0,0,0
2047.5,1,1,0,0,1,55,0,0,0,0,0,0,0,0,0,0,0,0,0,0,0
2047.5,1,1,0,0,1,60,0,0,0,0,0,0,0,0,0,0,0,0,0,0,0
2047.5,1,1,0,0,1,100,0,0,0,0,0,0,0,0,0,0,0,0,0,0,0
2047.5,1,1,0,1,0,0,11,11,6,0,1,1,1,3,3,4,0,0,0,0,0
2047.5,1,1,0,1,0,5,8,8,0,0,0,0,0,1,1,0,0,0,0,0,0
2047.5,1,1,0,1,0,10,12,12,4,0,3,3,1,7,6,2,0,4,0,0,0
2047.5,1,1,0,1,0,15,87,87,30,0,2,2,16,56,14,17,0,24,0,0,0
2047.5,1,1,0,1,0,20,159,159,38,0,1,1,37,120,52,35,0,16,0,0,0
2047.5,1,1,0,1,0,25,181,181,37,0,2,2,64,165,89,32,0,18,0,0,0
2047.5,1,1,0,1,0,30,218,218,34,0,2,2,52,206,113,39,0,9,0,0,0
2047.5,1,1,0,1,0,35,163,163,24,0,1,1,23,160,91,12,0,7,0,0,0
2047.5,1,1,0,1,0,40,140,140,18,0,1,1,28,134,82,16,0,4,0,0,0
2047.5,1,1,0,1,0,45,195,195,16,0,2,2,23,185,112,19,0,9,0,0,0
2047.5,1,1,0,1,0,50,214,214,12,0,4,4,19,209,153,13,0,12,0,0,0
2047.5,1,1,0,1,0,55,197,197,10,0,5,4,25,190,131,19,0,0,0,0,0
2047.5,1,1,0,1,0,60,442,442,20,0,13,10,29,378,289,32,0,8,0,0,0
2047.5,1,1,0,1,0,100,0,0,0,0,0,0,0,0,0,0,0,0,0,0,0
2047.5,1,1,0,1,1,0,7,7,0,7,0,0,7,7,7,0,0,0,0,0,0
2047.5,1,1,0,1,1,5,5,5,0,5,0,0,5,5,5,0,0,0,0,0,0
2047.5,1,1,0,1,1,10,11,11,0,11,1,1,11,11,11,0,0,1,0,0,0
2047.5,1,1,0,1,1,15,65,65,0,65,0,0,65,57,47,0,0,3,0,0,0
2047.5,1,1,0,1,1,20,341,341,0,341,1,1,341,296,232,0,0,4,0,0,0
2047.5,1,1,0,1,1,25,691,691,0,691,0,0,691,626,487,0,0,5,0,0,0
2047.5,1,1,0,1,1,30,1093,1093,0,1093,1,0,1093,1027,771,0,0,14,0,0,0
2047.5,1,1,0,1,1,35,1422,1422,0,1422,5,4,1422,1368,1072,0,0,10,0,0,0
2047.5,1,1,0,1,1,40,1663,1663,0,1663,5,2,1663,1577,1159,0,0,13,0,0,0
2047.5,1,1,0,1,1,45,1719,1719,0,1719,5,2,1719,1643,1212,0,0,10,0,0,0
2047.5,1,1,0,1,1,50,1785,1785,0,1785,7,3,1785,1710,1287,0,0,15,0,0,0
2047.5,1,1,0,1,1,55,1868,1868,0,1868,14,4,1868,1796,1387,0,0,7,0,0,0
2047.5,1,1,0,1,1,60,3986,3986,0,3986,54,12,3986,3399,2767,0,0,9,0,0,0
2047.5,1,1,0,1,1,100,3,3,0,3,1,0,3,1,1,0,0,0,0,0,0
2048,1,0,0,0,0,0,6007,0,0,0,11,0,428,2028,0,0,179,0,0,0,0
2048,1,0,0,0,0,5,5839,0,0,0,1,0,0,1962,0,0,0,0,0,0,0
2048,1,0,0,0,0,10,5998,0,0,0,5,0,1,1989,0,0,2,0,0,0,5
2048,1,0,0,0,0,15,5611,0,0,0,1,0,462,2286,0,0,388,0,0,0,19
2048,1,0,0,0,0,20,5220,0,0,0,3,0,2058,3709,0,0,1596,0,0,0,35
2048,1,0,0,0,0,25,4666,0,0,0,3,0,2613,4135,0,0,1980,0,0,0,18
2048,1,0,0,0,0,30,4288,0,0,0,3,0,2632,4120,0,0,1951,0,0,0,1
2048,1,0,0,0,0,35,3717,0,0,0,5,0,2399,3653,0,0,1668,0,0,0,0
2048,1,0,0,0,0,40,3048,0,0,0,8,0,1982,3030,0,0,1419,0,0,0,0
2048,1,0,0,0,0,45,2459,0,0,0,5,0,1631,2451,0,0,1197,0,0,0,0
2048,1,0,0,0,0,50,2079,0,0,0,16,0,1376,2075,0,0,1014,0,0,0,0
2048,1,0,0,0,0,55,1581,0,0,0,19,0,1033,1581,0,0,742,0,0,0,0
2048,1,0,0,0,0,60,2296,0,0,0,57,0,1335,2047,0,0,962,0,0,0,0
2048,1,0,0,0,0,100,1,0,0,0,0,0,0,0,0,0,0,0,0,0,0
2048,1,0,0,0,1,0,0,0,0,0,0,0,0,0,0,0,0,0,0,0,0
2048,1,0,0,0,1,5,0,0,0,0,0,0,0,0,0,0,0,0,0,0,0
2048,1,0,0,0,1,10,0,0,0,0,0,0,0,0,0,0,0,0,0,0,0
2048,1,0,0,0,1,15,0,0,0,0,0,0,0,0,0,0,0,0,0,0,0
2048,1,0,0,0,1,20,0,0,0,0,0,0,0,0,0,0,0,0,0,0,0
2048,1,0,0,0,1,25,0,0,0,0,0,0,0,0,0,0,0,0,0,0,0
2048,1,0,0,0,1,30,0,0,0,0,0,0,0,0,0,0,0,0,0,0,0
2048,1,0,0,0,1,35,0,0,0,0,0,0,0,0,0,0,0,0,0,0,0
2048,1,0,0,0,1,40,0,0,0,0,0,0,0,0,0,0,0,0,0,0,0
2048,1,0,0,0,1,45,0,0,0,0,0,0,0,0,0,0,0,0,0,0,0
2048,1,0,0,0,1,50,0,0,0,0,0,0,0,0,0,0,0,0,0,0,0
2048,1,0,0,0,1,55,0,0,0,0,0,0,0,0,0,0,0,0,0,0,0
2048,1,0,0,0,1,60,0,0,0,0,0,0,0,0,0,0,0,0,0,0,0
2048,1,0,0,0,1,100,0,0,0,0,0,0,0,0,0,0,0,0,0,0,0
2048,1,0,0,1,0,0,19,19,3,0,1,1,0,2,2,0,0,0,0,0,0
2048,1,0,0,1,0,5,13,13,0,0,0,0,0,3,3,0,0,0,0,0,0
2048,1,0,0,1,0,10,9,9,0,0,1,1,0,0,0,0,0,0,0,0,0
2048,1,0,0,1,0,15,23,23,2,0,0,0,0,6,3,0,0,1,0,0,0
2048,1,0,0,1,0,20,75,75,16,0,0,0,18,50,23,14,0,12,0,0,2
2048,1,0,0,1,0,25,142,142,24,0,2,2,36,113,58,21,0,27,0,0,0
2048,1,0,0,1,0,30,190,190,22,0,0,0,33,173,124,29,0,28,0,0,0
2048,1,0,0,1,0,35,190,190,14,0,6,6,42,181,135,30,0,23,0,0,0
2048,1,0,0,1,0,40,214,214,26,0,5,4,52,212,164,40,0,23,0,0,0
2048,1,0,0,1,0,45,148,148,18,0,1,0,32,148,107,24,0,14,0,0,0
2048,1,0,0,1,0,50,105,105,13,0,3,2,14,105,82,7,0,9,0,0,0
2048,1,0,0,1,0,55,117,117,19,0,3,1,23,116,82,9,0,3,0,0,0
2048,1,0,0,1,0,60,233,233,14,0,15,3,26,194,152,19,0,9,0,0,0
2048,1,0,0,1,0,100,0,0,0,0,0,0,0,0,0,0,0,0,0,0,0
2048,1,0,0,1,1,0,4,4,0,4,0,0,4,4,4,0,0,0,0,0,0
2048,1,0,0,1,1,5,9,9,0,9,0,0,9,9,9,0,0,0,0,0,0
2048,1,0,0,1,1,10,5,5,0,5,0,0,5,5,5,0,0,0,0,0,0
2048,1,0,0,1,1,15,14,14,0,14,0,0,14,14,14,0,0,0,0,0,0
2048,1,0,0,1,1,20,48,48,0,48,0,0,48,47,44,0,0,3,0,0,0
2048,1,0,0,1,1,25,172,172,0,172,0,0,172,172,172,0,0,4,0,0,0
2048,1,0,0,1,1,30,354,354,0,354,1,0,354,353,352,0,0,14,0,0,0
2048,1,0,0,1,1,35,533,533,0,533,3,3,533,529,521,0,0,11,0,0,0
2048,1,0,0,1,1,40,659,659,0,659,2,2,659,659,638,0,0,10,0,0,0
2048,1,0,0,1,1,45,790,790,0,790,3,1,790,785,715,0,0,10,0,0,0
2048,1,0,0,1,1,50,994,994,0,994,8,3,994,980,861,0,0,15,0,0,0
2048,1,0,0,1,1,55,992,992,0,992,9,3,992,987,834,0,0,7,0,0,0
2048,1,0,0,1,1,60,2265,2265,0,2265,69,7,2265,1909,1566,0,0,19,0,0,0
2048,1,0,0,1,1,100,0,0,0,0,0,0,0,0,0,0,0,0,0,0,0
2048,1,0,1,0,0,0,0,0,0,0,0,0,0,0,0,0,0,0,0,0,0
2048,1,0,1,0,0,5,1,0,0,0,0,0,0,0,0,0,0,0,0,0,0
2048,1,0,1,0,0,10,24,0,0,0,0,0,0,7,0,0,0,0,0,0,0
2048,1,0,1,0,0,15,134,0,0,0,0,0,12,57,0,0,15,0,0,0,0
2048,1,0,1,0,0,20,401,0,0,0,0,0,182,297,0,0,148,0,0,0,0
2048,1,0,1,0,0,25,631,0,0,0,0,0,380,561,0,0,286,0,0,0,0
2048,1,0,1,0,0,30,601,0,0,0,1,0,373,568,0,0,270,0,0,0,0
2048,1,0,1,0,0,35,545,0,0,0,1,0,356,536,0,0,262,0,0,0,0
2048,1,0,1,0,0,40,497,0,0,0,0,0,331,495,0,0,229,0,0,0,0
2048,1,0,1,0,0,45,376,0,0,0,0,0,235,373,0,0,150,0,0,0,0
2048,1,0,1,0,0,50,345,0,0,0,1,0,227,344,0,0,160,0,0,0,0
2048,1,0,1,0,0,55,289,0,0,0,1,0,192,288,0,0,147,0,0,0,0
2048,1,0,1,0,0,60,422,0,0,0,9,0,247,371,0,0,180,0,0,0,0
2048,1,0,1,0,0,100,0,0,0,0,0,0,0,0,0,0,0,0,0,0,0
2048,1,0,1,0,1,0,0,0,0,0,0,0,0,0,0,0,0,0,0,0,0
2048,1,0,1,0,1,5,0,0,0,0,0,0,0,0,0,0,0,0,0,0,0
2048,1,0,1,0,1,10,0,0,0,0,0,0,0,0,0,0,0,0,0,0,0
2048,1,0,1,0,1,15,0,0,0,0,0,0,0,0,0,0,0,0,0,0,0
2048,1,0,1,0,1,20,0,0,0,0,0,0,0,0,0,0,0,0,0,0,0
2048,1,0,1,0,1,25,0,0,0,0,0,0,0,0,0,0,0,0,0,0,0
2048,1,0,1,0,1,30,0,0,0,0,0,0,0,0,0,0,0,0,0,0,0
2048,1,0,1,0,1,35,0,0,0,0,0,0,0,0,0,0,0,0,0,0,0
2048,1,0,1,0,1,40,0,0,0,0,0,0,0,0,0,0,0,0,0,0,0
2048,1,0,1,0,1,45,0,0,0,0,0,0,0,0,0,0,0,0,0,0,0
2048,1,0,1,0,1,50,0,0,0,0,0,0,0,0,0,0,0,0,0,0,0
2048,1,0,1,0,1,55,0,0,0,0,0,0,0,0,0,0,0,0,0,0,0
2048,1,0,1,0,1,60,0,0,0,0,0,0,0,0,0,0,0,0,0,0,0
2048,1,0,1,0,1,100,0,0,0,0,0,0,0,0,0,0,0,0,0,0,0
2048,1,0,1,1,0,0,0,0,0,0,0,0,0,0,0,0,0,0,0,0,0
2048,1,0,1,1,0,5,0,0,0,0,0,0,0,0,0,0,0,0,0,0,0
2048,1,0,1,1,0,10,1,1,0,0,0,0,0,0,0,0,0,0,0,0,0
2048,1,0,1,1,0,15,1,1,0,0,0,0,0,1,1,0,0,0,0,0,0
2048,1,0,1,1,0,20,3,3,0,0,0,0,0,2,0,1,0,0,0,0,0
2048,1,0,1,1,0,25,8,8,2,0,0,0,2,6,2,2,0,4,0,0,0
2048,1,0,1,1,0,30,15,15,0,0,1,1,0,15,11,0,0,2,0,0,0
2048,1,0,1,1,0,35,11,11,1,0,0,0,2,10,8,1,0,0,0,0,0
2048,1,0,1,1,0,40,17,17,1,0,0,0,2,17,15,2,0,4,0,0,0
2048,1,0,1,1,0,45,11,11,2,0,0,0,2,11,9,1,0,1,0,0,0
2048,1,0,1,1,0,50,14,14,3,0,0,0,3,14,10,2,0,1,0,0,0
2048,1,0,1,1,0,55,12,12,1,0,0,0,5,12,6,2,0,1,0,0,0
2048,1,0,1,1,0,60,22,22,3,0,0,0,2,17,12,2,0,1,0,0,0
2048,1,0,1,1,0,100,0,0,0,0,0,0,0,0,0,0,0,0,0,0,0
2048,1,0,1,1,1,0,0,0,0,0,0,0,0,0,0,0,0,0,0,0,0
2048,1,0,1,1,1,5,0,0,0,0,0,0,0,0,0,0,0,0,0,0,0
2048,1,0,1,1,1,10,0,0,0,0,0,0,0,0,0,0,0,0,0,0,0
2048,1,0,1,1,1,15,0,0,0,0,0,0,0,0,0,0,0,0,0,0,0
2048,1,0,1,1,1,20,4,4,0,4,0,0,4,4,4,0,0,0,0,0,0
2048,1,0,1,1,1,25,14,14,0,14,0,0,14,14,14,0,0,0,0,0,0
2048,1,0,1,1,1,30,41,41,0,41,0,0,41,41,41,0,0,2,0,0,0
2048,1,0,1,1,1,35,48,48,0,48,0,0,48,47,47,0,0,0,0,0,0
2048,1,0,1,1,1,40,64,64,0,64,0,0,64,64,62,0,0,1,0,0,0
2048,1,0,1,1,1,45,71,71,0,71,0,0,71,71,65,0,0,0,0,0,0
2048,1,0,1,1,1,50,85,85,0,85,0,0,85,84,72,0,0,0,0,0,0
2048,1,0,1,1,1,55,83,83,0,83,0,0,83,83,64,0,0,0,0,0,0
2048,1,0,1,1,1,60,229,229,0,229,8,0,229,196,163,0,0,0,0,0,0
2048,1,0,1,1,1,100,0,0,0,0,0,0,0,0,0,0,0,0,0,0,0
2048,1,1,0,0,0,0,6012,0,0,0,7,0,434,1991,0,0,198,0,0,0,0
2048,1,1,0,0,0,5,5848,0,0,0,1,0,0,1988,0,0,0,0,0,0,0
2048,1,1,0,0,0,10,6082,0,0,0,3,0,111,2098,0,0,116,0,0,0,0
2048,1,1,0,0,0,15,5841,0,0,0,3,0,1398,3400,0,0,1076,0,0,0,0
2048,1,1,0,0,0,20,5352,0,0,0,0,0,2602,4537,0,0,2077,0,0,0,0
2048,1,1,0,0,0,25,4697,0,0,0,1,0,2851,4506,0,0,2142,0,0,0,0
2048,1,1,0,0,0,30,4272,0,0,0,1,0,2831,4237,0,0,2146,0,0,0,0
2048,1,1,0,0,0,35,3550,0,0,0,2,0,2379,3542,0,0,1772,0,0,0,0
2048,1,1,0,0,0,40,2910,0,0,0,3,0,1958,2907,0,0,1366,0,0,0,0
2048,1,1,0,0,0,45,2404,0,0,0,6,0,1619,2403,0,0,1216,0,0,0,0
2048,1,1,0,0,0,50,2028,0,0,0,5,0,1359,2028,0,0,1009,0,0,0,0
2048,1,1,0,0,0,55,1623,0,0,0,5,0,1076,1623,0,0,742,0,0,0,0
2048,1,1,0,0,0,60,2848,0,0,0,48,0,1421,2414,0,0,998,0,0,0,0
2048,1,1,0,0,0,100,18,0,0,0,2,0,0,0,0,0,0,0,0,0,0
2048,1,1,0,0,1,0,0,0,0,0,0,0,0,0,0,0,0,0,0,0,0
2048,1,1,0,0,1,5,0,0,0,0,0,0,0,0,0,0,0,0,0,0,0
2048,1,1,0,0,1,10,0,0,0,0,0,0,0,0,0,0,0,0,0,0,0
2048,1,1,0,0,1,15,0,0,0,0,0,0,0,0,0,0,0,0,0,0,0
2048,1,1,0,0,1,20,0,0,0,0,0,0,0,0,0,0,0,0,0,0,0
2048,1,1,0,0,1,25,0,0,0,0,0,0,0,0,0,0,0,0,0,0,0
2048,1,1,0,0,1,30,0,0,0,0,0,0,0,0,0,0,0,0,0,0,0
2048,1,1,0,0,1,35,0,0,0,0,0,0,0,0,0,0,0,0,0,0,0
2048,1,1,0,0,1,40,0,0,0,0,0,0,0,0,0,0,0,0,0,0,0
2048,1,1,0,0,1,45,0,0,0,0,0,0,0,0,0,0,0,0,0,0,0
2048,1,1,0,0,1,50,0,0,0,0,0,0,0,0,0,0,0,0,0,0,0
2048,1,1,0,0,1,55,0,0,0,0,0,0,0,0,0,0,0,0,0,0,0
2048,1,1,0,0,1,60,0,0,0,0,0,0,0,0,0,0,0,0,0,0,0
2048,1,1,0,0,1,100,0,0,0,0,0,0,0,0,0,0,0,0,0,0,0
2048,1,1,0,1,0,0,9,9,3,0,1,1,0,1,1,3,0,0,0,0,0
2048,1,1,0,1,0,5,9,9,0,0,0,0,0,2,2,0,0,0,0,0,0
2048,1,1,0,1,0,10,14,14,4,0,0,0,1,8,6,2,0,0,0,0,0
2048,1,1,0,1,0,15,83,83,24,0,1,1,12,50,13,9,0,17,0,0,0
2048,1,1,0,1,0,20,173,173,41,0,3,3,42,134,51,32,0,17,0,0,0
2048,1,1,0,1,0,25,188,188,43,0,0,0,58,171,96,38,0,13,0,0,0
2048,1,1,0,1,0,30,206,206,33,0,0,0,41,197,109,33,0,6,0,0,0
2048,1,1,0,1,0,35,189,189,36,0,1,1,51,184,105,26,0,11,0,0,0
2048,1,1,0,1,0,40,153,153,25,0,1,1,24,148,92,10,0,7,0,0,0
2048,1,1,0,1,0,45,200,200,14,0,2,1,28,192,127,18,0,12,0,0,0
2048,1,1,0,1,0,50,219,219,10,0,4,4,18,216,153,20,0,14,0,0,0
2048,1,1,0,1,0,55,202,202,9,0,7,6,26,196,146,23,0,8,0,0,0
2048,1,1,0,1,0,60,442,442,20,0,10,5,39,378,281,29,0,5,0,0,0
2048,1,1,0,1,0,100,0,0,0,0,0,0,0,0,0,0,0,0,0,0,0
2048,1,1,0,1,1,0,10,10,0,10,0,0,10,10,10,0,0,0,0,0,0
2048,1,1,0,1,1,5,5,5,0,5,0,0,5,5,5,0,0,0,0,0,0
2048,1,1,0,1,1,10,10,10,0,10,0,0,10,10,10,0,0,0,0,0,0
2048,1,1,0,1,1,15,63,63,0,63,0,0,63,53,44,0,0,1,0,0,0
2048,1,1,0,1,1,20,339,339,0,339,0,0,339,297,232,0,0,4,0,0,0
2048,1,1,0,1,1,25,672,672,0,672,0,0,672,608,473,0,0,5,0,0,0
2048,1,1,0,1,1,30,1091,1091,0,1091,3,2,1091,1023,770,0,0,10,0,0,0
2048,1,1,0,1,1,35,1421,1421,0,1421,2,2,1421,1373,1062,0,0,10,0,0,0
2048,1,1,0,1,1,40,1649,1649,0,1649,5,2,1649,1560,1150,0,0,8,0,0,0
2048,1,1,0,1,1,45,1732,1732,0,1732,3,2,1732,1652,1211,0,0,11,0,0,0
2048,1,1,0,1,1,50,1755,1755,0,1755,5,1,1755,1687,1273,0,0,3,0,0,0
2048,1,1,0,1,1,55,1863,1863,0,1863,9,5,1863,1784,1361,0,0,8,0,0,0
2048,1,1,0,1,1,60,4124,4124,0,4124,63,9,4124,3553,2894,0,0,11,0,0,0
2048,1,1,0,1,1,100,4,4,0,4,0,0,4,1,1,0,0,0,0,0,0
2048.5,1,0,0,0,0,0,6003,0,0,0,15,0,380,2008,0,0,171,0,0,0,0
2048.5,1,0,0,0,0,5,5816,0,0,0,2,0,0,1929,0,0,0,0,0,0,1
2048.5,1,0,0,0,0,10,6005,0,0,0,2,0,0,2018,0,0,1,0,0,0,6
2048.5,1,0,0,0,0,15,5632,0,0,0,5,0,455,2256,0,0,398,0,0,0,23
2048.5,1,0,0,0,0,20,5228,0,0,0,3,0,2115,3742,0,0,1680,0,0,0,26
2048.5,1,0,0,0,0,25,4585,0,0,0,6,0,2539,4057,0,0,1815,0,0,0,18
2048.5,1,0,0,0,0,30,4360,0,0,0,6,0,2728,4193,0,0,2081,0,0,0,1
2048.5,1,0,0,0,0,35,3751,0,0,0,3,0,2413,3686,0,0,1733,0,0,0,0
2048.5,1,0,0,0,0,40,3116,0,0,0,6,0,2054,3098,0,0,1475,0,0,0,0
2048.5,1,0,0,0,0,45,2497,0,0,0,7,0,1667,2490,0,0,1222,0,0,0,0
2048.5,1,0,0,0,0,50,2075,0,0,0,14,0,1393,2071,0,0,1053,0,0,0,0
2048.5,1,0,0,0,0,55,1549,0,0,0,19,0,991,1549,0,0,704,0,0,0,0
2048.5,1,0,0,0,0,60,2412,0,0,0,52,0,1445,2171,0,0,1079,0,0,0,0
2048.5,1,0,0,0,0,100,1,0,0,0,0,0,0,0,0,0,0,0,0,0,0
2048.5,1,0,0,0,1,0,0,0,0,0,0,0,0,0,0,0,0,0,0,0,0
2048.5,1,0,0,0,1,5,0,0,0,0,0,0,0,0,0,0,0,0,0,0,0
2048.5,1,0,0,0,1,10,0,0,0,0,0,0,0,0,0,0,0,0,0,0,0
2048.5,1,0,0,0,1,15,0,0,0,0,0,0,0,0,0,0,0,0,0,0,0
2048.5,1,0,0,0,1,20,0,0,0,0,0,0,0,0,0,0,0,0,0,0,0
2048.5,1,0,0,0,1,25,0,0,0,0,0,0,0,0,0,0,0,0,0,0,0
2048.5,1,0,0,0,1,30,0,0,0,0,0,0,0,0,0,0,0,0,0,0,0
2048.5,1,0,0,0,1,35,0,0,0,0,0,0,0,0,0,0,0,0,0,0,0
2048.5,1,0,0,0,1,40,0,0,0,0,0,0,0,0,0,0,0,0,0,0,0
2048.5,1,0,0,0,1,45,0,0,0,0,0,0,0,0,0,0,0,0,0,0,0
2048.5,1,0,0,0,1,50,0,0,0,0,0,0,0,0,0,0,0,0,0,0,0
2048.5,1,0,0,0,1,55,0,0,0,0,0,0,0,0,0,0,0,0,0,0,0
2048.5,1,0,0,0,1,60,0,0,0,0,0,0,0,0,0,0,0,0,0,0,0
2048.5,1,0,0,0,1,100,0,0,0,0,0,0,0,0,0,0,0,0,0,0,0
2048.5,1,0,0,1,0,0,14,14,2,0,2,1,0,1,1,1,0,0,0,0,0
2048.5,1,0,0,1,0,5,12,12,0,0,1,1,0,1,1,0,0,0,0,0,0
2048.5,1,0,0,1,0,10,12,12,0,0,0,0,0,1,1,0,0,0,0,0,0
2048.5,1,0,0,1,0,15,19,19,2,0,1,1,2,6,4,2,0,3,0,0,0
2048.5,1,0,0,1,0,20,79,79,18,0,0,0,22,55,24,12,0,17,0,0,0
2048.5,1,0,0,1,0,25,154,154,27,0,1,1,42,124,67,29,0,29,0,0,0
2048.5,1,0,0,1,0,30,200,200,29,0,0,0,49,181,131,30,0,33,0,0,0
2048.5,1,0,0,1,0,35,190,190,16,0,5,4,32,182,140,30,0,22,0,0,0
2048.5,1,0,0,1,0,40,212,212,26,0,4,4,38,209,160,33,0,32,0,0,0
2048.5,1,0,0,1,0,45,138,138,18,0,2,2,28,137,104,20,0,8,0,0,0
2048.5,1,0,0,1,0,50,122,122,21,0,2,0,29,122,84,12,0,6,0,0,0
2048.5,1,0,0,1,0,55,108,108,9,0,4,4,11,107,79,8,0,1,0,0,0
2048.5,1,0,0,1,0,60,225,225,10,0,10,2,21,195,158,17,0,6,0,0,0
2048.5,1,0,0,1,0,100,0,0,0,0,0,0,0,0,0,0,0,0,0,0,0
2048.5,1,0,0,1,1,0,5,5,0,5,0,0,5,5,5,0,0,0,0,0,0
2048.5,1,0,0,1,1,5,8,8,0,8,0,0,8,8,8,0,0,0,0,0,0
2048.5,1,0,0,1,1,10,4,4,0,4,0,0,4,4,4,0,0,0,0,0,0
2048.5,1,0,0,1,1,15,15,15,0,15,0,0,15,15,15,0,0,0,0,0,0
2048.5,1,0,0,1,1,20,48,48,0,48,1,1,48,46,43,0,0,1,0,0,0
2048.5,1,0,0,1,1,25,162,162,0,162,1,0,162,162,162,0,0,3,0,0,0
2048.5,1,0,0,1,1,30,346,346,0,346,2,2,346,345,345,0,0,15,0,0,1
2048.5,1,0,0,1,1,35,526,526,0,526,1,1,526,523,516,0,0,10,0,0,0
2048.5,1,0,0,1,1,40,670,670,0,670,6,5,670,669,647,0,0,12,0,0,0
2048.5,1,0,0,1,1,45,805,805,0,805,5,1,805,800,726,0,0,12,0,0,0
2048.5,1,0,0,1,1,50,981,981,0,981,10,2,981,969,848,0,0,7,0,0,0
2048.5,1,0,0,1,1,55,989,989,0,989,8,2,989,983,834,0,0,3,0,0,0
2048.5,1,0,0,1,1,60,2314,2314,0,2314,72,7,2314,1969,1611,0,0,11,0,0,0
2048.5,1,0,0,1,1,100,0,0,0,0,0,0,0,0,0,0,0,0,0,0,0
2048.5,1,0,1,0,0,0,0,0,0,0,0,0,0,0,0,0,0,0,0,0,0
2048.5,1,0,1,0,0,5,2,0,0,0,0,0,0,0,0,0,0,0,0,0,0
2048.5,1,0,1,0,0,10,26,0,0,0,0,0,0,6,0,0,0,0,0,0,0
2048.5,1,0,1,0,0,15,136,0,0,0,0,0,12,63,0,0,10,0,0,0,0
2048.5,1,0,1,0,0,20,398,0,0,0,0,0,175,295,0,0,133,0,0,0,0
2048.5,1,0,1,0,0,25,624,0,0,0,0,0,368,551,0,0,261,0,0,0,0
2048.5,1,0,1,0,0,30,624,0,0,0,0,0,387,590,0,0,273,0,0,0,0
2048.5,1,0,1,0,0,35,540,0,0,0,0,0,361,532,0,0,267,0,0,0,0
2048.5,1,0,1,0,0,40,514,0,0,0,1,0,344,511,0,0,231,0,0,0,0
2048.5,1,0,1,0,0,45,375,0,0,0,1,0,244,373,0,0,205,0,0,0,0
2048.5,1,0,1,0,0,50,348,0,0,0,1,0,223,347,0,0,148,0,0,0,0
2048.5,1,0,1,0,0,55,287,0,0,0,2,0,204,287,0,0,136,0,0,0,0
2048.5,1,0,1,0,0,60,439,0,0,0,10,0,252,388,0,0,178,0,0,0,0
2048.5,1,0,1,0,0,100,0,0,0,0,0,0,0,0,0,0,0,0,0,0,0
2048.5,1,0,1,0,1,0,0,0,0,0,0,0,0,0,0,0,0,0,0,0,0
2048.5,1,0,1,0,1,5,0,0,0,0,0,0,0,0,0,0,0,0,0,0,0
2048.5,1,0,1,0,1,10,0,0,0,0,0,0,0,0,0,0,0,0,0,0,0
2048.5,1,0,1,0,1,15,0,0,0,0,0,0,0,0,0,0,0,0,0,0,0
2048.5,1,0,1,0,1,20,0,0,0,0,0,0,0,0,0,0,0,0,0,0,0
2048.5,1,0,1,0,1,25,0,0,0,0,0,0,0,0,0,0,0,0,0,0,0
2048.5,1,0,1,0,1,30,0,0,0,0,0,0,0,0,0,0,0,0,0,0,0
2048.5,1,0,1,0,1,35,0,0,0,0,0,0,0,0,0,0,0,0,0,0,0
2048.5,1,0,1,0,1,40,0,0,0,0,0,0,0,0,0,0,0,0,0,0,0
2048.5,1,0,1,0,1,45,0,0,0,0,0,0,0,0,0,0,0,0,0,0,0
2048.5,1,0,1,0,1,50,0,0,0,0,0,0,0,0,0,0,0,0,0,0,0
2048.5,1,0,1,0,1,55,0,0,0,0,0,0,0,0,0,0,0,0,0,0,0
2048.5,1,0,1,0,1,60,0,0,0,0,0,0,0,0,0,0,0,0,0,0,0
2048.5,1,0,1,0,1,100,0,0,0,0,0,0,0,0,0,0,0,0,0,0,0
2048.5,1,0,1,1,0,0,0,0,0,0,0,0,0,0,0,0,0,0,0,0,0
2048.5,1,0,1,1,0,5,0,0,0,0,0,0,0,0,0,0,0,0,0,0,0
2048.5,1,0,1,1,0,10,1,1,0,0,0,0,0,0,0,0,0,0,0,0,0
2048.5,1,0,1,1,0,15,1,1,0,0,0,0,0,1,1,0,0,0,0,0,0
2048.5,1,0,1,1,0,20,3,3,0,0,0,0,0,2,0,0,0,0,0,0,0
2048.5,1,0,1,1,0,25,8,8,4,0,0,0,6,7,3,4,0,2,0,0,0
2048.5,1,0,1,1,0,30,14,14,0,0,0,0,2,13,12,4,0,0,0,0,0
2048.5,1,0,1,1,0,35,11,11,2,0,1,1,1,10,8,0,0,1,0,0,0
2048.5,1,0,1,1,0,40,21,21,5,0,0,0,4,21,17,3,0,3,0,0,0
2048.5,1,0,1,1,0,45,10,10,2,0,0,0,2,10,7,2,0,0,0,0,0
2048.5,1,0,1,1,0,50,12,12,2,0,0,0,2,12,9,1,0,0,0,0,0
2048.5,1,0,1,1,0,55,11,11,1,0,0,0,3,11,8,1,0,0,0,0,0
2048.5,1,0,1,1,0,60,15,15,1,0,3,1,3,14,8,2,0,0,0,0,0
2048.5,1,0,1,1,0,100,0,0,0,0,0,0,0,0,0,0,0,0,0,0,0
2048.5,1,0,1,1,1,0,0,0,0,0,0,0,0,0,0,0,0,0,0,0,0
2048.5,1,0,1,1,1,5,0,0,0,0,0,0,0,0,0,0,0,0,0,0,0
2048.5,1,0,1,1,1,10,0,0,0,0,0,0,0,0,0,0,0,0,0,0,0
2048.5,1,0,1,1,1,15,0,0,0,0,0,0,0,0,0,0,0,0,0,0,0
2048.5,1,0,1,1,1,20,1,1,0,1,0,0,1,1,1,0,0,0,0,0,0
2048.5,1,0,1,1,1,25,18,18,0,18,0,0,18,18,18,0,0,0,0,0,0
2048.5,1,0,1,1,1,30,40,40,0,40,0,0,40,40,40,0,0,1,0,0,0
2048.5,1,0,1,1,1,35,49,49,0,49,0,0,49,48,48,0,0,2,0,0,0
2048.5,1,0,1,1,1,40,62,62,0,62,0,0,62,62,60,0,0,1,0,0,0
2048.5,1,0,1,1,1,45,70,70,0,70,1,1,70,70,65,0,0,3,0,0,0
2048.5,1,0,1,1,1,50,93,93,0,93,1,1,93,92,79,0,0,2,0,0,0
2048.5,1,0,1,1,1,55,84,84,0,84,0,0,84,84,61,0,0,1,0,0,0
2048.5,1,0,1,1,1,60,238,238,0,238,6,0,238,203,171,0,0,0,0,0,0
2048.5,1,0,1,1,1,100,0,0,0,0,0,0,0,0,0,0,0,0,0,0,0
2048.5,1,1,0,0,0,0,5990,0,0,0,8,0,426,1974,0,0,187,0,0,0,0
2048.5,1,1,0,0,0,5,5852,0,0,0,1,0,0,1990,0,0,0,0,0,0,0
2048.5,1,1,0,0,0,10,6084,0,0,0,0,0,100,2101,0,0,115,0,0,0,0
2048.5,1,1,0,0,0,15,5846,0,0,0,0,0,1440,3396,0,0,1141,0,0,0,0
2048.5,1,1,0,0,0,20,5365,0,0,0,3,0,2642,4549,0,0,2004,0,0,0,0
2048.5,1,1,0,0,0,25,4725,0,0,0,2,0,2864,4528,0,0,2211,0,0,0,0
2048.5,1,1,0,0,0,30,4279,0,0,0,2,0,2825,4247,0,0,2092,0,0,0,0
2048.5,1,1,0,0,0,35,3574,0,0,0,2,0,2372,3566,0,0,1720,0,0,0,0
2048.5,1,1,0,0,0,40,2925,0,0,0,1,0,1921,2921,0,0,1431,0,0,0,0
2048.5,1,1,0,0,0,45,2460,0,0,0,3,0,1632,2459,0,0,1103,0,0,0,0
2048.5,1,1,0,0,0,50,2062,0,0,0,7,0,1367,2062,0,0,988,0,0,0,0
2048.5,1,1,0,0,0,55,1639,0,0,0,5,0,1075,1639,0,0,782,0,0,0,0
2048.5,1,1,0,0,0,60,2935,0,0,0,32,0,1509,2517,0,0,1074,0,0,0,0
2048.5,1,1,0,0,0,100,16,0,0,0,1,0,0,0,0,0,0,0,0,0,0
2048.5,1,1,0,0,1,0,0,0,0,0,0,0,0,0,0,0,0,0,0,0,0
2048.5,1,1,0,0,1,5,0,0,0,0,0,0,0,0,0,0,0,0,0,0,0
2048.5,1,1,0,0,1,10,0,0,0,0,0,0,0,0,0,0,0,0,0,0,0
2048.5,1,1,0,0,1,15,0,0,0,0,0,0,0,0,0,0,0,0,0,0,0
2048.5,1,1,0,0,1,20,0,0,0,0,0,0,0,0,0,0,0,0,0,0,0
2048.5,1,1,0,0,1,25,0,0,0,0,0,0,0,0,0,0,0,0,0,0,0
2048.5,1,1,0,0,1,30,0,0,0,0,0,0,0,0,0,0,0,0,0,0,0
2048.5,1,1,0,0,1,35,0,0,0,0,0,0,0,0,0,0,0,0,0,0,0
2048.5,1,1,0,0,1,40,0,0,0,0,0,0,0,0,0,0,0,0,0,0,0
2048.5,1,1,0,0,1,45,0,0,0,0,0,0,0,0,0,0,0,0,0,0,0
2048.5,1,1,0,0,1,50,0,0,0,0,0,0,0,0,0,0,0,0,0,0,0
2048.5,1,1,0,0,1,55,0,0,0,0,0,0,0,0,0,0,0,0,0,0,0
2048.5,1,1,0,0,1,60,0,0,0,0,0,0,0,0,0,0,0,0,0,0,0
2048.5,1,1,0,0,1,100,0,0,0,0,0,0,0,0,0,0,0,0,0,0,0
2048.5,1,1,0,1,0,0,8,8,3,0,3,3,1,2,2,1,0,0,0,0,0
2048.5,1,1,0,1,0,5,8,8,0,0,0,0,0,2,2,0,0,0,0,0,0
2048.5,1,1,0,1,0,10,17,17,3,0,2,2,4,10,8,4,0,0,0,0,0
2048.5,1,1,0,1,0,15,86,86,29,0,0,0,21,49,18,19,0,22,0,0,0
2048.5,1,1,0,1,0,20,185,185,47,0,0,0,53,150,62,43,0,20,0,0,0
2048.5,1,1,0,1,0,25,188,188,36,0,1,0,42,169,94,36,0,19,0,0,0
2048.5,1,1,0,1,0,30,224,224,41,0,2,2,57,217,122,43,0,9,0,0,0
2048.5,1,1,0,1,0,35,174,174,40,0,0,0,51,168,97,27,0,7,0,0,0
2048.5,1,1,0,1,0,40,147,147,14,0,0,0,21,142,86,12,0,5,0,0,0
2048.5,1,1,0,1,0,45,185,185,12,0,3,3,30,178,125,27,0,10,0,0,0
2048.5,1,1,0,1,0,50,219,219,10,0,4,4,23,213,148,20,0,9,0,0,0
2048.5,1,1,0,1,0,55,186,186,5,0,5,5,20,181,138,18,0,4,0,0,0
2048.5,1,1,0,1,0,60,465,465,10,0,18,9,32,407,319,30,0,8,0,0,0
2048.5,1,1,0,1,0,100,0,0,0,0,0,0,0,0,0,0,0,0,0,0,0
2048.5,1,1,0,1,1,0,10,10,0,10,0,0,10,10,10,0,0,0,0,0,0
2048.5,1,1,0,1,1,5,5,5,0,5,0,0,5,5,5,0,0,0,0,0,0
2048.5,1,1,0,1,1,10,7,7,0,7,0,0,7,7,7,0,0,0,0,0,0
2048.5,1,1,0,1,1,15,65,65,0,65,0,0,65,54,47,0,0,0,0,0,0
2048.5,1,1,0,1,1,20,333,333,0,333,0,0,333,292,230,0,0,5,0,0,0
2048.5,1,1,0,1,1,25,662,662,0,662,2,2,662,598,472,0,0,7,0,0,0
2048.5,1,1,0,1,1,30,1080,1080,0,1080,4,3,1080,1006,760,0,0,12,0,0,0
2048.5,1,1,0,1,1,35,1453,1453,0,1453,1,0,1453,1406,1068,0,0,13,0,0,0
2048.5,1,1,0,1,1,40,1640,1640,0,1640,8,4,1640,1560,1170,0,0,9,0,0,0
2048.5,1,1,0,1,1,45,1735,1735,0,1735,2,2,1735,1656,1200,0,0,16,0,0,0
2048.5,1,1,0,1,1,50,1784,1784,0,1784,5,3,1784,1716,1305,0,0,6,0,0,0
2048.5,1,1,0,1,1,55,1850,1850,0,1850,10,2,1850,1766,1346,0,0,4,0,0,0
2048.5,1,1,0,1,1,60,4222,4222,0,4222,67,12,4222,3665,2967,0,0,8,0,0,0
2048.5,1,1,0,1,1,100,5,5,0,5,1,0,5,1,1,0,0,0,0,0,0
2049,1,0,0,0,0,0,5922,0,0,0,26,0,410,1966,0,0,207,0,0,0,0
2049,1,0,0,0,0,5,5833,0,0,0,1,0,0,1971,0,0,0,0,0,0,0
2049,1,0,0,0,0,10,5986,0,0,0,2,0,1,1990,0,0,1,0,0,0,5
2049,1,0,0,0,0,15,5634,0,0,0,2,0,418,2257,0,0,401,0,0,0,22
2049,1,0,0,0,0,20,5265,0,0,0,5,0,2143,3768,0,0,1607,0,0,0,31
2049,1,0,0,0,0,25,4596,0,0,0,1,0,2547,4059,0,0,1884,0,0,0,15
2049,1,0,0,0,0,30,4375,0,0,0,3,0,2750,4199,0,0,1960,0,0,0,3
2049,1,0,0,0,0,35,3751,0,0,0,4,0,2428,3690,0,0,1771,0,0,0,0
2049,1,0,0,0,0,40,3185,0,0,0,10,0,2070,3163,0,0,1494,0,0,0,0
2049,1,0,0,0,0,45,2480,0,0,0,11,0,1614,2473,0,0,1214,0,0,0,0
2049,1,0,0,0,0,50,2099,0,0,0,10,0,1375,2095,0,0,955,0,0,0,0
2049,1,0,0,0,0,55,1594,0,0,0,9,0,1065,1594,0,0,775,0,0,0,0
2049,1,0,0,0,0,60,2449,0,0,0,59,0,1513,2226,0,0,1070,0,0,0,0
2049,1,0,0,0,0,100,1,0,0,0,0,0,0,0,0,0,0,0,0,0,0
2049,1,0,0,0,1,0,0,0,0,0,0,0,0,0,0,0,0,0,0,0,0
2049,1,0,0,0,1,5,0,0,0,0,0,0,0,0,0,0,0,0,0,0,0
2049,1,0,0,0,1,10,0,0,0,0,0,0,0,0,0,0,0,0,0,0,0
2049,1,0,0,0,1,15,0,0,0,0,0,0,0,0,0,0,0,0,0,0,0
2049,1,0,0,0,1,20,0,0,0,0,0,0,0,0,0,0,0,0,0,0,0
2049,1,0,0,0,1,25,0,0,0,0,0,0,0,0,0,0,0,0,0,0,0
2049,1,0,0,0,1,30,0,0,0,0,0,0,0,0,0,0,0,0,0,0,0
2049,1,0,0,0,1,35,0,0,0,0,0,0,0,0,0,0,0,0,0,0,0
2049,1,0,0,0,1,40,0,0,0,0,0,0,0,0,0,0,0,0,0,0,0
2049,1,0,0,0,1,45,0,0,0,0,0,0,0,0,0,0,0,0,0,0,0
2049,1,0,0,0,1,50,0,0,0,0,0,0,0,0,0,0,0,0,0,0,0
2049,1,0,0,0,1,55,0,0,0,0,0,0,0,0,0,0,0,0,0,0,0
2049,1,0,0,0,1,60,0,0,0,0,0,0,0,0,0,0,0,0,0,0,0
2049,1,0,0,0,1,100,0,0,0,0,0,0,0,0,0,0,0,0,0,0,0
2049,1,0,0,1,0,0,15,15,3,0,1,1,1,1,1,1,0,0,0,0,0
2049,1,0,0,1,0,5,13,13,0,0,0,0,1,3,3,1,0,0,0,0,0
2049,1,0,0,1,0,10,12,12,0,0,0,0,0,1,1,0,0,0,0,0,0
2049,1,0,0,1,0,15,18,18,6,0,0,0,1,5,3,1,0,2,0,0,1
2049,1,0,0,1,0,20,75,75,13,0,1,1,14,47,23,12,0,7,0,0,0
2049,1,0,0,1,0,25,145,145,22,0,1,1,27,112,60,26,0,28,0,0,0
2049,1,0,0,1,0,30,204,204,24,0,2,2,43,184,129,28,0,42,0,0,0
2049,1,0,0,1,0,35,203,203,22,0,5,4,37,195,152,31,0,25,0,0,0
2049,1,0,0,1,0,40,230,230,31,0,2,2,56,226,169,37,0,26,0,0,0
2049,1,0,0,1,0,45,147,147,23,0,0,0,38,147,105,18,0,8,0,0,0
2049,1,0,0,1,0,50,125,125,14,0,2,1,26,124,85,12,0,7,0,0,0
2049,1,0,0,1,0,55,99,99,11,0,0,0,14,99,78,13,0,2,0,0,0
2049,1,0,0,1,0,60,244,244,22,0,12,1,28,214,165,22,0,7,0,0,0
2049,1,0,0,1,0,100,0,0,0,0,0,0,0,0,0,0,0,0,0,0,0
2049,1,0,0,1,1,0,5,5,0,5,0,0,5,5,5,0,0,0,0,0,0
2049,1,0,0,1,1,5,6,6,0,6,0,0,6,6,6,0,0,0,0,0,0
2049,1,0,0,1,1,10,6,6,0,6,0,0,6,6,6,0,0,0,0,0,0
2049,1,0,0,1,1,15,13,13,0,13,0,0,13,13,13,0,0,0,0,0,0
2049,1,0,0,1,1,20,46,46,0,46,0,0,46,45,43,0,0,0,0,0,0
2049,1,0,0,1,1,25,167,167,0,167,1,1,167,166,165,0,0,5,0,0,0
2049,1,0,0,1,1,30,350,350,0,350,1,1,350,349,349,0,0,10,0,0,0
2049,1,0,0,1,1,35,523,523,0,523,2,1,523,520,514,0,0,16,0,0,0
2049,1,0,0,1,1,40,670,670,0,670,4,3,670,669,648,0,0,12,0,0,0
2049,1,0,0,1,1,45,795,795,0,795,6,2,795,790,717,0,0,11,0,0,0
2049,1,0,0,1,1,50,965,965,0,965,5,2,965,953,832,0,0,12,0,0,0
2049,1,0,0,1,1,55,1011,1011,0,1011,9,0,1011,1005,847,0,0,4,0,0,0
2049,1,0,0,1,1,60,2346,2346,0,2346,59,7,2346,2018,1654,0,0,9,0,0,0
2049,1,0,0,1,1,100,1,1,0,1,0,0,1,0,0,0,0,0,0,0,0
2049,1,0,1,0,0,0,0,0,0,0,0,0,0,0,0,0,0,0,0,0,0
2049,1,0,1,0,0,5,1,0,0,0,0,0,0,0,0,0,0,0,0,0,0
2049,1,0,1,0,0,10,25,0,0,0,0,0,0,8,0,0,0,0,0,0,0
2049,1,0,1,0,0,15,137,0,0,0,0,0,15,60,0,0,12,0,0,0,0
2049,1,0,1,0,0,20,396,0,0,0,1,0,164,295,0,0,116,0,0,0,0
2049,1,0,1,0,0,25,638,0,0,0,0,0,364,564,0,0,261,0,0,0,0
2049,1,0,1,0,0,30,627,0,0,0,0,0,384,594,0,0,291,0,0,0,0
2049,1,0,1,0,0,35,549,0,0,0,3,0,363,539,0,0,245,0,0,0,0
2049,1,0,1,0,0,40,502,0,0,0,1,0,331,499,0,0,249,0,0,0,0
2049,1,0,1,0,0,45,396,0,0,0,2,0,259,394,0,0,177,0,0,0,0
2049,1,0,1,0,0,50,343,0,0,0,2,0,220,343,0,0,161,0,0,0,0
2049,1,0,1,0,0,55,290,0,0,0,2,0,195,290,0,0,145,0,0,0,0
2049,1,0,1,0,0,60,453,0,0,0,9,0,271,404,0,0,198,0,0,0,0
2049,1,0,1,0,0,100,0,0,0,0,0,0,0,0,0,0,0,0,0,0,0
2049,1,0,1,0,1,0,0,0,0,0,0,0,0,0,0,0,0,0,0,0,0
2049,1,0,1,0,1,5,0,0,0,0,0,0,0,0,0,0,0,0,0,0,0
2049,1,0,1,0,1,10,0,0,0,0,0,0,0,0,0,0,0,0,0,0,0
2049,1,0,1,0,1,15,0,0,0,0,0,0,0,0,0,0,0,0,0,0,0
2049,1,0,1,0,1,20,0,0,0,0,0,0,0,0,0,0,0,0,0,0,0
2049,1,0,1,0,1,25,0,0,0,0,0,0,0,0,0,0,0,0,0,0,0
2049,1,0,1,0,1,30,0,0,0,0,0,0,0,0,0,0,0,0,0,0,0
2049,1,0,1,0,1,35,0,0,0,0,0,0,0,0,0,0,0,0,0,0,0
2049,1,0,1,0,1,40,0,0,0,0,0,0,0,0,0,0,0,0,0,0,0
2049,1,0,1,0,1,45,0,0,0,0,0,0,0,0,0,0,0,0,0,0,0
2049,1,0,1,0,1,50,0,0,0,0,0,0,0,0,0,0,0,0,0,0,0
2049,1,0,1,0,1,55,0,0,0,0,0,0,0,0,0,0,0,0,0,0,0
2049,1,0,1,0,1,60,0,0,0,0,0,0,0,0,0,0,0,0,0,0,0
2049,1,0,1,0,1,100,0,0,0,0,0,0,0,0,0,0,0,0,0,0,0
2049,1,0,1,1,0,0,0,0,0,0,0,0,0,0,0,0,0,0,0,0,0
2049,1,0,1,1,0,5,0,0,0,0,0,0,0,0,0,0,0,0,0,0,0
2049,1,0,1,1,0,10,1,1,0,0,0,0,0,0,0,0,0,0,0,0,0
2049,1,0,1,1,0,15,2,2,0,0,0,0,0,2,1,0,0,1,0,0,0
2049,1,0,1,1,0,20,3,3,0,0,0,0,1,2,1,1,0,0,0,0,0
2049,1,0,1,1,0,25,5,5,1,0,0,0,4,4,3,3,0,1,0,0,0
2049,1,0,1,1,0,30,17,17,1,0,0,0,3,16,13,0,0,1,0,0,0
2049,1,0,1,1,0,35,19,19,3,0,0,0,5,17,14,3,0,1,0,0,0
2049,1,0,1,1,0,40,20,20,2,0,0,0,4,20,15,3,0,2,0,0,0
2049,1,0,1,1,0,45,7,7,0,0,0,0,1,7,6,0,0,0,0,0,0
2049,1,0,1,1,0,50,12,12,1,0,0,0,3,12,10,3,0,3,0,0,0
2049,1,0,1,1,0,55,9,9,0,0,0,0,1,9,6,2,0,1,0,0,0
2049,1,0,1,1,0,60,17,17,2,0,0,0,1,14,9,1,0,0,0,0,0
2049,1,0,1,1,0,100,0,0,0,0,0,0,0,0,0,0,0,0,0,0,0
2049,1,0,1,1,1,0,0,0,0,0,0,0,0,0,0,0,0,0,0,0,0
2049,1,0,1,1,1,5,0,0,0,0,0,0,0,0,0,0,0,0,0,0,0
2049,1,0,1,1,1,10,0,0,0,0,0,0,0,0,0,0,0,0,0,0,0
2049,1,0,1,1,1,15,0,0,0,0,0,0,0,0,0,0,0,0,0,0,0
2049,1,0,1,1,1,20,1,1,0,1,0,0,1,1,1,0,0,0,0,0,0
2049,1,0,1,1,1,25,20,20,0,20,0,0,20,20,20,0,0,2,0,0,0
2049,1,0,1,1,1,30,30,30,0,30,0,0,30,30,30,0,0,1,0,0,0
2049,1,0,1,1,1,35,49,49,0,49,0,0,49,49,49,0,0,0,0,0,0
2049,1,0,1,1,1,40,61,61,0,61,0,0,61,61,59,0,0,2,0,0,0
2049,1,0,1,1,1,45,70,70,0,70,2,0,70,70,66,0,0,0,0,0,0
2049,1,0,1,1,1,50,95,95,0,95,0,0,95,95,78,0,0,0,0,0,0
2049,1,0,1,1,1,55,85,85,0,85,0,0,85,84,66,0,0,1,0,0,0
2049,1,0,1,1,1,60,238,238,0,238,8,0,238,208,170,0,0,3,0,0,0
2049,1,0,1,1,1,100,0,0,0,0,0,0,0,0,0,0,0,0,0,0,0
2049,1,1,0,0,0,0,5936,0,0,0,10,0,408,1942,0,0,188,0,0,0,0
2049,1,1,0,0,0,5,5856,0,0,0,1,0,0,1979,0,0,0,0,0,0,0
2049,1,1,0,0,0,10,6099,0,0,0,2,0,117,2153,0,0,129,0,0,0,0
2049,1,1,0,0,0,15,5810,0,0,0,2,0,1408,3389,0,0,1049,0,0,0,0
2049,1,1,0,0,0,20,5417,0,0,0,0,0,2601,4533,0,0,2085,0,0,0,0
2049,1,1,0,0,0,25,4714,0,0,0,1,0,2861,4520,0,0,2224,0,0,0,0
2049,1,1,0,0,0,30,4318,0,0,0,0,0,2857,4288,0,0,2178,0,0,0,0
2049,1,1,0,0,0,35,3597,0,0,0,1,0,2361,3588,0,0,1754,0,0,0,0
2049,1,1,0,0,0,40,2965,0,0,0,4,0,1953,2961,0,0,1406,0,0,0,0
2049,1,1,0,0,0,45,2478,0,0,0,4,0,1616,2477,0,0,1165,0,0,0,0
2049,1,1,0,0,0,50,2092,0,0,0,2,0,1397,2092,0,0,993,0,0,0,0
2049,1,1,0,0,0,55,1670,0,0,0,4,0,1114,1670,0,0,819,0,0,0,0
2049,1,1,0,0,0,60,3045,0,0,0,40,0,1599,2638,0,0,1106,0,0,0,0
2049,1,1,0,0,0,100,13,0,0,0,1,0,0,0,0,0,0,0,0,0,0
2049,1,1,0,0,1,0,0,0,0,0,0,0,0,0,0,0,0,0,0,0,0
2049,1,1,0,0,1,5,0,0,0,0,0,0,0,0,0,0,0,0,0,0,0
2049,1,1,0,0,1,10,0,0,0,0,0,0,0,0,0,0,0,0,0,0,0
2049,1,1,0,0,1,15,0,0,0,0,0,0,0,0,0,0,0,0,0,0,0
2049,1,1,0,0,1,20,0,0,0,0,0,0,0,0,0,0,0,0,0,0,0
2049,1,1,0,0,1,25,0,0,0,0,0,0,0,0,0,0,0,0,0,0,0
2049,1,1,0,0,1,30,0,0,0,0,0,0,0,0,0,0,0,0,0,0,0
2049,1,1,0,0,1,35,0,0,0,0,0,0,0,0,0,0,0,0,0,0,0
2049,1,1,0,0,1,40,0,0,0,0,0,0,0,0,0,0,0,0,0,0,0
2049,1,1,0,0,1,45,0,0,0,0,0,0,0,0,0,0,0,0,0,0,0
2049,1,1,0,0,1,50,0,0,0,0,0,0,0,0,0,0,0,0,0,0,0
2049,1,1,0,0,1,55,0,0,0,0,0,0,0,0,0,0,0,0,0,0,0
2049,1,1,0,0,1,60,0,0,0,0,0,0,0,0,0,0,0,0,0,0,0
2049,1,1,0,0,1,100,0,0,0,0,0,0,0,0,0,0,0,0,0,0,0
2049,1,1,0,1,0,0,10,10,5,0,0,0,1,2,2,1,0,0,0,0,0
2049,1,1,0,1,0,5,7,7,0,0,0,0,0,1,1,0,0,0,0,0,0
2049,1,1,0,1,0,10,18,18,5,0,1,1,1,9,6,0,0,4,0,0,0
2049,1,1,0,1,0,15,79,79,22,0,1,1,18,46,17,9,0,15,0,0,0
2049,1,1,0,1,0,20,176,176,45,0,2,2,56,141,58,44,0,24,0,0,0
2049,1,1,0,1,0,25,200,200,45,0,1,1,53,181,98,39,0,8,0,0,0
2049,1,1,0,1,0,30,203,203,40,0,2,2,51,196,101,36,0,8,0,0,0
2049,1,1,0,1,0,35,161,161,30,0,2,2,44,155,76,21,0,11,0,0,0
2049,1,1,0,1,0,40,153,153,20,0,0,0,31,148,87,11,0,11,0,0,0
2049,1,1,0,1,0,45,179,179,17,0,4,3,30,171,122,20,0,10,0,0,0
2049,1,1,0,1,0,50,196,196,8,0,1,1,18,190,124,18,0,8,0,0,0
2049,1,1,0,1,0,55,186,186,8,0,3,3,21,180,137,17,0,3,0,0,0
2049,1,1,0,1,0,60,466,466,11,0,15,11,36,405,329,36,0,7,0,0,0
2049,1,1,0,1,0,100,1,1,1,0,0,0,0,0,0,0,0,0,0,0,0
2049,1,1,0,1,1,0,10,10,0,10,1,1,10,10,10,0,0,0,0,0,0
2049,1,1,0,1,1,5,3,3,0,3,0,0,3,3,3,0,0,0,0,0,0
2049,1,1,0,1,1,10,10,10,0,10,0,0,10,10,10,0,0,0,0,0,0
2049,1,1,0,1,1,15,68,68,0,68,0,0,68,55,46,0,0,5,0,0,0
2049,1,1,0,1,1,20,337,337,0,337,1,1,337,296,238,0,0,3,0,0,0
2049,1,1,0,1,1,25,660,660,0,660,0,0,660,595,472,0,0,8,0,0,0
2049,1,1,0,1,1,30,1092,1092,0,1092,0,0,1092,1016,759,0,0,9,0,0,0
2049,1,1,0,1,1,35,1479,1479,0,1479,2,0,1479,1431,1092,0,0,9,0,0,0
2049,1,1,0,1,1,40,1606,1606,0,1606,4,1,1606,1532,1149,0,0,9,0,0,0
2049,1,1,0,1,1,45,1767,1767,0,1767,3,3,1767,1686,1224,0,0,15,0,0,0
2049,1,1,0,1,1,50,1809,1809,0,1809,12,5,1809,1737,1320,0,0,9,0,0,0
2049,1,1,0,1,1,55,1825,1825,0,1825,11,5,1825,1745,1341,0,0,6,0,0,0
2049,1,1,0,1,1,60,4354,4354,0,4354,70,8,4354,3812,3068,0,0,16,0,0,0
2049,1,1,0,1,1,100,3,3,0,3,1,1,3,1,1,0,0,0,0,0,0
2049.5,1,0,0,0,0,0,5976,0,0,0,17,0,445,1962,0,0,206,0,0,0,0
2049.5,1,0,0,0,0,5,5864,0,0,0,3,0,0,1992,0,0,0,0,0,0,0
2049.5,1,0,0,0,0,10,5913,0,0,0,3,0,0,1989,0,0,0,0,0,0,4
2049.5,1,0,0,0,0,15,5686,0,0,0,4,0,434,2256,0,0,399,0,0,0,15
2049.5,1,0,0,0,0,20,5268,0,0,0,5,0,2132,3757,0,0,1643,0,0,0,29
2049.5,1,0,0,0,0,25,4595,0,0,0,3,0,2565,4086,0,0,1947,0,0,0,8
2049.5,1,0,0,0,0,30,4398,0,0,0,7,0,2765,4199,0,0,1978,0,0,0,0
2049.5,1,0,0,0,0,35,3795,0,0,0,6,0,2472,3740,0,0,1824,0,0,0,0
2049.5,1,0,0,0,0,40,3232,0,0,0,8,0,2125,3206,0,0,1536,0,0,0,0
2049.5,1,0,0,0,0,45,2494,0,0,0,10,0,1663,2486,0,0,1201,0,0,0,0
2049.5,1,0,0,0,0,50,2101,0,0,0,8,0,1357,2098,0,0,959,0,0,0,0
2049.5,1,0,0,0,0,55,1645,0,0,0,12,0,1108,1645,0,0,812,0,0,0,0
2049.5,1,0,0,0,0,60,2515,0,0,0,56,0,1547,2306,0,0,1087,0,0,0,0
2049.5,1,0,0,0,0,100,1,0,0,0,0,0,0,0,0,0,0,0,0,0,0
2049.5,1,0,0,0,1,0,0,0,0,0,0,0,0,0,0,0,0,0,0,0,0
2049.5,1,0,0,0,1,5,0,0,0,0,0,0,0,0,0,0,0,0,0,0,0
2049.5,1,0,0,0,1,10,0,0,0,0,0,0,0,0,0,0,0,0,0,0,0
2049.5,1,0,0,0,1,15,0,0,0,0,0,0,0,0,0,0,0,0,0,0,0
2049.5,1,0,0,0,1,20,0,0,0,0,0,0,0,0,0,0,0,0,0,0,0
2049.5,1,0,0,0,1,25,0,0,0,0,0,0,0,0,0,0,0,0,0,0,0
2049.5,1,0,0,0,1,30,0,0,0,0,0,0,0,0,0,0,0,0,0,0,0
2049.5,1,0,0,0,1,35,0,0,0,0,0,0,0,0,0,0,0,0,0,0,0
2049.5,1,0,0,0,1,40,0,0,0,0,0,0,0,0,0,0,0,0,0,0,0
2049.5,1,0,0,0,1,45,0,0,0,0,0,0,0,0,0,0,0,0,0,0,0
2049.5,1,0,0,0,1,50,0,0,0,0,0,0,0,0,0,0,0,0,0,0,0
2049.5,1,0,0,0,1,55,0,0,0,0,0,0,0,0,0,0,0,0,0,0,0
2049.5,1,0,0,0,1,60,0,0,0,0,0,0,0,0,0,0,0,0,0,0,0
2049.5,1,0,0,0,1,100,0,0,0,0,0,0,0,0,0,0,0,0,0,0,0
2049.5,1,0,0,1,0,0,13,13,1,0,2,1,1,1,1,1,0,0,0,0,0
2049.5,1,0,0,1,0,5,14,14,0,0,0,0,0,2,2,0,0,0,0,0,0
2049.5,1,0,0,1,0,10,11,11,0,0,0,0,0,1,1,0,0,0,0,0,0
2049.5,1,0,0,1,0,15,16,16,1,0,0,0,1,5,2,1,0,0,0,0,0
2049.5,1,0,0,1,0,20,77,77,16,0,0,0,11,47,17,8,0,12,0,0,0
2049.5,1,0,0,1,0,25,150,150,23,0,4,3,33,115,64,25,0,37,0,0,0
2049.5,1,0,0,1,0,30,183,183,16,0,4,4,40,165,123,34,0,30,0,0,0
2049.5,1,0,0,1,0,35,193,193,17,0,3,3,36,185,143,27,0,17,0,0,0
2049.5,1,0,0,1,0,40,209,209,20,0,9,8,45,205,157,40,0,21,0,0,0
2049.5,1,0,0,1,0,45,141,141,15,0,2,0,35,141,108,23,0,13,0,0,0
2049.5,1,0,0,1,0,50,125,125,22,0,1,1,25,123,80,12,0,8,0,0,0
2049.5,1,0,0,1,0,55,106,106,9,0,1,1,13,106,81,12,0,0,0,0,0
2049.5,1,0,0,1,0,60,249,249,12,0,6,1,25,220,170,22,0,9,0,0,0
2049.5,1,0,0,1,0,100,0,0,0,0,0,0,0,0,0,0,0,0,0,0,0
2049.5,1,0,0,1,1,0,6,6,0,6,0,0,6,6,6,0,0,0,0,0,0
2049.5,1,0,0,1,1,5,6,6,0,6,0,0,6,6,6,0,0,0,0,0,0
2049.5,1,0,0,1,1,10,7,7,0,7,0,0,7,7,7,0,0,0,0,0,0
2049.5,1,0,0,1,1,15,13,13,0,13,0,0,13,13,13,0,0,0,0,0,0
2049.5,1,0,0,1,1,20,44,44,0,44,0,0,44,43,41,0,0,1,0,0,1
2049.5,1,0,0,1,1,25,165,165,0,165,1,0,165,164,162,0,0,5,0,0,0
2049.5,1,0,0,1,1,30,348,348,0,348,2,1,348,348,348,0,0,12,0,0,0
2049.5,1,0,0,1,1,35,530,530,0,530,3,3,530,525,515,0,0,10,0,0,0
2049.5,1,0,0,1,1,40,672,672,0,672,3,1,672,671,650,0,0,11,0,0,0
2049.5,1,0,0,1,1,45,809,809,0,809,13,6,809,805,731,0,0,12,0,0,0
2049.5,1,0,0,1,1,50,962,962,0,962,13,7,962,950,824,0,0,9,0,0,0
2049.5,1,0,0,1,1,55,1004,1004,0,1004,11,5,1004,999,852,0,0,4,0,0,0
2049.5,1,0,0,1,1,60,2402,2402,0,2402,69,5,2402,2084,1706,0,0,19,0,0,0
2049.5,1,0,0,1,1,100,1,1,0,1,0,0,1,0,0,0,0,0,0,0,0
2049.5,1,0,1,0,0,0,0,0,0,0,0,0,0,0,0,0,0,0,0,0,0
2049.5,1,0,1,0,0,5,1,0,0,0,0,0,0,0,0,0,0,0,0,0,0
2049.5,1,0,1,0,0,10,26,0,0,0,0,0,0,9,0,0,0,0,0,0,0
2049.5,1,0,1,0,0,15,132,0,0,0,0,0,17,58,0,0,13,0,0,0,0
2049.5,1,0,1,0,0,20,397,0,0,0,0,0,165,300,0,0,123,0,0,0,0
2049.5,1,0,1,0,0,25,630,0,0,0,0,0,352,556,0,0,303,0,0,0,0
2049.5,1,0,1,0,0,30,638,0,0,0,0,0,405,606,0,0,304,0,0,0,0
2049.5,1,0,1,0,0,35,545,0,0,0,0,0,352,534,0,0,266,0,0,0,0
2049.5,1,0,1,0,0,40,505,0,0,0,1,0,332,501,0,0,242,0,0,0,0
2049.5,1,0,1,0,0,45,402,0,0,0,1,0,267,400,0,0,168,0,0,0,0
2049.5,1,0,1,0,0,50,355,0,0,0,0,0,237,355,0,0,173,0,0,0,0
2049.5,1,0,1,0,0,55,285,0,0,0,1,0,187,285,0,0,132,0,0,0,0
2049.5,1,0,1,0,0,60,466,0,0,0,14,0,280,422,0,0,202,0,0,0,0
2049.5,1,0,1,0,0,100,0,0,0,0,0,0,0,0,0,0,0,0,0,0,0
2049.5,1,0,1,0,1,0,0,0,0,0,0,0,0,0,0,0,0,0,0,0,0
2049.5,1,0,1,0,1,5,0,0,0,0,0,0,0,0,0,0,0,0,0,0,0
2049.5,1,0,1,0,1,10,0,0,0,0,0,0,0,0,0,0,0,0,0,0,0
2049.5,1,0,1,0,1,15,0,0,0,0,0,0,0,0,0,0,0,0,0,0,0
2049.5,1,0,1,0,1,20,0,0,0,0,0,0,0,0,0,0,0,0,0,0,0
2049.5,1,0,1,0,1,25,0,0,0,0,0,0,0,0,0,0,0,0,0,0,0
2049.5,1,0,1,0,1,30,0,0,0,0,0,0,0,0,0,0,0,0,0,0,0
2049.5,1,0,1,0,1,35,0,0,0,0,0,0,0,0,0,0,0,0,0,0,0
2049.5,1,0,1,0,1,40,0,0,0,0,0,0,0,0,0,0,0,0,0,0,0
2049.5,1,0,1,0,1,45,0,0,0,0,0,0,0,0,0,0,0,0,0,0,0
2049.5,1,0,1,0,1,50,0,0,0,0,0,0,0,0,0,0,0,0,0,0,0
2049.5,1,0,1,0,1,55,0,0,0,0,0,0,0,0,0,0,0,0,0,0,0
2049.5,1,0,1,0,1,60,0,0,0,0,0,0,0,0,0,0,0,0,0,0,0
2049.5,1,0,1,0,1,100,0,0,0,0,0,0,0,0,0,0,0,0,0,0,0
2049.5,1,0,1,1,0,0,0,0,0,0,0,0,0,0,0,0,0,0,0,0,0
2049.5,1,0,1,1,0,5,0,0,0,0,0,0,0,0,0,0,0,0,0,0,0
2049.5,1,0,1,1,0,10,1,1,0,0,0,0,0,0,0,0,0,0,0,0,0
2049.5,1,0,1,1,0,15,2,2,0,0,0,0,1,2,2,1,0,1,0,0,0
2049.5,1,0,1,1,0,20,3,3,0,0,0,0,1,2,1,0,0,0,0,0,0
2049.5,1,0,1,1,0,25,5,5,2,0,0,0,1,3,2,1,0,1,0,0,0
2049.5,1,0,1,1,0,30,17,17,2,0,0,0,3,16,15,3,0,1,0,0,0
2049.5,1,0,1,1,0,35,21,21,1,0,0,0,2,19,14,0,0,1,0,0,0
2049.5,1,0,1,1,0,40,20,20,4,0,0,0,5,20,14,3,0,1,0,0,0
2049.5,1,0,1,1,0,45,12,12,2,0,0,0,3,12,9,1,0,1,0,0,0
2049.5,1,0,1,1,0,50,11,11,1,0,0,0,4,11,9,2,0,0,0,0,0
2049.5,1,0,1,1,0,55,11,11,1,0,0,0,1,11,9,0,0,1,0,0,0
2049.5,1,0,1,1,0,60,21,21,3,0,0,0,4,18,12,2,0,1,0,0,0
2049.5,1,0,1,1,0,100,0,0,0,0,0,0,0,0,0,0,0,0,0,0,0
2049.5,1,0,1,1,1,0,0,0,0,0,0,0,0,0,0,0,0,0,0,0,0
2049.5,1,0,1,1,1,5,0,0,0,0,0,0,0,0,0,0,0,0,0,0,0
2049.5,1,0,1,1,1,10,0,0,0,0,0,0,0,0,0,0,0,0,0,0,0
2049.5,1,0,1,1,1,15,0,0,0,0,0,0,0,0,0,0,0,0,0,0,0
2049.5,1,0,1,1,1,20,2,2,0,2,0,0,2,2,2,0,0,0,0,0,0
2049.5,1,0,1,1,1,25,17,17,0,17,0,0,17,17,17,0,0,0,0,0,0
2049.5,1,0,1,1,1,30,29,29,0,29,1,1,29,29,29,0,0,2,0,0,0
2049.5,1,0,1,1,1,35,48,48,0,48,0,0,48,48,48,0,0,2,0,0,0
2049.5,1,0,1,1,1,40,63,63,0,63,1,1,63,63,61,0,0,3,0,0,0
2049.5,1,0,1,1,1,45,70,70,0,70,1,0,70,70,66,0,0,2,0,0,0
2049.5,1,0,1,1,1,50,92,92,0,92,0,0,92,92,77,0,0,1,0,0,0
2049.5,1,0,1,1,1,55,82,82,0,82,0,0,82,81,60,0,0,0,0,0,0
2049.5,1,0,1,1,1,60,245,245,0,245,4,0,245,216,177,0,0,1,0,0,0
2049.5,1,0,1,1,1,100,0,0,0,0,0,0,0,0,0,0,0,0,0,0,0
2049.5,1,1,0,0,0,0,5890,0,0,0,9,0,404,1897,0,0,187,0,0,0,0
2049.5,1,1,0,0,0,5,5898,0,0,0,0,0,0,2021,0,0,0,0,0,0,0
2049.5,1,1,0,0,0,10,6082,0,0,0,0,0,120,2130,0,0,127,0,0,0,0
2049.5,1,1,0,0,0,15,5810,0,0,0,5,0,1374,3363,0,0,1051,0,0,0,0
2049.5,1,1,0,0,0,20,5400,0,0,0,0,0,2646,4539,0,0,1946,0,0,0,0
2049.5,1,1,0,0,0,25,4787,0,0,0,0,0,2961,4584,0,0,2196,0,0,0,0
2049.5,1,1,0,0,0,30,4293,0,0,0,1,0,2844,4264,0,0,2094,0,0,0,0
2049.5,1,1,0,0,0,35,3659,0,0,0,2,0,2470,3650,0,0,1834,0,0,0,0
2049.5,1,1,0,0,0,40,3009,0,0,0,0,0,1960,3006,0,0,1416,0,0,0,0
2049.5,1,1,0,0,0,45,2484,0,0,0,6,0,1632,2483,0,0,1166,0,0,0,0
2049.5,1,1,0,0,0,50,2134,0,0,0,5,0,1435,2134,0,0,1014,0,0,0,0
2049.5,1,1,0,0,0,55,1682,0,0,0,6,0,1107,1682,0,0,792,0,0,0,0
2049.5,1,1,0,0,0,60,3130,0,0,0,49,0,1666,2746,0,0,1186,0,0,0,0
2049.5,1,1,0,0,0,100,13,0,0,0,0,0,0,0,0,0,0,0,0,0,0
2049.5,1,1,0,0,1,0,0,0,0,0,0,0,0,0,0,0,0,0,0,0,0
2049.5,1,1,0,0,1,5,0,0,0,0,0,0,0,0,0,0,0,0,0,0,0
2049.5,1,1,0,0,1,10,0,0,0,0,0,0,0,0,0,0,0,0,0,0,0
2049.5,1,1,0,0,1,15,0,0,0,0,0,0,0,0,0,0,0,0,0,0,0
2049.5,1,1,0,0,1,20,0,0,0,0,0,0,0,0,0,0,0,0,0,0,0
2049.5,1,1,0,0,1,25,0,0,0,0,0,0,0,0,0,0,0,0,0,0,0
2049.5,1,1,0,0,1,30,0,0,0,0,0,0,0,0,0,0,0,0,0,0,0
2049.5,1,1,0,0,1,35,0,0,0,0,0,0,0,0,0,0,0,0,0,0,0
2049.5,1,1,0,0,1,40,0,0,0,0,0,0,0,0,0,0,0,0,0,0,0
2049.5,1,1,0,0,1,45,0,0,0,0,0,0,0,0,0,0,0,0,0,0,0
2049.5,1,1,0,0,1,50,0,0,0,0,0,0,0,0,0,0,0,0,0,0,0
2049.5,1,1,0,0,1,55,0,0,0,0,0,0,0,0,0,0,0,0,0,0,0
2049.5,1,1,0,0,1,60,0,0,0,0,0,0,0,0,0,0,0,0,0,0,0
2049.5,1,1,0,0,1,100,0,0,0,0,0,0,0,0,0,0,0,0,0,0,0
2049.5,1,1,0,1,0,0,10,10,4,0,2,2,2,2,2,2,0,0,0,0,0
2049.5,1,1,0,1,0,5,9,9,0,0,0,0,0,2,2,0,0,0,0,0,0
2049.5,1,1,0,1,0,10,15,15,10,0,3,3,4,7,4,5,0,1,0,0,0
2049.5,1,1,0,1,0,15,98,98,36,0,2,2,19,63,21,10,0,15,0,0,0
2049.5,1,1,0,1,0,20,186,186,37,0,0,0,47,148,60,37,0,19,0,0,0
2049.5,1,1,0,1,0,25,196,196,39,0,1,1,50,180,94,35,0,11,0,0,0
2049.5,1,1,0,1,0,30,201,201,27,0,2,2,47,192,112,33,0,8,0,0,0
2049.5,1,1,0,1,0,35,160,160,33,0,0,0,33,157,79,15,0,10,0,0,0
2049.5,1,1,0,1,0,40,142,142,15,0,0,0,20,137,88,19,0,7,0,0,0
2049.5,1,1,0,1,0,45,194,194,15,0,5,3,27,188,128,21,0,6,0,0,0
2049.5,1,1,0,1,0,50,191,191,9,0,4,2,17,186,122,17,0,6,0,0,0
2049.5,1,1,0,1,0,55,190,190,8,0,3,1,15,178,127,14,0,4,0,0,0
2049.5,1,1,0,1,0,60,513,513,20,0,15,9,34,447,356,26,0,6,0,0,0
2049.5,1,1,0,1,0,100,1,1,0,0,0,0,0,0,0,0,0,0,0,0,0
2049.5,1,1,0,1,1,0,10,10,0,10,0,0,10,10,10,0,0,0,0,0,0
2049.5,1,1,0,1,1,5,3,3,0,3,0,0,3,3,3,0,0,0,0,0,0
2049.5,1,1,0,1,1,10,8,8,0,8,0,0,8,8,8,0,0,0,0,0,0
2049.5,1,1,0,1,1,15,62,62,0,62,3,3,62,50,45,0,0,3,0,0,0
2049.5,1,1,0,1,1,20,335,335,0,335,1,1,335,297,239,0,0,3,0,0,0
2049.5,1,1,0,1,1,25,649,649,0,649,2,1,649,591,472,0,0,3,0,0,0
2049.5,1,1,0,1,1,30,1080,1080,0,1080,1,1,1080,1001,733,0,0,9,0,0,0
2049.5,1,1,0,1,1,35,1451,1451,0,1451,2,2,1451,1401,1064,0,0,7,0,0,0
2049.5,1,1,0,1,1,40,1638,1638,0,1638,5,4,1638,1569,1162,0,0,10,0,0,0
2049.5,1,1,0,1,1,45,1749,1749,0,1749,7,1,1749,1663,1213,0,0,15,0,0,0
2049.5,1,1,0,1,1,50,1815,1815,0,1815,9,5,1815,1741,1307,0,0,16,0,0,0
2049.5,1,1,0,1,1,55,1798,1798,0,1798,13,3,1798,1726,1340,0,0,3,0,0,0
2049.5,1,1,0,1,1,60,4456,4456,0,4456,68,9,4456,3929,3159,0,0,5,0,0,0
2049.5,1,1,0,1,1,100,3,3,0,3,1,1,3,1,1,0,0,0,0,0,0
2050,1,0,0,0,0,0,5941,0,0,0,18,0,440,1948,0,0,206,0,0,0,0
2050,1,0,0,0,0,5,5915,0,0,0,3,0,0,2031,0,0,0,0,0,0,1
2050,1,0,0,0,0,10,5882,0,0,0,2,0,0,1963,0,0,0,0,0,0,9
2050,1,0,0,0,0,15,5676,0,0,0,1,0,452,2240,0,0,441,0,0,0,23
2050,1,0,0,0,0,20,5310,0,0,0,1,0,2157,3757,0,0,1644,0,0,0,28
2050,1,0,0,0,0,25,4580,0,0,0,1,0,2634,4088,0,0,1942,0,0,0,12
2050,1,0,0,0,0,30,4389,0,0,0,6,0,2763,4209,0,0,2027,0,0,0,1
2050,1,0,0,0,0,35,3840,0,0,0,5,0,2524,3782,0,0,1785,0,0,0,0
2050,1,0,0,0,0,40,3243,0,0,0,5,0,2104,3215,0,0,1516,0,0,0,0
2050,1,0,0,0,0,45,2545,0,0,0,5,0,1649,2538,0,0,1187,0,0,0,0
2050,1,0,0,0,0,50,2132,0,0,0,11,0,1410,2129,0,0,998,0,0,0,0
2050,1,0,0,0,0,55,1677,0,0,0,12,0,1127,1676,0,0,846,0,0,0,0
2050,1,0,0,0,0,60,2585,0,0,0,70,0,1578,2393,0,0,1153,0,0,0,0
2050,1,0,0,0,0,100,1,0,0,0,0,0,0,0,0,0,0,0,0,0,0
2050,1,0,0,0,1,0,0,0,0,0,0,0,0,0,0,0,0,0,0,0,0
2050,1,0,0,0,1,5,0,0,0,0,0,0,0,0,0,0,0,0,0,0,0
2050,1,0,0,0,1,10,0,0,0,0,0,0,0,0,0,0,0,0,0,0,0
2050,1,0,0,0,1,15,0,0,0,0,0,0,0,0,0,0,0,0,0,0,0
2050,1,0,0,0,1,20,0,0,0,0,0,0,0,0,0,0,0,0,0,0,0
2050,1,0,0,0,1,25,0,0,0,0,0,0,0,0,0,0,0,0,0,0,0
2050,1,0,0,0,1,30,0,0,0,0,0,0,0,0,0,0,0,0,0,0,0
2050,1,0,0,0,1,35,0,0,0,0,0,0,0,0,0,0,0,0,0,0,0
2050,1,0,0,0,1,40,0,0,0,0,0,0,0,0,0,0,0,0,0,0,0
2050,1,0,0,0,1,45,0,0,0,0,0,0,0,0,0,0,0,0,0,0,0
2050,1,0,0,0,1,50,0,0,0,0,0,0,0,0,0,0,0,0,0,0,0
2050,1,0,0,0,1,55,0,0,0,0,0,0,0,0,0,0,0,0,0,0,0
2050,1,0,0,0,1,60,0,0,0,0,0,0,0,0,0,0,0,0,0,0,0
2050,1,0,0,0,1,100,0,0,0,0,0,0,0,0,0,0,0,0,0,0,0
2050,1,0,0,1,0,0,14,14,5,0,1,1,2,2,2,2,0,0,0,0,0
2050,1,0,0,1,0,5,16,16,0,0,0,0,0,2,2,0,0,0,0,0,0
2050,1,0,0,1,0,10,10,10,0,0,0,0,0,1,1,0,0,0,0,0,0
2050,1,0,0,1,0,15,21,21,5,0,0,0,0,5,1,0,0,0,0,0,0
2050,1,0,0,1,0,20,77,77,22,0,2,2,15,48,17,17,0,15,0,0,0
2050,1,0,0,1,0,25,153,153,26,0,2,2,35,118,68,34,0,36,0,0,1
2050,1,0,0,1,0,30,182,182,30,0,1,0,46,164,113,31,0,36,0,0,0
2050,1,0,0,1,0,35,194,194,23,0,4,4,48,188,146,41,0,22,0,0,0
2050,1,0,0,1,0,40,206,206,23,0,3,3,40,203,154,26,0,16,0,0,0
2050,1,0,0,1,0,45,132,132,12,0,2,2,28,131,103,18,0,8,0,0,0
2050,1,0,0,1,0,50,111,111,13,0,1,1,20,107,74,11,0,3,0,0,0
2050,1,0,0,1,0,55,117,117,8,0,3,1,15,116,92,11,0,2,0,0,0
2050,1,0,0,1,0,60,241,241,20,0,4,2,25,214,145,14,0,7,0,0,0
2050,1,0,0,1,0,100,0,0,0,0,0,0,0,0,0,0,0,0,0,0,0
2050,1,0,0,1,1,0,6,6,0,6,0,0,6,6,6,0,0,0,0,0,0
2050,1,0,0,1,1,5,6,6,0,6,0,0,6,6,6,0,0,0,0,0,0
2050,1,0,0,1,1,10,6,6,0,6,0,0,6,6,6,0,0,0,0,0,0
2050,1,0,0,1,1,15,11,11,0,11,0,0,11,11,11,0,0,0,0,0,0
2050,1,0,0,1,1,20,49,49,0,49,1,1,49,49,47,0,0,0,0,0,0
2050,1,0,0,1,1,25,154,154,0,154,1,1,154,153,151,0,0,11,0,0,1
2050,1,0,0,1,1,30,352,352,0,352,6,4,352,352,352,0,0,8,0,0,0
2050,1,0,0,1,1,35,530,530,0,530,1,1,530,526,516,0,0,18,0,0,0
2050,1,0,0,1,1,40,677,677,0,677,6,5,677,674,651,0,0,23,0,0,0
2050,1,0,0,1,1,45,810,810,0,810,8,4,810,807,735,0,0,10,0,0,0
2050,1,0,0,1,1,50,953,953,0,953,7,1,953,943,813,0,0,8,0,0,0
2050,1,0,0,1,1,55,1008,1008,0,1008,7,1,1008,1004,854,0,0,5,0,0,0
2050,1,0,0,1,1,60,2453,2453,0,2453,82,8,2453,2154,1777,0,0,18,0,0,0
2050,1,0,0,1,1,100,1,1,0,1,0,0,1,0,0,0,0,0,0,0,0
2050,1,0,1,0,0,0,0,0,0,0,0,0,0,0,0,0,0,0,0,0,0
2050,1,0,1,0,0,5,2,0,0,0,0,0,0,1,0,0,0,0,0,0,0
2050,1,0,1,0,0,10,28,0,0,0,0,0,0,11,0,0,0,0,0,0,0
2050,1,0,1,0,0,15,132,0,0,0,0,0,14,59,0,0,9,0,0,0,0
2050,1,0,1,0,0,20,399,0,0,0,0,0,169,304,0,0,123,0,0,0,0
2050,1,0,1,0,0,25,630,0,0,0,0,0,357,558,0,0,248,0,0,0,0
2050,1,0,1,0,0,30,630,0,0,0,0,0,405,597,0,0,293,0,0,0,0
2050,1,0,1,0,0,35,561,0,0,0,2,0,359,550,0,0,282,0,0,0,0
2050,1,0,1,0,0,40,509,0,0,0,2,0,331,505,0,0,243,0,0,0,0
2050,1,0,1,0,0,45,417,0,0,0,1,0,263,415,0,0,193,0,0,0,0
2050,1,0,1,0,0,50,351,0,0,0,5,0,230,351,0,0,173,0,0,0,0
2050,1,0,1,0,0,55,287,0,0,0,1,0,185,287,0,0,143,0,0,0,0
2050,1,0,1,0,0,60,472,0,0,0,14,0,297,432,0,0,227,0,0,0,0
2050,1,0,1,0,0,100,0,0,0,0,0,0,0,0,0,0,0,0,0,0,0
2050,1,0,1,0,1,0,0,0,0,0,0,0,0,0,0,0,0,0,0,0,0
2050,1,0,1,0,1,5,0,0,0,0,0,0,0,0,0,0,0,0,0,0,0
2050,1,0,1,0,1,10,0,0,0,0,0,0,0,0,0,0,0,0,0,0,0
2050,1,0,1,0,1,15,0,0,0,0,0,0,0,0,0,0,0,0,0,0,0
2050,1,0,1,0,1,20,0,0,0,0,0,0,0,0,0,0,0,0,0,0,0
2050,1,0,1,0,1,25,0,0,0,0,0,0,0,0,0,0,0,0,0,0,0
2050,1,0,1,0,1,30,0,0,0,0,0,0,0,0,0,0,0,0,0,0,0
2050,1,0,1,0,1,35,0,0,0,0,0,0,0,0,0,0,0,0,0,0,0
2050,1,0,1,0,1,40,0,0,0,0,0,0,0,0,0,0,0,0,0,0,0
2050,1,0,1,0,1,45,0,0,0,0,0,0,0,0,0,0,0,0,0,0,0
2050,1,0,1,0,1,50,0,0,0,0,0,0,0,0,0,0,0,0,0,0,0
2050,1,0,1,0,1,55,0,0,0,0,0,0,0,0,0,0,0,0,0,0,0
2050,1,0,1,0,1,60,0,0,0,0,0,0,0,0,0,0,0,0,0,0,0
2050,1,0,1,0,1,100,0,0,0,0,0,0,0,0,0,0,0,0,0,0,0
2050,1,0,1,1,0,0,0,0,0,0,0,0,0,0,0,0,0,0,0,0,0
2050,1,0,1,1,0,5,0,0,0,0,0,0,0,0,0,0,0,0,0,0,0
2050,1,0,1,1,0,10,1,1,0,0,0,0,0,0,0,0,0,0,0,0,0
2050,1,0,1,1,0,15,1,1,0,0,0,0,0,1,1,0,0,0,0,0,0
2050,1,0,1,1,0,20,4,4,1,0,0,0,0,2,1,0,0,1,0,0,0
2050,1,0,1,1,0,25,4,4,0,0,0,0,0,2,2,0,0,1,0,0,0
2050,1,0,1,1,0,30,14,14,2,0,0,0,4,13,10,2,0,3,0,0,0
2050,1,0,1,1,0,35,21,21,2,0,0,0,4,20,16,1,0,3,0,0,0
2050,1,0,1,1,0,40,20,20,1,0,0,0,9,20,16,8,0,3,0,0,0
2050,1,0,1,1,0,45,12,12,1,0,0,0,1,12,10,1,0,1,0,0,0
2050,1,0,1,1,0,50,10,10,0,0,0,0,4,10,8,1,0,1,0,0,0
2050,1,0,1,1,0,55,13,13,1,0,0,0,1,13,8,1,0,0,0,0,0
2050,1,0,1,1,0,60,22,22,2,0,2,0,2,21,14,0,0,0,0,0,0
2050,1,0,1,1,0,100,0,0,0,0,0,0,0,0,0,0,0,0,0,0,0
2050,1,0,1,1,1,0,0,0,0,0,0,0,0,0,0,0,0,0,0,0,0
2050,1,0,1,1,1,5,0,0,0,0,0,0,0,0,0,0,0,0,0,0,0
2050,1,0,1,1,1,10,0,0,0,0,0,0,0,0,0,0,0,0,0,0,0
2050,1,0,1,1,1,15,0,0,0,0,0,0,0,0,0,0,0,0,0,0,0
2050,1,0,1,1,1,20,3,3,0,3,1,1,3,3,3,0,0,0,0,0,0
2050,1,0,1,1,1,25,17,17,0,17,0,0,17,17,17,0,0,2,0,0,0
2050,1,0,1,1,1,30,30,30,0,30,0,0,30,30,30,0,0,1,0,0,0
2050,1,0,1,1,1,35,47,47,0,47,0,0,47,46,46,0,0,0,0,0,0
2050,1,0,1,1,1,40,68,68,0,68,0,0,68,68,66,0,0,0,0,0,0
2050,1,0,1,1,1,45,67,67,0,67,0,0,67,67,62,0,0,0,0,0,0
2050,1,0,1,1,1,50,88,88,0,88,1,0,88,88,75,0,0,2,0,0,0
2050,1,0,1,1,1,55,92,92,0,92,0,0,92,91,70,0,0,1,0,0,0
2050,1,0,1,1,1,60,238,238,0,238,9,0,238,210,170,0,0,4,0,0,0
2050,1,0,1,1,1,100,0,0,0,0,0,0,0,0,0,0,0,0,0,0,0
2050,1,1,0,0,0,0,5892,0,0,0,11,0,424,1897,0,0,208,0,0,0,0
2050,1,1,0,0,0,5,5869,0,0,0,1,0,0,2016,0,0,0,0,0,0,0
2050,1,1,0,0,0,10,6108,0,0,0,0,0,127,2137,0,0,121,0,0,0,0
2050,1,1,0,0,0,15,5836,0,0,0,3,0,1430,3410,0,0,1131,0,0,0,0
2050,1,1,0,0,0,20,5355,0,0,0,3,0,2561,4489,0,0,1982,0,0,0,0
2050,1,1,0,0,0,25,4829,0,0,0,2,0,2926,4638,0,0,2207,0,0,0,0
2050,1,1,0,0,0,30,4234,0,0,0,2,0,2749,4200,0,0,2072,0,0,0,0
2050,1,1,0,0,0,35,3742,0,0,0,1,0,2442,3732,0,0,1800,0,0,0,0
2050,1,1,0,0,0,40,3049,0,0,0,6,0,2058,3046,0,0,1462,0,0,0,0
2050,1,1,0,0,0,45,2505,0,0,0,5,0,1633,2504,0,0,1180,0,0,0,0
2050,1,1,0,0,0,50,2132,0,0,0,3,0,1404,2132,0,0,988,0,0,0,0
2050,1,1,0,0,0,55,1733,0,0,0,6,0,1138,1733,0,0,826,0,0,0,0
2050,1,1,0,0,0,60,3213,0,0,0,48,0,1754,2850,0,0,1215,0,0,0,0
2050,1,1,0,0,0,100,15,0,0,0,0,0,0,0,0,0,0,0,0,0,0
2050,1,1,0,0,1,0,0,0,0,0,0,0,0,0,0,0,0,0,0,0,0
2050,1,1,0,0,1,5,0,0,0,0,0,0,0,0,0,0,0,0,0,0,0
2050,1,1,0,0,1,10,0,0,0,0,0,0,0,0,0,0,0,0,0,0,0
2050,1,1,0,0,1,15,0,0,0,0,0,0,0,0,0,0,0,0,0,0,0
2050,1,1,0,0,1,20,0,0,0,0,0,0,0,0,0,0,0,0,0,0,0
2050,1,1,0,0,1,25,0,0,0,0,0,0,0,0,0,0,0,0,0,0,0
2050,1,1,0,0,1,30,0,0,0,0,0,0,0,0,0,0,0,0,0,0,0
2050,1,1,0,0,1,35,0,0,0,0,0,0,0,0,0,0,0,0,0,0,0
2050,1,1,0,0,1,40,0,0,0,0,0,0,0,0,0,0,0,0,0,0,0
2050,1,1,0,0,1,45,0,0,0,0,0,0,0,0,0,0,0,0,0,0,0
2050,1,1,0,0,1,50,0,0,0,0,0,0,0,0,0,0,0,0,0,0,0
2050,1,1,0,0,1,55,0,0,0,0,0,0,0,0,0,0,0,0,0,0,0
2050,1,1,0,0,1,60,0,0,0,0,0,0,0,0,0,0,0,0,0,0,0
2050,1,1,0,0,1,100,0,0,0,0,0,0,0,0,0,0,0,0,0,0,0
2050,1,1,0,1,0,0,10,10,3,0,0,0,0,0,0,2,0,0,0,0,0
2050,1,1,0,1,0,5,10,10,0,0,0,0,0,3,3,0,0,0,0,0,0
2050,1,1,0,1,0,10,14,14,6,0,5,5,2,6,3,2,0,1,0,0,0
2050,1,1,0,1,0,15,92,92,27,0,1,1,14,61,20,14,0,24,0,0,0
2050,1,1,0,1,0,20,178,178,48,0,1,0,44,140,48,28,0,30,0,0,0
2050,1,1,0,1,0,25,208,208,50,0,0,0,63,193,92,46,0,23,0,0,0
2050,1,1,0,1,0,30,213,213,46,0,2,2,52,203,115,29,0,12,0,0,0
2050,1,1,0,1,0,35,175,175,34,0,2,2,40,172,84,13,0,2,0,0,0
2050,1,1,0,1,0,40,119,119,12,0,0,0,19,116,74,12,0,8,0,0,0
2050,1,1,0,1,0,45,182,182,10,0,1,0,13,174,120,19,0,6,0,0,0
2050,1,1,0,1,0,50,191,191,14,0,3,3,21,186,121,19,0,2,0,0,0
2050,1,1,0,1,0,55,188,188,8,0,1,1,17,176,123,17,0,2,0,0,0
2050,1,1,0,1,0,60,524,524,14,0,21,13,38,469,374,40,0,4,0,0,0
2050,1,1,0,1,0,100,2,2,0,0,0,0,0,1,1,0,0,0,0,0,0
2050,1,1,0,1,1,0,13,13,0,13,0,0,13,13,13,0,0,0,0,0,0
2050,1,1,0,1,1,5,3,3,0,3,0,0,3,3,3,0,0,0,0,0,0
2050,1,1,0,1,1,10,7,7,0,7,0,0,7,7,7,0,0,0,0,0,0
2050,1,1,0,1,1,15,64,64,0,64,0,0,64,51,44,0,0,1,0,0,0
2050,1,1,0,1,1,20,341,341,0,341,0,0,341,305,243,0,0,1,0,0,0
2050,1,1,0,1,1,25,668,668,0,668,0,0,668,599,482,0,0,8,0,0,0
2050,1,1,0,1,1,30,1057,1057,0,1057,3,2,1057,981,710,0,0,9,0,0,0
2050,1,1,0,1,1,35,1457,1457,0,1457,5,1,1457,1405,1067,0,0,9,0,0,0
2050,1,1,0,1,1,40,1670,1670,0,1670,2,0,1670,1607,1178,0,0,16,0,0,0
2050,1,1,0,1,1,45,1699,1699,0,1699,5,3,1699,1610,1188,0,0,7,0,0,0
2050,1,1,0,1,1,50,1822,1822,0,1822,5,2,1822,1753,1309,0,0,6,0,0,0
2050,1,1,0,1,1,55,1819,1819,0,1819,5,0,1819,1746,1356,0,0,8,0,0,0
2050,1,1,0,1,1,60,4562,4562,0,4562,77,11,4562,4038,3245,0,0,13,0,0,0
2050,1,1,0,1,1,100,3,3,0,3,0,0,3,1,1,0,0,0,0,0,0
2050.5,1,0,0,0,0,0,5931,0,0,0,15,0,433,1934,0,0,199,0,0,0,0
2050.5,1,0,0,0,0,5,5911,0,0,0,0,0,0,2043,0,0,0,0,0,0,0
2050.5,1,0,0,0,0,10,5890,0,0,0,4,0,0,1967,0,0,0,0,0,0,9
2050.5,1,0,0,0,0,15,5671,0,0,0,3,0,447,2219,0,0,407,0,0,0,19
2050.5,1,0,0,0,0,20,5316,0,0,0,5,0,2117,3754,0,0,1613,0,0,0,23
2050.5,1,0,0,0,0,25,4579,0,0,0,1,0,2593,4100,0,0,1860,0,0,0,9
2050.5,1,0,0,0,0,30,4382,0,0,0,3,0,2741,4195,0,0,1972,0,0,0,3
2050.5,1,0,0,0,0,35,3867,0,0,0,3,0,2521,3812,0,0,1832,0,0,0,0
2050.5,1,0,0,0,0,40,3269,0,0,0,5,0,2137,3239,0,0,1507,0,0,0,0
2050.5,1,0,0,0,0,45,2603,0,0,0,7,0,1760,2595,0,0,1293,0,0,0,0
2050.5,1,0,0,0,0,50,2162,0,0,0,5,0,1418,2161,0,0,992,0,0,0,0
2050.5,1,0,0,0,0,55,1677,0,0,0,11,0,1128,1676,0,0,831,0,0,0,0
2050.5,1,0,0,0,0,60,2661,0,0,0,63,0,1685,2484,0,0,1206,0,0,0,0
2050.5,1,0,0,0,0,100,2,0,0,0,0,0,0,0,0,0,0,0,0,0,0
2050.5,1,0,0,0,1,0,0,0,0,0,0,0,0,0,0,0,0,0,0,0,0
2050.5,1,0,0,0,1,5,0,0,0,0,0,0,0,0,0,0,0,0,0,0,0
2050.5,1,0,0,0,1,10,0,0,0,0,0,0,0,0,0,0,0,0,0,0,0
2050.5,1,0,0,0,1,15,0,0,0,0,0,0,0,0,0,0,0,0,0,0,0
2050.5,1,0,0,0,1,20,0,0,0,0,0,0,0,0,0,0,0,0,0,0,0
2050.5,1,0,0,0,1,25,0,0,0,0,0,0,0,0,0,0,0,0,0,0,0
2050.5,1,0,0,0,1,30,0,0,0,0,0,0,0,0,0,0,0,0,0,0,0
2050.5,1,0,0,0,1,35,0,0,0,0,0,0,0,0,0,0,0,0,0,0,0
2050.5,1,0,0,0,1,40,0,0,0,0,0,0,0,0,0,0,0,0,0,0,0
2050.5,1,0,0,0,1,45,0,0,0,0,0,0,0,0,0,0,0,0,0,0,0
2050.5,1,0,0,0,1,50,0,0,0,0,0,0,0,0,0,0,0,0,0,0,0
2050.5,1,0,0,0,1,55,0,0,0,0,0,0,0,0,0,0,0,0,0,0,0
2050.5,1,0,0,0,1,60,0,0,0,0,0,0,0,0,0,0,0,0,0,0,0
2050.5,1,0,0,0,1,100,0,0,0,0,0,0,0,0,0,0,0,0,0,0,0
2050.5,1,0,0,1,0,0,14,14,1,0,2,2,0,1,1,0,0,0,0,0,0
2050.5,1,0,0,1,0,5,15,15,0,0,0,0,0,1,1,0,0,0,0,0,0
2050.5,1,0,0,1,0,10,11,11,0,0,0,0,1,3,3,1,0,0,0,0,0
2050.5,1,0,0,1,0,15,17,17,1,0,0,0,1,5,2,2,0,1,0,0,0
2050.5,1,0,0,1,0,20,69,69,16,0,1,1,17,43,15,13,0,9,0,0,0
2050.5,1,0,0,1,0,25,154,154,28,0,1,1,40,120,69,36,0,29,0,0,0
2050.5,1,0,0,1,0,30,194,194,40,0,4,3,60,177,111,32,0,40,0,0,1
2050.5,1,0,0,1,0,35,195,195,24,0,2,2,43,190,144,29,0,22,0,0,0
2050.5,1,0,0,1,0,40,217,217,22,0,3,2,43,213,161,31,0,22,0,0,0
2050.5,1,0,0,1,0,45,139,139,21,0,0,0,30,138,105,14,0,13,0,0,0
2050.5,1,0,0,1,0,50,90,90,9,0,0,0,14,86,62,15,0,8,0,0,0
2050.5,1,0,0,1,0,55,111,111,9,0,3,3,21,110,90,16,0,4,0,0,0
2050.5,1,0,0,1,0,60,255,255,25,0,8,4,42,228,149,28,0,8,0,0,0
2050.5,1,0,0,1,0,100,0,0,0,0,0,0,0,0,0,0,0,0,0,0,0
2050.5,1,0,0,1,1,0,5,5,0,5,0,0,5,5,5,0,0,0,0,0,0
2050.5,1,0,0,1,1,5,4,4,0,4,0,0,4,4,4,0,0,0,0,0,0
2050.5,1,0,0,1,1,10,8,8,0,8,0,0,8,8,8,0,0,0,0,0,0
2050.5,1,0,0,1,1,15,11,11,0,11,0,0,11,10,10,0,0,0,0,0,0
2050.5,1,0,0,1,1,20,56,56,0,56,0,0,56,56,53,0,0,1,0,0,0
2050.5,1,0,0,1,1,25,153,153,0,153,0,0,153,153,151,0,0,4,0,0,2
2050.5,1,0,0,1,1,30,353,353,0,353,2,1,353,353,353,0,0,7,0,0,0
2050.5,1,0,0,1,1,35,535,535,0,535,1,1,535,531,522,0,0,13,0,0,0
2050.5,1,0,0,1,1,40,649,649,0,649,5,3,649,645,622,0,0,11,0,0,0
2050.5,1,0,0,1,1,45,826,826,0,826,7,3,826,823,750,0,0,11,0,0,0
2050.5,1,0,0,1,1,50,975,975,0,975,10,4,975,967,826,0,0,9,0,0,0
2050.5,1,0,0,1,1,55,972,972,0,972,13,4,972,968,825,0,0,5,0,0,0
2050.5,1,0,0,1,1,60,2502,2502,0,2502,84,12,2502,2226,1834,0,0,10,0,0,0
2050.5,1,0,0,1,1,100,1,1,0,1,0,0,1,0,0,0,0,0,0,0,0
2050.5,1,0,1,0,0,0,0,0,0,0,0,0,0,0,0,0,0,0,0,0,0
2050.5,1,0,1,0,0,5,1,0,0,0,0,0,0,0,0,0,0,0,0,0,0
2050.5,1,0,1,0,0,10,28,0,0,0,0,0,0,11,0,0,0,0,0,0,0
2050.5,1,0,1,0,0,15,134,0,0,0,0,0,18,63,0,0,12,0,0,0,0
2050.5,1,0,1,0,0,20,390,0,0,0,1,0,178,302,0,0,132,0,0,0,0
2050.5,1,0,1,0,0,25,619,0,0,0,1,0,346,548,0,0,252,0,0,0,0
2050.5,1,0,1,0,0,30,638,0,0,0,0,0,392,607,0,0,287,0,0,0,0
2050.5,1,0,1,0,0,35,574,0,0,0,1,0,364,560,0,0,243,0,0,0,0
2050.5,1,0,1,0,0,40,503,0,0,0,2,0,329,500,0,0,239,0,0,0,0
2050.5,1,0,1,0,0,45,417,0,0,0,1,0,263,416,0,0,204,0,0,0,0
2050.5,1,0,1,0,0,50,352,0,0,0,1,0,239,351,0,0,159,0,0,0,0
2050.5,1,0,1,0,0,55,299,0,0,0,0,0,193,299,0,0,126,0,0,0,0
2050.5,1,0,1,0,0,60,487,0,0,0,12,0,309,449,0,0,212,0,0,0,0
2050.5,1,0,1,0,0,100,0,0,0,0,0,0,0,0,0,0,0,0,0,0,0
2050.5,1,0,1,0,1,0,0,0,0,0,0,0,0,0,0,0,0,0,0,0,0
2050.5,1,0,1,0,1,5,0,0,0,0,0,0,0,0,0,0,0,0,0,0,0
2050.5,1,0,1,0,1,10,0,0,0,0,0,0,0,0,0,0,0,0,0,0,0
2050.5,1,0,1,0,1,15,0,0,0,0,0,0,0,0,0,0,0,0,0,0,0
2050.5,1,0,1,0,1,20,0,0,0,0,0,0,0,0,0,0,0,0,0,0,0
2050.5,1,0,1,0,1,25,0,0,0,0,0,0,0,0,0,0,0,0,0,0,0
2050.5,1,0,1,0,1,30,0,0,0,0,0,0,0,0,0,0,0,0,0,0,0
2050.5,1,0,1,0,1,35,0,0,0,0,0,0,0,0,0,0,0,0,0,0,0
2050.5,1,0,1,0,1,40,0,0,0,0,0,0,0,0,0,0,0,0,0,0,0
2050.5,1,0,1,0,1,45,0,0,0,0,0,0,0,0,0,0,0,0,0,0,0
2050.5,1,0,1,0,1,50,0,0,0,0,0,0,0,0,0,0,0,0,0,0,0
2050.5,1,0,1,0,1,55,0,0,0,0,0,0,0,0,0,0,0,0,0,0,0
2050.5,1,0,1,0,1,60,0,0,0,0,0,0,0,0,0,0,0,0,0,0,0
2050.5,1,0,1,0,1,100,0,0,0,0,0,0,0,0,0,0,0,0,0,0,0
2050.5,1,0,1,1,0,0,0,0,0,0,0,0,0,0,0,0,0,0,0,0,0
2050.5,1,0,1,1,0,5,0,0,0,0,0,0,0,0,0,0,0,0,0,0,0
2050.5,1,0,1,1,0,10,1,1,0,0,0,0,0,0,0,0,0,0,0,0,0
2050.5,1,0,1,1,0,15,1,1,0,0,0,0,0,1,1,0,0,0,0,0,0
2050.5,1,0,1,1,0,20,6,6,2,0,0,0,1,4,2,1,0,1,0,0,0
2050.5,1,0,1,1,0,25,8,8,3,0,0,0,1,5,3,0,0,1,0,0,0
2050.5,1,0,1,1,0,30,14,14,0,0,0,0,2,12,10,1,0,1,0,0,0
2050.5,1,0,1,1,0,35,25,25,3,0,0,0,4,24,20,5,0,2,0,0,0
2050.5,1,0,1,1,0,40,18,18,2,0,0,0,6,18,13,1,0,2,0,0,0
2050.5,1,0,1,1,0,45,16,16,5,0,0,0,5,16,12,3,0,1,0,0,0
2050.5,1,0,1,1,0,50,8,8,0,0,0,0,0,8,7,1,0,0,0,0,0
2050.5,1,0,1,1,0,55,10,10,1,0,0,0,1,10,6,1,0,1,0,0,0
2050.5,1,0,1,1,0,60,25,25,4,0,0,0,4,24,15,1,0,1,0,0,0
2050.5,1,0,1,1,0,100,0,0,0,0,0,0,0,0,0,0,0,0,0,0,0
2050.5,1,0,1,1,1,0,0,0,0,0,0,0,0,0,0,0,0,0,0,0,0
2050.5,1,0,1,1,1,5,0,0,0,0,0,0,0,0,0,0,0,0,0,0,0
2050.5,1,0,1,1,1,10,0,0,0,0,0,0,0,0,0,0,0,0,0,0,0
2050.5,1,0,1,1,1,15,0,0,0,0,0,0,0,0,0,0,0,0,0,0,0
2050.5,1,0,1,1,1,20,0,0,0,0,0,0,0,0,0,0,0,0,0,0,0
2050.5,1,0,1,1,1,25,16,16,0,16,0,0,16,16,16,0,0,0,0,0,0
2050.5,1,0,1,1,1,30,30,30,0,30,1,1,30,30,30,0,0,1,0,0,0
2050.5,1,0,1,1,1,35,45,45,0,45,0,0,45,44,44,0,0,1,0,0,0
2050.5,1,0,1,1,1,40,68,68,0,68,1,1,68,68,66,0,0,4,0,0,0
2050.5,1,0,1,1,1,45,66,66,0,66,0,0,66,66,61,0,0,0,0,0,0
2050.5,1,0,1,1,1,50,90,90,0,90,0,0,90,90,76,0,0,1,0,0,0
2050.5,1,0,1,1,1,55,93,93,0,93,2,1,93,92,73,0,0,0,0,0,0
2050.5,1,0,1,1,1,60,243,243,0,243,7,0,243,217,173,0,0,3,0,0,0
2050.5,1,0,1,1,1,100,0,0,0,0,0,0,0,0,0,0,0,0,0,0,0
2050.5,1,1,0,0,0,0,5868,0,0,0,14,0,437,1893,0,0,200,0,0,0,0
2050.5,1,1,0,0,0,5,5935,0,0,0,0,0,0,2006,0,0,0,0,0,0,0
2050.5,1,1,0,0,0,10,6068,0,0,0,0,0,112,2162,0,0,107,0,0,0,0
2050.5,1,1,0,0,0,15,5854,0,0,0,2,0,1432,3393,0,0,1058,0,0,0,0
2050.5,1,1,0,0,0,20,5333,0,0,0,0,0,2547,4467,0,0,1987,0,0,0,0
2050.5,1,1,0,0,0,25,4819,0,0,0,0,0,2921,4613,0,0,2260,0,0,0,0
2050.5,1,1,0,0,0,30,4286,0,0,0,1,0,2791,4254,0,0,2099,0,0,0,0
2050.5,1,1,0,0,0,35,3784,0,0,0,0,0,2447,3773,0,0,1749,0,0,0,0
2050.5,1,1,0,0,0,40,3066,0,0,0,2,0,2014,3063,0,0,1460,0,0,0,0
2050.5,1,1,0,0,0,45,2534,0,0,0,6,0,1684,2533,0,0,1199,0,0,0,0
2050.5,1,1,0,0,0,50,2186,0,0,0,3,0,1438,2186,0,0,1056,0,0,0,0
2050.5,1,1,0,0,0,55,1739,0,0,0,5,0,1173,1739,0,0,845,0,0,0,0
2050.5,1,1,0,0,0,60,3319,0,0,0,49,0,1788,2968,0,0,1273,0,0,0,0
2050.5,1,1,0,0,0,100,15,0,0,0,2,0,0,0,0,0,0,0,0,0,0
2050.5,1,1,0,0,1,0,0,0,0,0,0,0,0,0,0,0,0,0,0,0,0
2050.5,1,1,0,0,1,5,0,0,0,0,0,0,0,0,0,0,0,0,0,0,0
2050.5,1,1,0,0,1,10,0,0,0,0,0,0,0,0,0,0,0,0,0,0,0
2050.5,1,1,0,0,1,15,0,0,0,0,0,0,0,0,0,0,0,0,0,0,0
2050.5,1,1,0,0,1,20,0,0,0,0,0,0,0,0,0,0,0,0,0,0,0
2050.5,1,1,0,0,1,25,0,0,0,0,0,0,0,0,0,0,0,0,0,0,0
2050.5,1,1,0,0,1,30,0,0,0,0,0,0,0,0,0,0,0,0,0,0,0
2050.5,1,1,0,0,1,35,0,0,0,0,0,0,0,0,0,0,0,0,0,0,0
2050.5,1,1,0,0,1,40,0,0,0,0,0,0,0,0,0,0,0,0,0,0,0
2050.5,1,1,0,0,1,45,0,0,0,0,0,0,0,0,0,0,0,0,0,0,0
2050.5,1,1,0,0,1,50,0,0,0,0,0,0,0,0,0,0,0,0,0,0,0
2050.5,1,1,0,0,1,55,0,0,0,0,0,0,0,0,0,0,0,0,0,0,0
2050.5,1,1,0,0,1,60,0,0,0,0,0,0,0,0,0,0,0,0,0,0,0
2050.5,1,1,0,0,1,100,0,0,0,0,0,0,0,0,0,0,0,0,0,0,0
2050.5,1,1,0,1,0,0,10,10,3,0,2,2,1,1,1,3,0,0,0,0,0
2050.5,1,1,0,1,0,5,10,10,0,0,0,0,0,3,3,0,0,0,0,0,0
2050.5,1,1,0,1,0,10,12,12,3,0,2,2,0,4,1,0,0,0,0,0,0
2050.5,1,1,0,1,0,15,87,87,22,0,0,0,15,55,18,13,0,23,0,0,0
2050.5,1,1,0,1,0,20,178,178,38,0,0,0,40,138,53,35,0,29,0,0,0
2050.5,1,1,0,1,0,25,191,191,37,0,0,0,61,176,83,37,0,25,0,0,0
2050.5,1,1,0,1,0,30,217,217,44,0,2,1,59,206,121,47,0,18,0,0,0
2050.5,1,1,0,1,0,35,196,196,40,0,0,0,46,192,104,24,0,4,0,0,0
2050.5,1,1,0,1,0,40,140,140,16,0,0,0,18,137,81,7,0,6,0,0,0
2050.5,1,1,0,1,0,45,189,189,18,0,1,1,26,177,120,18,0,8,0,0,0
2050.5,1,1,0,1,0,50,188,188,9,0,1,1,20,183,123,18,0,5,0,0,0
2050.5,1,1,0,1,0,55,204,204,8,0,4,4,22,193,127,21,0,5,0,0,0
2050.5,1,1,0,1,0,60,514,514,11,0,17,8,35,465,373,39,0,12,0,0,0
2050.5,1,1,0,1,0,100,3,3,1,0,0,0,1,1,1,1,0,0,0,0,0
2050.5,1,1,0,1,1,0,12,12,0,12,1,0,12,12,12,0,0,0,0,0,0
2050.5,1,1,0,1,1,5,4,4,0,4,0,0,4,4,4,0,0,0,0,0,0
2050.5,1,1,0,1,1,10,6,6,0,6,0,0,6,6,6,0,0,0,0,0,0
2050.5,1,1,0,1,1,15,73,73,0,73,0,0,73,60,51,0,0,3,0,0,0
2050.5,1,1,0,1,1,20,324,324,0,324,0,0,324,291,236,0,0,8,0,0,0
2050.5,1,1,0,1,1,25,673,673,0,673,2,2,673,600,474,0,0,4,0,0,0
2050.5,1,1,0,1,1,30,1057,1057,0,1057,0,0,1057,986,711,0,0,10,0,0,0
2050.5,1,1,0,1,1,35,1451,1451,0,1451,2,2,1451,1390,1040,0,0,8,0,0,0
2050.5,1,1,0,1,1,40,1660,1660,0,1660,5,2,1660,1600,1170,0,0,9,0,0,0
2050.5,1,1,0,1,1,45,1661,1661,0,1661,5,2,1661,1581,1166,0,0,15,0,0,0
2050.5,1,1,0,1,1,50,1831,1831,0,1831,11,4,1831,1765,1322,0,0,6,0,0,0
2050.5,1,1,0,1,1,55,1799,1799,0,1799,10,1,1799,1727,1341,0,0,4,0,0,0
2050.5,1,1,0,1,1,60,4712,4712,0,4712,75,10,4712,4193,3367,0,0,13,0,0,0
2050.5,1,1,0,1,1,100,3,3,0,3,0,0,3,1,1,0,0,0,0,0,0
2051,1,0,0,0,0,0,5882,0,0,0,12,0,394,1904,0,0,198,0,0,0,0
2051,1,0,0,0,0,5,5907,0,0,0,5,0,0,2045,0,0,0,0,0,0,1
2051,1,0,0,0,0,10,5895,0,0,0,1,0,0,1979,0,0,0,0,0,0,3
2051,1,0,0,0,0,15,5730,0,0,0,0,0,430,2262,0,0,423,0,0,0,15
2051,1,0,0,0,0,20,5272,0,0,0,6,0,2062,3705,0,0,1666,0,0,0,27
2051,1,0,0,0,0,25,4646,0,0,0,4,0,2492,4172,0,0,1912,0,0,0,10
2051,1,0,0,0,0,30,4367,0,0,0,7,0,2542,4176,0,0,1961,0,0,0,1
2051,1,0,0,0,0,35,3863,0,0,0,7,0,2335,3810,0,0,1724,0,0,0,0
2051,1,0,0,0,0,40,3306,0,0,0,10,0,2092,3282,0,0,1641,0,0,0,0
2051,1,0,0,0,0,45,2620,0,0,0,13,0,1663,2614,0,0,1267,0,0,0,0
2051,1,0,0,0,0,50,2183,0,0,0,18,0,1411,2183,0,0,1084,0,0,0,0
2051,1,0,0,0,0,55,1712,0,0,0,16,0,1069,1711,0,0,828,0,0,0,0
2051,1,0,0,0,0,60,2702,0,0,0,68,0,1597,2536,0,0,1218,0,0,0,0
2051,1,0,0,0,0,100,2,0,0,0,0,0,0,0,0,0,0,0,0,0,0
2051,1,0,0,0,1,0,0,0,0,0,0,0,0,0,0,0,0,0,0,0,0
2051,1,0,0,0,1,5,0,0,0,0,0,0,0,0,0,0,0,0,0,0,0
2051,1,0,0,0,1,10,0,0,0,0,0,0,0,0,0,0,0,0,0,0,0
2051,1,0,0,0,1,15,0,0,0,0,0,0,0,0,0,0,0,0,0,0,0
2051,1,0,0,0,1,20,0,0,0,0,0,0,0,0,0,0,0,0,0,0,0
2051,1,0,0,0,1,25,0,0,0,0,0,0,0,0,0,0,0,0,0,0,0
2051,1,0,0,0,1,30,0,0,0,0,0,0,0,0,0,0,0,0,0,0,0
2051,1,0,0,0,1,35,0,0,0,0,0,0,0,0,0,0,0,0,0,0,0
2051,1,0,0,0,1,40,0,0,0,0,0,0,0,0,0,0,0,0,0,0,0
2051,1,0,0,0,1,45,0,0,0,0,0,0,0,0,0,0,0,0,0,0,0
2051,1,0,0,0,1,50,0,0,0,0,0,0,0,0,0,0,0,0,0,0,0
2051,1,0,0,0,1,55,0,0,0,0,0,0,0,0,0,0,0,0,0,0,0
2051,1,0,0,0,1,60,0,0,0,0,0,0,0,0,0,0,0,0,0,0,0
2051,1,0,0,0,1,100,0,0,0,0,0,0,0,0,0,0,0,0,0,0,0
2051,1,0,0,1,0,0,15,15,5,0,2,2,2,3,3,3,0,0,0,0,0
2051,1,0,0,1,0,5,16,16,0,0,0,0,0,1,1,0,0,0,0,0,0
2051,1,0,0,1,0,10,9,9,0,0,0,0,0,2,2,0,0,0,0,0,0
2051,1,0,0,1,0,15,14,14,3,0,1,1,2,4,2,2,0,0,0,0,0
2051,1,0,0,1,0,20,69,69,16,0,0,0,13,39,16,13,0,12,0,0,1
2051,1,0,0,1,0,25,148,148,23,0,1,1,35,122,72,29,0,28,0,0,1
2051,1,0,0,1,0,30,207,207,35,0,4,4,57,189,119,43,0,37,0,0,0
2051,1,0,0,1,0,35,197,197,22,0,3,3,42,191,138,30,0,22,0,0,0
2051,1,0,0,1,0,40,219,219,29,0,3,2,52,214,165,38,0,14,0,0,0
2051,1,0,0,1,0,45,140,140,18,0,4,2,27,140,105,16,0,7,0,0,0
2051,1,0,0,1,0,50,96,96,12,0,2,2,13,93,64,9,0,2,0,0,0
2051,1,0,0,1,0,55,108,108,15,0,6,2,24,106,81,13,0,2,0,0,0
2051,1,0,0,1,0,60,268,268,35,0,8,2,45,234,159,28,0,12,0,0,0
2051,1,0,0,1,0,100,0,0,0,0,0,0,0,0,0,0,0,0,0,0,0
2051,1,0,0,1,1,0,5,5,0,5,0,0,5,5,5,0,0,0,0,0,0
2051,1,0,0,1,1,5,2,2,0,2,0,0,2,2,2,0,0,0,0,0,0
2051,1,0,0,1,1,10,10,10,0,10,0,0,10,10,10,0,0,0,0,0,0
2051,1,0,0,1,1,15,9,9,0,9,0,0,9,9,9,0,0,0,0,0,0
2051,1,0,0,1,1,20,63,63,0,63,0,0,63,62,59,0,0,1,0,0,0
2051,1,0,0,1,1,25,150,150,0,150,1,0,150,150,148,0,0,1,0,0,1
2051,1,0,0,1,1,30,340,340,0,340,1,1,340,340,340,0,0,14,0,0,1
2051,1,0,0,1,1,35,542,542,0,542,1,1,542,539,528,0,0,18,0,0,0
2051,1,0,0,1,1,40,660,660,0,660,1,0,660,655,631,0,0,17,0,0,0
2051,1,0,0,1,1,45,829,829,0,829,7,4,829,826,756,0,0,14,0,0,0
2051,1,0,0,1,1,50,948,948,0,948,12,6,948,941,808,0,0,8,0,0,0
2051,1,0,0,1,1,55,984,984,0,984,11,3,984,979,831,0,0,4,0,0,0
2051,1,0,0,1,1,60,2547,2547,0,2547,73,4,2547,2284,1867,0,0,18,0,0,0
2051,1,0,0,1,1,100,1,1,0,1,0,0,1,0,0,0,0,0,0,0,0
2051,1,0,1,0,0,0,0,0,0,0,0,0,0,0,0,0,0,0,0,0,0
2051,1,0,1,0,0,5,1,0,0,0,0,0,0,0,0,0,0,0,0,0,0
2051,1,0,1,0,0,10,30,0,0,0,0,0,0,10,0,0,0,0,0,0,0
2051,1,0,1,0,0,15,126,0,0,0,0,0,14,58,0,0,15,0,0,0,0
2051,1,0,1,0,0,20,384,0,0,0,1,0,156,294,0,0,128,0,0,0,0
2051,1,0,1,0,0,25,624,0,0,0,1,0,345,551,0,0,266,0,0,0,0
2051,1,0,1,0,0,30,629,0,0,0,0,0,360,597,0,0,257,0,0,0,0
2051,1,0,1,0,0,35,581,0,0,0,0,0,360,567,0,0,267,0,0,0,0
2051,1,0,1,0,0,40,517,0,0,0,0,0,316,514,0,0,250,0,0,0,0
2051,1,0,1,0,0,45,405,0,0,0,2,0,254,404,0,0,194,0,0,0,0
2051,1,0,1,0,0,50,346,0,0,0,2,0,203,345,0,0,136,0,0,0,0
2051,1,0,1,0,0,55,317,0,0,0,2,0,186,317,0,0,130,0,0,0,0
2051,1,0,1,0,0,60,487,0,0,0,16,0,291,454,0,0,231,0,0,0,0
2051,1,0,1,0,0,100,0,0,0,0,0,0,0,0,0,0,0,0,0,0,0
2051,1,0,1,0,1,0,0,0,0,0,0,0,0,0,0,0,0,0,0,0,0
2051,1,0,1,0,1,5,0,0,0,0,0,0,0,0,0,0,0,0,0,0,0
2051,1,0,1,0,1,10,0,0,0,0,0,0,0,0,0,0,0,0,0,0,0
2051,1,0,1,0,1,15,0,0,0,0,0,0,0,0,0,0,0,0,0,0,0
2051,1,0,1,0,1,20,0,0,0,0,0,0,0,0,0,0,0,0,0,0,0
2051,1,0,1,0,1,25,0,0,0,0,0,0,0,0,0,0,0,0,0,0,0
2051,1,0,1,0,1,30,0,0,0,0,0,0,0,0,0,0,0,0,0,0,0
2051,1,0,1,0,1,35,0,0,0,0,0,0,0,0,0,0,0,0,0,0,0
2051,1,0,1,0,1,40,0,0,0,0,0,0,0,0,0,0,0,0,0,0,0
2051,1,0,1,0,1,45,0,0,0,0,0,0,0,0,0,0,0,0,0,0,0
2051,1,0,1,0,1,50,0,0,0,0,0,0,0,0,0,0,0,0,0,0,0
2051,1,0,1,0,1,55,0,0,0,0,0,0,0,0,0,0,0,0,0,0,0
2051,1,0,1,0,1,60,0,0,0,0,0,0,0,0,0,0,0,0,0,0,0
2051,1,0,1,0,1,100,0,0,0,0,0,0,0,0,0,0,0,0,0,0,0
2051,1,0,1,1,0,0,0,0,0,0,0,0,0,0,0,0,0,0,0,0,0
2051,1,0,1,1,0,5,0,0,0,0,0,0,0,0,0,0,0,0,0,0,0
2051,1,0,1,1,0,10,1,1,0,0,0,0,0,0,0,0,0,0,0,0,0
2051,1,0,1,1,0,15,1,1,0,0,0,0,0,1,1,0,0,0,0,0,0
2051,1,0,1,1,0,20,8,8,2,0,0,0,4,5,4,3,0,0,0,0,0
2051,1,0,1,1,0,25,12,12,3,0,0,0,5,9,4,1,0,1,0,0,0
2051,1,0,1,1,0,30,17,17,5,0,0,0,4,15,10,2,0,3,0,0,0
2051,1,0,1,1,0,35,20,20,1,0,0,0,3,20,18,3,0,6,0,0,0
2051,1,0,1,1,0,40,20,20,3,0,1,1,6,18,12,3,0,4,0,0,0
2051,1,0,1,1,0,45,11,11,2,0,0,0,2,11,7,2,0,1,0,0,0
2051,1,0,1,1,0,50,11,11,4,0,0,0,4,11,8,4,0,4,0,0,0
2051,1,0,1,1,0,55,10,10,1,0,0,0,1,10,6,1,0,0,0,0,0
2051,1,0,1,1,0,60,29,29,7,0,2,1,6,28,18,4,0,1,0,0,0
2051,1,0,1,1,0,100,0,0,0,0,0,0,0,0,0,0,0,0,0,0,0
2051,1,0,1,1,1,0,0,0,0,0,0,0,0,0,0,0,0,0,0,0,0
2051,1,0,1,1,1,5,0,0,0,0,0,0,0,0,0,0,0,0,0,0,0
2051,1,0,1,1,1,10,0,0,0,0,0,0,0,0,0,0,0,0,0,0,0
2051,1,0,1,1,1,15,0,0,0,0,0,0,0,0,0,0,0,0,0,0,0
2051,1,0,1,1,1,20,0,0,0,0,0,0,0,0,0,0,0,0,0,0,0
2051,1,0,1,1,1,25,15,15,0,15,0,0,15,15,15,0,0,0,0,0,0
2051,1,0,1,1,1,30,30,30,0,30,0,0,30,30,30,0,0,0,0,0,0
2051,1,0,1,1,1,35,46,46,0,46,0,0,46,45,45,0,0,3,0,0,0
2051,1,0,1,1,1,40,67,67,0,67,1,1,67,67,65,0,0,1,0,0,0
2051,1,0,1,1,1,45,75,75,0,75,1,1,75,75,69,0,0,1,0,0,0
2051,1,0,1,1,1,50,92,92,0,92,0,0,92,92,77,0,0,2,0,0,0
2051,1,0,1,1,1,55,95,95,0,95,1,0,95,94,76,0,0,1,0,0,0
2051,1,0,1,1,1,60,241,241,0,241,7,1,241,217,172,0,0,3,0,0,0
2051,1,0,1,1,1,100,0,0,0,0,0,0,0,0,0,0,0,0,0,0,0
2051,1,1,0,0,0,0,5906,0,0,0,17,0,446,1943,0,0,248,0,0,0,0
2051,1,1,0,0,0,5,5946,0,0,0,0,0,0,1997,0,0,0,0,0,0,0
2051,1,1,0,0,0,10,6004,0,0,0,0,0,109,2136,0,0,117,0,0,0,0
2051,1,1,0,0,0,15,5882,0,0,0,2,0,1311,3403,0,0,1059,0,0,0,0
2051,1,1,0,0,0,20,5321,0,0,0,1,0,2444,4454,0,0,1943,0,0,0,0
2051,1,1,0,0,0,25,4853,0,0,0,2,0,2812,4650,0,0,2186,0,0,0,0
2051,1,1,0,0,0,30,4324,0,0,0,2,0,2733,4296,0,0,2124,0,0,0,0
2051,1,1,0,0,0,35,3797,0,0,0,2,0,2337,3786,0,0,1858,0,0,0,0
2051,1,1,0,0,0,40,3111,0,0,0,5,0,1979,3107,0,0,1479,0,0,0,0
2051,1,1,0,0,0,45,2558,0,0,0,3,0,1588,2557,0,0,1186,0,0,0,0
2051,1,1,0,0,0,50,2191,0,0,0,10,0,1387,2191,0,0,1037,0,0,0,0
2051,1,1,0,0,0,55,1740,0,0,0,8,0,1077,1740,0,0,774,0,0,0,0
2051,1,1,0,0,0,60,3434,0,0,0,49,0,1766,3102,0,0,1287,0,0,0,0
2051,1,1,0,0,0,100,14,0,0,0,0,0,0,0,0,0,0,0,0,0,0
2051,1,1,0,0,1,0,0,0,0,0,0,0,0,0,0,0,0,0,0,0,0
2051,1,1,0,0,1,5,0,0,0,0,0,0,0,0,0,0,0,0,0,0,0
2051,1,1,0,0,1,10,0,0,0,0,0,0,0,0,0,0,0,0,0,0,0
2051,1,1,0,0,1,15,0,0,0,0,0,0,0,0,0,0,0,0,0,0,0
2051,1,1,0,0,1,20,0,0,0,0,0,0,0,0,0,0,0,0,0,0,0
2051,1,1,0,0,1,25,0,0,0,0,0,0,0,0,0,0,0,0,0,0,0
2051,1,1,0,0,1,30,0,0,0,0,0,0,0,0,0,0,0,0,0,0,0
2051,1,1,0,0,1,35,0,0,0,0,0,0,0,0,0,0,0,0,0,0,0
2051,1,1,0,0,1,40,0,0,0,0,0,0,0,0,0,0,0,0,0,0,0
2051,1,1,0,0,1,45,0,0,0,0,0,0,0,0,0,0,0,0,0,0,0
2051,1,1,0,0,1,50,0,0,0,0,0,0,0,0,0,0,0,0,0,0,0
2051,1,1,0,0,1,55,0,0,0,0,0,0,0,0,0,0,0,0,0,0,0
2051,1,1,0,0,1,60,0,0,0,0,0,0,0,0,0,0,0,0,0,0,0
2051,1,1,0,0,1,100,0,0,0,0,0,0,0,0,0,0,0,0,0,0,0
2051,1,1,0,1,0,0,10,10,2,0,0,0,2,2,2,1,0,0,0,0,0
2051,1,1,0,1,0,5,10,10,0,0,0,0,0,3,3,0,0,0,0,0,0
2051,1,1,0,1,0,10,11,11,5,0,2,2,1,3,2,2,0,5,0,0,0
2051,1,1,0,1,0,15,100,100,33,0,1,1,23,61,23,16,0,23,0,0,0
2051,1,1,0,1,0,20,174,174,36,0,1,1,43,133,51,30,0,25,0,0,0
2051,1,1,0,1,0,25,183,183,39,0,2,1,53,165,89,42,0,22,0,0,0
2051,1,1,0,1,0,30,211,211,42,0,0,0,51,206,115,40,0,15,0,0,0
2051,1,1,0,1,0,35,181,181,38,0,4,3,45,176,98,23,0,11,0,0,0
2051,1,1,0,1,0,40,144,144,24,0,2,2,25,140,73,8,0,5,0,0,0
2051,1,1,0,1,0,45,196,196,15,0,3,2,21,185,125,22,0,12,0,0,0
2051,1,1,0,1,0,50,217,217,6,0,1,1,24,211,150,25,0,11,0,0,0
2051,1,1,0,1,0,55,190,190,9,0,3,3,17,181,121,13,0,10,0,0,0
2051,1,1,0,1,0,60,525,525,15,0,16,8,47,481,377,51,0,14,0,0,0
2051,1,1,0,1,0,100,2,2,0,0,0,0,0,0,0,0,0,0,0,0,0
2051,1,1,0,1,1,0,10,10,0,10,0,0,10,10,10,0,0,0,0,0,0
2051,1,1,0,1,1,5,6,6,0,6,0,0,6,6,6,0,0,0,0,0,0
2051,1,1,0,1,1,10,6,6,0,6,0,0,6,6,6,0,0,0,0,0,0
2051,1,1,0,1,1,15,70,70,0,70,0,0,70,61,53,0,0,1,0,0,0
2051,1,1,0,1,1,20,334,334,0,334,0,0,334,297,236,0,0,4,0,0,0
2051,1,1,0,1,1,25,665,665,0,665,2,2,665,596,466,0,0,7,0,0,0
2051,1,1,0,1,1,30,1086,1086,0,1086,2,1,1086,1010,733,0,0,5,0,0,0
2051,1,1,0,1,1,35,1458,1458,0,1458,4,2,1458,1398,1037,0,0,10,0,0,0
2051,1,1,0,1,1,40,1650,1650,0,1650,3,1,1650,1592,1156,0,0,9,0,0,0
2051,1,1,0,1,1,45,1682,1682,0,1682,7,3,1682,1603,1196,0,0,11,0,0,0
2051,1,1,0,1,1,50,1809,1809,0,1809,5,3,1809,1741,1297,0,0,12,0,0,0
2051,1,1,0,1,1,55,1787,1787,0,1787,6,1,1787,1720,1329,0,0,5,0,0,0
2051,1,1,0,1,1,60,4827,4827,0,4827,69,8,4827,4313,3476,0,0,19,0,0,0
2051,1,1,0,1,1,100,4,4,0,4,1,0,4,2,2,0,0,0,0,0,0
2051.5,1,0,0,0,0,0,5870,0,0,0,23,0,382,1884,0,0,185,0,0,0,0
2051.5,1,0,0,0,0,5,5910,0,0,0,4,0,0,2055,0,0,0,0,0,0,0
2051.5,1,0,0,0,0,10,5901,0,0,0,1,0,0,1975,0,0,0,0,0,0,2
2051.5,1,0,0,0,0,15,5734,0,0,0,5,0,436,2268,0,0,430,0,0,0,19
2051.5,1,0,0,0,0,20,5248,0,0,0,4,0,2075,3707,0,0,1616,0,0,0,31
2051.5,1,0,0,0,0,25,4687,0,0,0,5,0,2567,4205,0,0,1993,0,0,0,17
2051.5,1,0,0,0,0,30,4349,0,0,0,3,0,2597,4161,0,0,1947,0,0,0,1
2051.5,1,0,0,0,0,35,3896,0,0,0,6,0,2377,3843,0,0,1861,0,0,0,0
2051.5,1,0,0,0,0,40,3325,0,0,0,5,0,2051,3306,0,0,1548,0,0,0,0
2051.5,1,0,0,0,0,45,2663,0,0,0,9,0,1707,2657,0,0,1301,0,0,0,0
2051.5,1,0,0,0,0,50,2192,0,0,0,22,0,1379,2191,0,0,1057,0,0,0,0
2051.5,1,0,0,0,0,55,1701,0,0,0,15,0,1091,1700,0,0,835,0,0,0,0
2051.5,1,0,0,0,0,60,2776,0,0,0,68,0,1671,2627,0,0,1207,0,0,0,0
2051.5,1,0,0,0,0,100,2,0,0,0,0,0,0,0,0,0,0,0,0,0,0
2051.5,1,0,0,0,1,0,0,0,0,0,0,0,0,0,0,0,0,0,0,0,0
2051.5,1,0,0,0,1,5,0,0,0,0,0,0,0,0,0,0,0,0,0,0,0
2051.5,1,0,0,0,1,10,0,0,0,0,0,0,0,0,0,0,0,0,0,0,0
2051.5,1,0,0,0,1,15,0,0,0,0,0,0,0,0,0,0,0,0,0,0,0
2051.5,1,0,0,0,1,20,0,0,0,0,0,0,0,0,0,0,0,0,0,0,0
2051.5,1,0,0,0,1,25,0,0,0,0,0,0,0,0,0,0,0,0,0,0,0
2051.5,1,0,0,0,1,30,0,0,0,0,0,0,0,0,0,0,0,0,0,0,0
2051.5,1,0,0,0,1,35,0,0,0,0,0,0,0,0,0,0,0,0,0,0,0
2051.5,1,0,0,0,1,40,0,0,0,0,0,0,0,0,0,0,0,0,0,0,0
2051.5,1,0,0,0,1,45,0,0,0,0,0,0,0,0,0,0,0,0,0,0,0
2051.5,1,0,0,0,1,50,0,0,0,0,0,0,0,0,0,0,0,0,0,0,0
2051.5,1,0,0,0,1,55,0,0,0,0,0,0,0,0,0,0,0,0,0,0,0
2051.5,1,0,0,0,1,60,0,0,0,0,0,0,0,0,0,0,0,0,0,0,0
2051.5,1,0,0,0,1,100,0,0,0,0,0,0,0,0,0,0,0,0,0,0,0
2051.5,1,0,0,1,0,0,17,17,2,0,0,0,3,3,3,2,0,0,0,0,0
2051.5,1,0,0,1,0,5,15,15,0,0,0,0,0,1,1,0,0,0,0,0,0
2051.5,1,0,0,1,0,10,7,7,0,0,2,2,0,2,2,0,0,0,0,0,0
2051.5,1,0,0,1,0,15,15,15,4,0,0,0,2,4,2,2,0,2,0,0,0
2051.5,1,0,0,1,0,20,68,68,14,0,2,1,15,41,15,11,0,14,0,0,0
2051.5,1,0,0,1,0,25,139,139,22,0,0,0,26,114,65,23,0,28,0,0,1
2051.5,1,0,0,1,0,30,166,166,14,0,2,2,38,150,108,39,0,44,0,0,0
2051.5,1,0,0,1,0,35,212,212,23,0,4,4,41,202,141,35,0,21,0,0,0
2051.5,1,0,0,1,0,40,205,205,24,0,3,3,37,202,156,33,0,13,0,0,0
2051.5,1,0,0,1,0,45,132,132,18,0,1,1,27,132,96,14,0,11,0,0,0
2051.5,1,0,0,1,0,50,112,112,11,0,2,2,18,109,82,18,0,4,0,0,0
2051.5,1,0,0,1,0,55,109,109,13,0,6,5,21,107,78,14,0,1,0,0,0
2051.5,1,0,0,1,0,60,243,243,25,0,11,4,38,214,143,19,0,9,0,0,0
2051.5,1,0,0,1,0,100,0,0,0,0,0,0,0,0,0,0,0,0,0,0,0
2051.5,1,0,0,1,1,0,4,4,0,4,0,0,4,4,4,0,0,0,0,0,0
2051.5,1,0,0,1,1,5,4,4,0,4,0,0,4,4,4,0,0,0,0,0,0
2051.5,1,0,0,1,1,10,10,10,0,10,0,0,10,10,10,0,0,0,0,0,0
2051.5,1,0,0,1,1,15,8,8,0,8,0,0,8,8,8,0,0,0,0,0,0
2051.5,1,0,0,1,1,20,55,55,0,55,0,0,55,54,52,0,0,0,0,0,2
2051.5,1,0,0,1,1,25,167,167,0,167,1,1,167,167,164,0,0,4,0,0,1
2051.5,1,0,0,1,1,30,342,342,0,342,0,0,342,342,340,0,0,7,0,0,0
2051.5,1,0,0,1,1,35,551,551,0,551,3,3,551,548,537,0,0,6,0,0,0
2051.5,1,0,0,1,1,40,678,678,0,678,4,1,678,672,647,0,0,12,0,0,0
2051.5,1,0,0,1,1,45,820,820,0,820,5,2,820,818,756,0,0,18,0,0,0
2051.5,1,0,0,1,1,50,936,936,0,936,5,3,936,932,791,0,0,6,0,0,0
2051.5,1,0,0,1,1,55,996,996,0,996,8,4,996,988,850,0,0,7,0,0,0
2051.5,1,0,0,1,1,60,2622,2622,0,2622,72,7,2622,2364,1924,0,0,21,0,0,0
2051.5,1,0,0,1,1,100,1,1,0,1,0,0,1,0,0,0,0,0,0,0,0
2051.5,1,0,1,0,0,0,0,0,0,0,0,0,0,0,0,0,0,0,0,0,0
2051.5,1,0,1,0,0,5,0,0,0,0,0,0,0,0,0,0,0,0,0,0,0
2051.5,1,0,1,0,0,10,26,0,0,0,0,0,0,8,0,0,0,0,0,0,0
2051.5,1,0,1,0,0,15,129,0,0,0,0,0,9,56,0,0,10,0,0,0,0
2051.5,1,0,1,0,0,20,387,0,0,0,0,0,156,293,0,0,129,0,0,0,0
2051.5,1,0,1,0,0,25,629,0,0,0,2,0,345,559,0,0,257,0,0,0,0
2051.5,1,0,1,0,0,30,634,0,0,0,1,0,366,603,0,0,280,0,0,0,0
2051.5,1,0,1,0,0,35,575,0,0,0,1,0,372,563,0,0,288,0,0,0,0
2051.5,1,0,1,0,0,40,520,0,0,0,1,0,344,516,0,0,255,0,0,0,0
2051.5,1,0,1,0,0,45,422,0,0,0,0,0,254,420,0,0,204,0,0,0,0
2051.5,1,0,1,0,0,50,342,0,0,0,3,0,206,341,0,0,166,0,0,0,0
2051.5,1,0,1,0,0,55,317,0,0,0,3,0,191,317,0,0,149,0,0,0,0
2051.5,1,0,1,0,0,60,497,0,0,0,15,0,304,470,0,0,246,0,0,0,0
2051.5,1,0,1,0,0,100,0,0,0,0,0,0,0,0,0,0,0,0,0,0,0
2051.5,1,0,1,0,1,0,0,0,0,0,0,0,0,0,0,0,0,0,0,0,0
2051.5,1,0,1,0,1,5,0,0,0,0,0,0,0,0,0,0,0,0,0,0,0
2051.5,1,0,1,0,1,10,0,0,0,0,0,0,0,0,0,0,0,0,0,0,0
2051.5,1,0,1,0,1,15,0,0,0,0,0,0,0,0,0,0,0,0,0,0,0
2051.5,1,0,1,0,1,20,0,0,0,0,0,0,0,0,0,0,0,0,0,0,0
2051.5,1,0,1,0,1,25,0,0,0,0,0,0,0,0,0,0,0,0,0,0,0
2051.5,1,0,1,0,1,30,0,0,0,0,0,0,0,0,0,0,0,0,0,0,0
2051.5,1,0,1,0,1,35,0,0,0,0,0,0,0,0,0,0,0,0,0,0,0
2051.5,1,0,1,0,1,40,0,0,0,0,0,0,0,0,0,0,0,0,0,0,0
2051.5,1,0,1,0,1,45,0,0,0,0,0,0,0,0,0,0,0,0,0,0,0
2051.5,1,0,1,0,1,50,0,0,0,0,0,0,0,0,0,0,0,0,0,0,0
2051.5,1,0,1,0,1,55,0,0,0,0,0,0,0,0,0,0,0,0,0,0,0
2051.5,1,0,1,0,1,60,0,0,0,0,0,0,0,0,0,0,0,0,0,0,0
2051.5,1,0,1,0,1,100,0,0,0,0,0,0,0,0,0,0,0,0,0,0,0
2051.5,1,0,1,1,0,0,0,0,0,0,0,0,0,0,0,0,0,0,0,0,0
2051.5,1,0,1,1,0,5,0,0,0,0,0,0,0,0,0,0,0,0,0,0,0
2051.5,1,0,1,1,0,10,1,1,0,0,0,0,0,0,0,0,0,0,0,0,0
2051.5,1,0,1,1,0,15,2,2,1,0,0,0,0,1,1,0,0,0,0,0,0
2051.5,1,0,1,1,0,20,5,5,0,0,0,0,1,3,2,1,0,0,0,0,0
2051.5,1,0,1,1,0,25,8,8,1,0,0,0,3,7,3,1,0,3,0,0,0
2051.5,1,0,1,1,0,30,18,18,1,0,0,0,4,14,10,3,0,2,0,0,0
2051.5,1,0,1,1,0,35,24,24,2,0,0,0,3,24,19,2,0,2,0,0,0
2051.5,1,0,1,1,0,40,21,21,4,0,0,0,11,21,17,8,0,2,0,0,0
2051.5,1,0,1,1,0,45,11,11,2,0,1,1,4,11,9,4,0,1,0,0,0
2051.5,1,0,1,1,0,50,10,10,2,0,0,0,3,10,7,2,0,0,0,0,0
2051.5,1,0,1,1,0,55,6,6,0,0,0,0,1,6,4,1,0,0,0,0,0
2051.5,1,0,1,1,0,60,25,25,3,0,0,0,4,23,14,4,0,0,0,0,0
2051.5,1,0,1,1,0,100,0,0,0,0,0,0,0,0,0,0,0,0,0,0,0
2051.5,1,0,1,1,1,0,0,0,0,0,0,0,0,0,0,0,0,0,0,0,0
2051.5,1,0,1,1,1,5,0,0,0,0,0,0,0,0,0,0,0,0,0,0,0
2051.5,1,0,1,1,1,10,0,0,0,0,0,0,0,0,0,0,0,0,0,0,0
2051.5,1,0,1,1,1,15,0,0,0,0,0,0,0,0,0,0,0,0,0,0,0
2051.5,1,0,1,1,1,20,3,3,0,3,0,0,3,3,2,0,0,0,0,0,0
2051.5,1,0,1,1,1,25,17,17,0,17,0,0,17,17,17,0,0,0,0,0,0
2051.5,1,0,1,1,1,30,32,32,0,32,0,0,32,32,32,0,0,2,0,0,0
2051.5,1,0,1,1,1,35,46,46,0,46,1,1,46,45,45,0,0,3,0,0,0
2051.5,1,0,1,1,1,40,65,65,0,65,0,0,65,64,62,0,0,2,0,0,0
2051.5,1,0,1,1,1,45,71,71,0,71,1,1,71,71,64,0,0,1,0,0,0
2051.5,1,0,1,1,1,50,95,95,0,95,2,0,95,95,83,0,0,0,0,0,0
2051.5,1,0,1,1,1,55,99,99,0,99,3,1,99,99,78,0,0,0,0,0,0
2051.5,1,0,1,1,1,60,249,249,0,249,5,0,249,226,181,0,0,3,0,0,0
2051.5,1,0,1,1,1,100,0,0,0,0,0,0,0,0,0,0,0,0,0,0,0
2051.5,1,1,0,0,0,0,5903,0,0,0,9,0,449,1948,0,0,203,0,0,0,0
2051.5,1,1,0,0,0,5,5890,0,0,0,0,0,0,1990,0,0,0,0,0,0,0
2051.5,1,1,0,0,0,10,6038,0,0,0,0,0,120,2156,0,0,122,0,0,0,0
2051.5,1,1,0,0,0,15,5832,0,0,0,0,0,1331,3363,0,0,1080,0,0,0,0
2051.5,1,1,0,0,0,20,5389,0,0,0,3,0,2411,4509,0,0,1905,0,0,0,0
2051.5,1,1,0,0,0,25,4848,0,0,0,2,0,2842,4650,0,0,2273,0,0,0,0
2051.5,1,1,0,0,0,30,4351,0,0,0,1,0,2680,4321,0,0,2110,0,0,0,0
2051.5,1,1,0,0,0,35,3811,0,0,0,3,0,2407,3800,0,0,1802,0,0,0,0
2051.5,1,1,0,0,0,40,3168,0,0,0,3,0,1993,3164,0,0,1546,0,0,0,0
2051.5,1,1,0,0,0,45,2552,0,0,0,5,0,1633,2551,0,0,1244,0,0,0,0
2051.5,1,1,0,0,0,50,2237,0,0,0,3,0,1399,2237,0,0,1030,0,0,0,0
2051.5,1,1,0,0,0,55,1749,0,0,0,9,0,1097,1749,0,0,849,0,0,0,0
2051.5,1,1,0,0,0,60,3519,0,0,0,63,0,1837,3202,0,0,1433,0,0,0,0
2051.5,1,1,0,0,0,100,12,0,0,0,2,0,0,0,0,0,0,0,0,0,0
2051.5,1,1,0,0,1,0,0,0,0,0,0,0,0,0,0,0,0,0,0,0,0
2051.5,1,1,0,0,1,5,0,0,0,0,0,0,0,0,0,0,0,0,0,0,0
2051.5,1,1,0,0,1,10,0,0,0,0,0,0,0,0,0,0,0,0,0,0,0
2051.5,1,1,0,0,1,15,0,0,0,0,0,0,0,0,0,0,0,0,0,0,0
2051.5,1,1,0,0,1,20,0,0,0,0,0,0,0,0,0,0,0,0,0,0,0
2051.5,1,1,0,0,1,25,0,0,0,0,0,0,0,0,0,0,0,0,0,0,0
2051.5,1,1,0,0,1,30,0,0,0,0,0,0,0,0,0,0,0,0,0,0,0
2051.5,1,1,0,0,1,35,0,0,0,0,0,0,0,0,0,0,0,0,0,0,0
2051.5,1,1,0,0,1,40,0,0,0,0,0,0,0,0,0,0,0,0,0,0,0
2051.5,1,1,0,0,1,45,0,0,0,0,0,0,0,0,0,0,0,0,0,0,0
2051.5,1,1,0,0,1,50,0,0,0,0,0,0,0,0,0,0,0,0,0,0,0
2051.5,1,1,0,0,1,55,0,0,0,0,0,0,0,0,0,0,0,0,0,0,0
2051.5,1,1,0,0,1,60,0,0,0,0,0,0,0,0,0,0,0,0,0,0,0
2051.5,1,1,0,0,1,100,0,0,0,0,0,0,0,0,0,0,0,0,0,0,0
2051.5,1,1,0,1,0,0,15,15,6,0,3,3,3,5,5,3,0,0,0,0,0
2051.5,1,1,0,1,0,5,8,8,0,0,1,1,1,3,3,1,0,0,0,0,0
2051.5,1,1,0,1,0,10,9,9,3,0,0,0,0,1,1,0,0,0,0,0,0
2051.5,1,1,0,1,0,15,99,99,38,0,2,2,20,54,17,13,0,21,0,0,0
2051.5,1,1,0,1,0,20,160,160,30,0,1,1,36,124,53,38,0,16,0,0,0
2051.5,1,1,0,1,0,25,183,183,45,0,1,1,48,167,83,35,0,13,0,0,0
2051.5,1,1,0,1,0,30,201,201,32,0,1,1,42,196,97,30,0,8,0,0,0
2051.5,1,1,0,1,0,35,191,191,39,0,1,1,42,187,96,19,0,9,0,0,0
2051.5,1,1,0,1,0,40,145,145,12,0,0,0,20,143,83,11,0,8,0,0,0
2051.5,1,1,0,1,0,45,186,186,14,0,5,4,20,177,113,16,0,4,0,0,0
2051.5,1,1,0,1,0,50,202,202,12,0,4,4,18,198,136,7,0,11,0,0,0
2051.5,1,1,0,1,0,55,206,206,9,0,4,2,17,198,144,29,0,5,0,0,0
2051.5,1,1,0,1,0,60,544,544,15,0,15,7,53,487,378,48,0,12,0,0,0
2051.5,1,1,0,1,0,100,0,0,0,0,1,0,0,0,0,1,0,0,0,0,0
2051.5,1,1,0,1,1,0,9,9,0,9,0,0,9,9,9,0,0,0,0,0,0
2051.5,1,1,0,1,1,5,6,6,0,6,0,0,6,6,6,0,0,0,0,0,0
2051.5,1,1,0,1,1,10,4,4,0,4,0,0,4,4,4,0,0,0,0,0,0
2051.5,1,1,0,1,1,15,79,79,0,79,0,0,79,68,56,0,0,2,0,0,0
2051.5,1,1,0,1,1,20,326,326,0,326,0,0,326,286,229,0,0,3,0,0,0
2051.5,1,1,0,1,1,25,688,688,0,688,4,3,688,622,483,0,0,9,0,0,0
2051.5,1,1,0,1,1,30,1074,1074,0,1074,1,0,1074,995,730,0,0,8,0,0,0
2051.5,1,1,0,1,1,35,1468,1468,0,1468,2,2,1468,1406,1044,0,0,12,0,0,0
2051.5,1,1,0,1,1,40,1654,1654,0,1654,1,1,1654,1592,1149,0,0,6,0,0,0
2051.5,1,1,0,1,1,45,1694,1694,0,1694,5,3,1694,1614,1199,0,0,12,0,0,0
2051.5,1,1,0,1,1,50,1804,1804,0,1804,13,8,1804,1737,1292,0,0,11,0,0,0
2051.5,1,1,0,1,1,55,1753,1753,0,1753,8,2,1753,1693,1311,0,0,4,0,0,0
2051.5,1,1,0,1,1,60,4935,4935,0,4935,74,12,4935,4442,3580,0,0,10,0,0,0
2051.5,1,1,0,1,1,100,4,4,0,4,0,0,4,3,3,0,0,0,0,0,0
2052,1,0,0,0,0,0,5785,0,0,0,17,0,353,1827,0,0,174,0,0,0,0
2052,1,0,0,0,0,5,5905,0,0,0,3,0,0,2071,0,0,0,0,0,0,0
2052,1,0,0,0,0,10,5896,0,0,0,4,0,1,1975,0,0,1,0,0,0,8
2052,1,0,0,0,0,15,5777,0,0,0,1,0,444,2304,0,0,411,0,0,0,30
2052,1,0,0,0,0,20,5248,0,0,0,3,0,2056,3705,0,0,1618,0,0,0,28
2052,1,0,0,0,0,25,4683,0,0,0,4,0,2526,4198,0,0,1902,0,0,0,11
2052,1,0,0,0,0,30,4364,0,0,0,4,0,2658,4173,0,0,2087,0,0,0,2
2052,1,0,0,0,0,35,3915,0,0,0,7,0,2377,3856,0,0,1842,0,0,0,0
2052,1,0,0,0,0,40,3379,0,0,0,8,0,2095,3360,0,0,1610,0,0,0,0
2052,1,0,0,0,0,45,2643,0,0,0,6,0,1664,2638,0,0,1261,0,0,0,0
2052,1,0,0,0,0,50,2231,0,0,0,18,0,1402,2229,0,0,1037,0,0,0,0
2052,1,0,0,0,0,55,1710,0,0,0,11,0,1078,1709,0,0,822,0,0,0,0
2052,1,0,0,0,0,60,2816,0,0,0,74,0,1687,2676,0,0,1295,0,0,0,0
2052,1,0,0,0,0,100,2,0,0,0,0,0,0,0,0,0,0,0,0,0,0
2052,1,0,0,0,1,0,0,0,0,0,0,0,0,0,0,0,0,0,0,0,0
2052,1,0,0,0,1,5,0,0,0,0,0,0,0,0,0,0,0,0,0,0,0
2052,1,0,0,0,1,10,0,0,0,0,0,0,0,0,0,0,0,0,0,0,0
2052,1,0,0,0,1,15,0,0,0,0,0,0,0,0,0,0,0,0,0,0,0
2052,1,0,0,0,1,20,0,0,0,0,0,0,0,0,0,0,0,0,0,0,0
2052,1,0,0,0,1,25,0,0,0,0,0,0,0,0,0,0,0,0,0,0,0
2052,1,0,0,0,1,30,0,0,0,0,0,0,0,0,0,0,0,0,0,0,0
2052,1,0,0,0,1,35,0,0,0,0,0,0,0,0,0,0,0,0,0,0,0
2052,1,0,0,0,1,40,0,0,0,0,0,0,0,0,0,0,0,0,0,0,0
2052,1,0,0,0,1,45,0,0,0,0,0,0,0,0,0,0,0,0,0,0,0
2052,1,0,0,0,1,50,0,0,0,0,0,0,0,0,0,0,0,0,0,0,0
2052,1,0,0,0,1,55,0,0,0,0,0,0,0,0,0,0,0,0,0,0,0
2052,1,0,0,0,1,60,0,0,0,0,0,0,0,0,0,0,0,0,0,0,0
2052,1,0,0,0,1,100,0,0,0,0,0,0,0,0,0,0,0,0,0,0,0
2052,1,0,0,1,0,0,15,15,5,0,1,1,2,3,3,2,0,0,0,0,0
2052,1,0,0,1,0,5,18,18,0,0,0,0,0,1,1,0,0,0,0,0,0
2052,1,0,0,1,0,10,7,7,0,0,0,0,0,2,2,0,0,0,0,0,0
2052,1,0,0,1,0,15,15,15,6,0,1,1,2,4,3,3,0,2,0,0,0
2052,1,0,0,1,0,20,77,77,18,0,0,0,15,46,16,9,0,9,0,0,0
2052,1,0,0,1,0,25,118,118,17,0,2,2,30,99,63,32,0,26,0,0,0
2052,1,0,0,1,0,30,177,177,27,0,4,4,40,161,108,26,0,27,0,0,0
2052,1,0,0,1,0,35,211,211,20,0,2,2,38,202,148,32,0,14,0,0,0
2052,1,0,0,1,0,40,208,208,24,0,4,4,43,206,155,32,0,29,0,0,0
2052,1,0,0,1,0,45,135,135,23,0,1,1,24,135,90,10,0,9,0,0,0
2052,1,0,0,1,0,50,125,125,19,0,2,1,23,124,88,9,0,7,0,0,0
2052,1,0,0,1,0,55,102,102,12,0,4,4,15,101,74,10,0,0,0,0,0
2052,1,0,0,1,0,60,241,241,21,0,12,5,36,214,148,26,0,8,0,0,0
2052,1,0,0,1,0,100,1,1,0,0,0,0,0,0,0,0,0,0,0,0,0
2052,1,0,0,1,1,0,4,4,0,4,0,0,4,4,4,0,0,0,0,0,0
2052,1,0,0,1,1,5,5,5,0,5,0,0,5,5,5,0,0,0,0,0,0
2052,1,0,0,1,1,10,11,11,0,11,0,0,11,11,11,0,0,0,0,0,0
2052,1,0,0,1,1,15,6,6,0,6,0,0,6,6,6,0,0,0,0,0,0
2052,1,0,0,1,1,20,58,58,0,58,0,0,58,57,55,0,0,1,0,0,0
2052,1,0,0,1,1,25,177,177,0,177,0,0,177,176,173,0,0,8,0,0,1
2052,1,0,0,1,1,30,338,338,0,338,0,0,338,338,335,0,0,15,0,0,1
2052,1,0,0,1,1,35,559,559,0,559,1,1,559,556,541,0,0,4,0,0,0
2052,1,0,0,1,1,40,672,672,0,672,5,3,672,666,644,0,0,14,0,0,0
2052,1,0,0,1,1,45,827,827,0,827,8,4,827,826,759,0,0,18,0,0,0
2052,1,0,0,1,1,50,936,936,0,936,3,2,936,930,781,0,0,10,0,0,0
2052,1,0,0,1,1,55,994,994,0,994,7,2,994,985,854,0,0,5,0,0,0
2052,1,0,0,1,1,60,2667,2667,0,2667,58,4,2667,2415,1959,0,0,21,0,0,0
2052,1,0,0,1,1,100,1,1,0,1,0,0,1,0,0,0,0,0,0,0,0
2052,1,0,1,0,0,0,0,0,0,0,0,0,0,0,0,0,0,0,0,0,0
2052,1,0,1,0,0,5,0,0,0,0,0,0,0,0,0,0,0,0,0,0,0
2052,1,0,1,0,0,10,30,0,0,0,0,0,0,9,0,0,0,0,0,0,0
2052,1,0,1,0,0,15,139,0,0,0,0,0,9,56,0,0,8,0,0,0,0
2052,1,0,1,0,0,20,378,0,0,0,0,0,144,281,0,0,102,0,0,0,0
2052,1,0,1,0,0,25,621,0,0,0,1,0,331,550,0,0,260,0,0,0,0
2052,1,0,1,0,0,30,644,0,0,0,0,0,384,612,0,0,296,0,0,0,0
2052,1,0,1,0,0,35,588,0,0,0,1,0,380,575,0,0,293,0,0,0,0
2052,1,0,1,0,0,40,519,0,0,0,2,0,342,515,0,0,272,0,0,0,0
2052,1,0,1,0,0,45,426,0,0,0,3,0,263,424,0,0,210,0,0,0,0
2052,1,0,1,0,0,50,349,0,0,0,1,0,212,348,0,0,147,0,0,0,0
2052,1,0,1,0,0,55,309,0,0,0,3,0,189,309,0,0,148,0,0,0,0
2052,1,0,1,0,0,60,520,0,0,0,13,0,322,495,0,0,246,0,0,0,0
2052,1,0,1,0,0,100,0,0,0,0,0,0,0,0,0,0,0,0,0,0,0
2052,1,0,1,0,1,0,0,0,0,0,0,0,0,0,0,0,0,0,0,0,0
2052,1,0,1,0,1,5,0,0,0,0,0,0,0,0,0,0,0,0,0,0,0
2052,1,0,1,0,1,10,0,0,0,0,0,0,0,0,0,0,0,0,0,0,0
2052,1,0,1,0,1,15,0,0,0,0,0,0,0,0,0,0,0,0,0,0,0
2052,1,0,1,0,1,20,0,0,0,0,0,0,0,0,0,0,0,0,0,0,0
2052,1,0,1,0,1,25,0,0,0,0,0,0,0,0,0,0,0,0,0,0,0
2052,1,0,1,0,1,30,0,0,0,0,0,0,0,0,0,0,0,0,0,0,0
2052,1,0,1,0,1,35,0,0,0,0,0,0,0,0,0,0,0,0,0,0,0
2052,1,0,1,0,1,40,0,0,0,0,0,0,0,0,0,0,0,0,0,0,0
2052,1,0,1,0,1,45,0,0,0,0,0,0,0,0,0,0,0,0,0,0,0
2052,1,0,1,0,1,50,0,0,0,0,0,0,0,0,0,0,0,0,0,0,0
2052,1,0,1,0,1,55,0,0,0,0,0,0,0,0,0,0,0,0,0,0,0
2052,1,0,1,0,1,60,0,0,0,0,0,0,0,0,0,0,0,0,0,0,0
2052,1,0,1,0,1,100,0,0,0,0,0,0,0,0,0,0,0,0,0,0,0
2052,1,0,1,1,0,0,0,0,0,0,0,0,0,0,0,0,0,0,0,0,0
2052,1,0,1,1,0,5,0,0,0,0,0,0,0,0,0,0,0,0,0,0,0
2052,1,0,1,1,0,10,1,1,0,0,0,0,0,0,0,0,0,0,0,0,0
2052,1,0,1,1,0,15,2,2,0,0,0,0,0,1,1,0,0,2,0,0,0
2052,1,0,1,1,0,20,3,3,1,0,0,0,0,0,0,0,0,1,0,0,0
2052,1,0,1,1,0,25,8,8,1,0,0,0,2,7,4,3,0,0,0,0,0
2052,1,0,1,1,0,30,17,17,1,0,0,0,3,13,10,2,0,3,0,0,0
2052,1,0,1,1,0,35,23,23,0,0,0,0,5,23,19,6,0,2,0,0,0
2052,1,0,1,1,0,40,24,24,4,0,0,0,7,23,17,1,0,2,0,0,0
2052,1,0,1,1,0,45,9,9,2,0,0,0,2,9,6,1,0,0,0,0,0
2052,1,0,1,1,0,50,15,15,1,0,0,0,4,15,12,4,0,0,0,0,0
2052,1,0,1,1,0,55,8,8,1,0,0,0,1,8,5,0,0,0,0,0,0
2052,1,0,1,1,0,60,26,26,2,0,2,1,4,23,16,3,0,1,0,0,0
2052,1,0,1,1,0,100,0,0,0,0,0,0,0,0,0,0,0,0,0,0,0
2052,1,0,1,1,1,0,0,0,0,0,0,0,0,0,0,0,0,0,0,0,0
2052,1,0,1,1,1,5,0,0,0,0,0,0,0,0,0,0,0,0,0,0,0
2052,1,0,1,1,1,10,0,0,0,0,0,0,0,0,0,0,0,0,0,0,0
2052,1,0,1,1,1,15,0,0,0,0,0,0,0,0,0,0,0,0,0,0,0
2052,1,0,1,1,1,20,3,3,0,3,0,0,3,3,3,0,0,0,0,0,0
2052,1,0,1,1,1,25,15,15,0,15,0,0,15,15,14,0,0,1,0,0,0
2052,1,0,1,1,1,30,32,32,0,32,0,0,32,32,32,0,0,1,0,0,0
2052,1,0,1,1,1,35,47,47,0,47,0,0,47,46,46,0,0,2,0,0,0
2052,1,0,1,1,1,40,66,66,0,66,1,1,66,65,64,0,0,1,0,0,0
2052,1,0,1,1,1,45,77,77,0,77,0,0,77,77,70,0,0,1,0,0,0
2052,1,0,1,1,1,50,82,82,0,82,0,0,82,82,70,0,0,0,0,0,0
2052,1,0,1,1,1,55,101,101,0,101,3,0,101,101,83,0,0,0,0,0,0
2052,1,0,1,1,1,60,254,254,0,254,5,0,254,234,184,0,0,1,0,0,0
2052,1,0,1,1,1,100,0,0,0,0,0,0,0,0,0,0,0,0,0,0,0
2052,1,1,0,0,0,0,5886,0,0,0,12,0,388,1933,0,0,187,0,0,0,0
2052,1,1,0,0,0,5,5885,0,0,0,0,0,0,1991,0,0,0,0,0,0,0
2052,1,1,0,0,0,10,6024,0,0,0,2,0,119,2159,0,0,125,0,0,0,0
2052,1,1,0,0,0,15,5816,0,0,0,3,0,1328,3340,0,0,1090,0,0,0,0
2052,1,1,0,0,0,20,5406,0,0,0,2,0,2417,4529,0,0,1921,0,0,0,0
2052,1,1,0,0,0,25,4883,0,0,0,1,0,2826,4676,0,0,2256,0,0,0,0
2052,1,1,0,0,0,30,4320,0,0,0,1,0,2730,4289,0,0,2162,0,0,0,0
2052,1,1,0,0,0,35,3858,0,0,0,5,0,2428,3849,0,0,1914,0,0,0,0
2052,1,1,0,0,0,40,3201,0,0,0,3,0,2006,3196,0,0,1526,0,0,0,0
2052,1,1,0,0,0,45,2613,0,0,0,6,0,1664,2613,0,0,1250,0,0,0,0
2052,1,1,0,0,0,50,2256,0,0,0,4,0,1417,2255,0,0,1110,0,0,0,0
2052,1,1,0,0,0,55,1782,0,0,0,5,0,1145,1782,0,0,835,0,0,0,0
2052,1,1,0,0,0,60,3587,0,0,0,50,0,1939,3289,0,0,1429,0,0,0,0
2052,1,1,0,0,0,100,12,0,0,0,0,0,0,0,0,0,0,0,0,0,0
2052,1,1,0,0,1,0,0,0,0,0,0,0,0,0,0,0,0,0,0,0,0
2052,1,1,0,0,1,5,0,0,0,0,0,0,0,0,0,0,0,0,0,0,0
2052,1,1,0,0,1,10,0,0,0,0,0,0,0,0,0,0,0,0,0,0,0
2052,1,1,0,0,1,15,0,0,0,0,0,0,0,0,0,0,0,0,0,0,0
2052,1,1,0,0,1,20,0,0,0,0,0,0,0,0,0,0,0,0,0,0,0
2052,1,1,0,0,1,25,0,0,0,0,0,0,0,0,0,0,0,0,0,0,0
2052,1,1,0,0,1,30,0,0,0,0,0,0,0,0,0,0,0,0,0,0,0
2052,1,1,0,0,1,35,0,0,0,0,0,0,0,0,0,0,0,0,0,0,0
2052,1,1,0,0,1,40,0,0,0,0,0,0,0,0,0,0,0,0,0,0,0
2052,1,1,0,0,1,45,0,0,0,0,0,0,0,0,0,0,0,0,0,0,0
2052,1,1,0,0,1,50,0,0,0,0,0,0,0,0,0,0,0,0,0,0,0
2052,1,1,0,0,1,55,0,0,0,0,0,0,0,0,0,0,0,0,0,0,0
2052,1,1,0,0,1,60,0,0,0,0,0,0,0,0,0,0,0,0,0,0,0
2052,1,1,0,0,1,100,0,0,0,0,0,0,0,0,0,0,0,0,0,0,0
2052,1,1,0,1,0,0,13,13,3,0,2,2,2,4,4,2,0,0,0,0,0
2052,1,1,0,1,0,5,7,7,0,0,1,1,0,2,2,0,0,0,0,0,0
2052,1,1,0,1,0,10,11,11,4,0,1,1,2,3,2,1,0,2,0,0,0
2052,1,1,0,1,0,15,92,92,20,0,1,1,9,45,12,5,0,20,0,0,0
2052,1,1,0,1,0,20,166,166,39,0,1,1,37,132,51,30,0,17,0,0,0
2052,1,1,0,1,0,25,183,183,38,0,0,0,51,172,93,34,0,15,0,0,0
2052,1,1,0,1,0,30,219,219,40,0,1,0,58,212,115,42,0,10,0,0,0
2052,1,1,0,1,0,35,168,168,29,0,2,2,36,165,88,24,0,8,0,0,0
2052,1,1,0,1,0,40,145,145,21,0,3,3,18,144,90,12,0,11,0,0,0
2052,1,1,0,1,0,45,205,205,21,0,0,0,31,195,127,20,0,10,0,0,0
2052,1,1,0,1,0,50,214,214,8,0,6,5,19,211,150,20,0,9,0,0,0
2052,1,1,0,1,0,55,199,199,6,0,4,4,15,191,140,13,0,2,0,0,0
2052,1,1,0,1,0,60,551,551,19,0,18,9,43,488,383,46,0,8,0,0,0
2052,1,1,0,1,0,100,0,0,0,0,0,0,0,0,0,0,0,0,0,0,0
2052,1,1,0,1,1,0,10,10,0,10,1,1,10,10,10,0,0,0,0,0,0
2052,1,1,0,1,1,5,5,5,0,5,0,0,5,5,5,0,0,0,0,0,0
2052,1,1,0,1,1,10,6,6,0,6,0,0,6,6,6,0,0,0,0,0,0
2052,1,1,0,1,1,15,68,68,0,68,0,0,68,55,48,0,0,3,0,0,0
2052,1,1,0,1,1,20,332,332,0,332,1,1,332,295,228,0,0,7,0,0,0
2052,1,1,0,1,1,25,687,687,0,687,2,2,687,616,476,0,0,8,0,0,0
2052,1,1,0,1,1,30,1061,1061,0,1061,0,0,1061,987,731,0,0,9,0,0,0
2052,1,1,0,1,1,35,1472,1472,0,1472,2,1,1472,1401,1026,0,0,7,0,0,0
2052,1,1,0,1,1,40,1653,1653,0,1653,4,1,1653,1598,1146,0,0,6,0,0,0
2052,1,1,0,1,1,45,1702,1702,0,1702,2,1,1702,1619,1196,0,0,20,0,0,0
2052,1,1,0,1,1,50,1784,1784,0,1784,7,4,1784,1715,1283,0,0,9,0,0,0
2052,1,1,0,1,1,55,1750,1750,0,1750,9,3,1750,1689,1291,0,0,6,0,0,0
2052,1,1,0,1,1,60,5022,5022,0,5022,98,13,5022,4553,3658,0,0,13,0,0,0
2052,1,1,0,1,1,100,4,4,0,4,0,0,4,3,3,0,0,0,0,0,0
2052.5,1,0,0,0,0,0,5788,0,0,0,24,0,349,1826,0,0,182,0,0,0,0
2052.5,1,0,0,0,0,5,5832,0,0,0,1,0,0,2031,0,0,0,0,0,0,0
2052.5,1,0,0,0,0,10,5951,0,0,0,2,0,1,1998,0,0,1,0,0,0,6
2052.5,1,0,0,0,0,15,5743,0,0,0,7,0,455,2286,0,0,432,0,0,0,21
2052.5,1,0,0,0,0,20,5257,0,0,0,3,0,2011,3703,0,0,1622,0,0,0,23
2052.5,1,0,0,0,0,25,4678,0,0,0,5,0,2490,4200,0,0,1938,0,0,0,14
2052.5,1,0,0,0,0,30,4379,0,0,0,5,0,2652,4189,0,0,1944,0,0,0,2
2052.5,1,0,0,0,0,35,3960,0,0,0,7,0,2442,3901,0,0,1824,0,0,0,0
2052.5,1,0,0,0,0,40,3367,0,0,0,10,0,2112,3345,0,0,1585,0,0,0,0
2052.5,1,0,0,0,0,45,2727,0,0,0,15,0,1660,2721,0,0,1276,0,0,0,0
2052.5,1,0,0,0,0,50,2211,0,0,0,18,0,1394,2209,0,0,1056,0,0,0,0
2052.5,1,0,0,0,0,55,1752,0,0,0,13,0,1082,1751,0,0,811,0,0,0,0
2052.5,1,0,0,0,0,60,2845,0,0,0,75,0,1727,2719,0,0,1311,0,0,0,0
2052.5,1,0,0,0,0,100,2,0,0,0,1,0,0,0,0,0,0,0,0,0,0
2052.5,1,0,0,0,1,0,0,0,0,0,0,0,0,0,0,0,0,0,0,0,0
2052.5,1,0,0,0,1,5,0,0,0,0,0,0,0,0,0,0,0,0,0,0,0
2052.5,1,0,0,0,1,10,0,0,0,0,0,0,0,0,0,0,0,0,0,0,0
2052.5,1,0,0,0,1,15,0,0,0,0,0,0,0,0,0,0,0,0,0,0,0
2052.5,1,0,0,0,1,20,0,0,0,0,0,0,0,0,0,0,0,0,0,0,0
2052.5,1,0,0,0,1,25,0,0,0,0,0,0,0,0,0,0,0,0,0,0,0
2052.5,1,0,0,0,1,30,0,0,0,0,0,0,0,0,0,0,0,0,0,0,0
2052.5,1,0,0,0,1,35,0,0,0,0,0,0,0,0,0,0,0,0,0,0,0
2052.5,1,0,0,0,1,40,0,0,0,0,0,0,0,0,0,0,0,0,0,0,0
2052.5,1,0,0,0,1,45,0,0,0,0,0,0,0,0,0,0,0,0,0,0,0
2052.5,1,0,0,0,1,50,0,0,0,0,0,0,0,0,0,0,0,0,0,0,0
2052.5,1,0,0,0,1,55,0,0,0,0,0,0,0,0,0,0,0,0,0,0,0
2052.5,1,0,0,0,1,60,0,0,0,0,0,0,0,0,0,0,0,0,0,0,0
2052.5,1,0,0,0,1,100,0,0,0,0,0,0,0,0,0,0,0,0,0,0,0
2052.5,1,0,0,1,0,0,15,15,3,0,1,1,0,1,1,0,0,0,0,0,0
2052.5,1,0,0,1,0,5,18,18,0,0,0,0,0,1,1,0,0,0,0,0,0
2052.5,1,0,0,1,0,10,8,8,0,0,0,0,1,3,3,1,0,0,0,0,0
2052.5,1,0,0,1,0,15,14,14,4,0,0,0,3,5,4,3,0,1,0,0,0
2052.5,1,0,0,1,0,20,75,75,16,0,0,0,18,41,17,11,0,20,0,0,1
2052.5,1,0,0,1,0,25,118,118,22,0,1,1,25,96,53,21,0,32,0,0,1
2052.5,1,0,0,1,0,30,174,174,24,0,3,3,39,159,108,30,0,33,0,0,0
2052.5,1,0,0,1,0,35,209,209,25,0,4,4,42,203,152,33,0,32,0,0,0
2052.5,1,0,0,1,0,40,217,217,24,0,1,1,46,214,157,31,0,22,0,0,0
2052.5,1,0,0,1,0,45,140,140,18,0,4,2,30,140,100,24,0,10,0,0,0
2052.5,1,0,0,1,0,50,136,136,22,0,5,2,32,136,91,22,0,7,0,0,0
2052.5,1,0,0,1,0,55,107,107,9,0,3,3,13,106,73,10,0,3,0,0,0
2052.5,1,0,0,1,0,60,243,243,23,0,12,5,29,224,162,23,0,13,0,0,0
2052.5,1,0,0,1,0,100,1,1,0,0,0,0,0,0,0,0,0,0,0,0,0
2052.5,1,0,0,1,1,0,5,5,0,5,0,0,5,5,5,0,0,0,0,0,0
2052.5,1,0,0,1,1,5,5,5,0,5,0,0,5,5,5,0,0,0,0,0,0
2052.5,1,0,0,1,1,10,9,9,0,9,0,0,9,9,9,0,0,0,0,0,0
2052.5,1,0,0,1,1,15,8,8,0,8,0,0,8,8,8,0,0,0,0,0,0
2052.5,1,0,0,1,1,20,53,53,0,53,0,0,53,52,51,0,0,3,0,0,1
2052.5,1,0,0,1,1,25,184,184,0,184,0,0,184,183,179,0,0,10,0,0,1
2052.5,1,0,0,1,1,30,334,334,0,334,0,0,334,334,331,0,0,9,0,0,0
2052.5,1,0,0,1,1,35,559,559,0,559,4,3,559,556,544,0,0,10,0,0,0
2052.5,1,0,0,1,1,40,671,671,0,671,4,3,671,665,639,0,0,10,0,0,0
2052.5,1,0,0,1,1,45,837,837,0,837,5,3,837,836,773,0,0,11,0,0,0
2052.5,1,0,0,1,1,50,926,926,0,926,9,1,926,920,781,0,0,5,0,0,0
2052.5,1,0,0,1,1,55,977,977,0,977,15,4,977,969,828,0,0,5,0,0,0
2052.5,1,0,0,1,1,60,2710,2710,0,2710,82,6,2710,2469,2007,0,0,15,0,0,0
2052.5,1,0,0,1,1,100,1,1,0,1,0,0,1,0,0,0,0,0,0,0,0
2052.5,1,0,1,0,0,0,0,0,0,0,0,0,0,0,0,0,0,0,0,0,0
2052.5,1,0,1,0,0,5,0,0,0,0,0,0,0,0,0,0,0,0,0,0,0
2052.5,1,0,1,0,0,10,28,0,0,0,0,0,0,10,0,0,0,0,0,0,0
2052.5,1,0,1,0,0,15,150,0,0,0,1,0,9,60,0,0,10,0,0,0,0
2052.5,1,0,1,0,0,20,378,0,0,0,0,0,143,282,0,0,117,0,0,0,0
2052.5,1,0,1,0,0,25,602,0,0,0,1,0,337,539,0,0,259,0,0,0,0
2052.5,1,0,1,0,0,30,668,0,0,0,1,0,393,637,0,0,267,0,0,0,0
2052.5,1,0,1,0,0,35,579,0,0,0,1,0,382,566,0,0,281,0,0,0,0
2052.5,1,0,1,0,0,40,523,0,0,0,1,0,312,520,0,0,231,0,0,0,0
2052.5,1,0,1,0,0,45,428,0,0,0,7,0,278,426,0,0,203,0,0,0,0
2052.5,1,0,1,0,0,50,352,0,0,0,3,0,219,351,0,0,171,0,0,0,0
2052.5,1,0,1,0,0,55,300,0,0,0,6,0,172,300,0,0,137,0,0,0,0
2052.5,1,0,1,0,0,60,536,0,0,0,7,0,336,514,0,0,248,0,0,0,0
2052.5,1,0,1,0,0,100,0,0,0,0,0,0,0,0,0,0,0,0,0,0,0
2052.5,1,0,1,0,1,0,0,0,0,0,0,0,0,0,0,0,0,0,0,0,0
2052.5,1,0,1,0,1,5,0,0,0,0,0,0,0,0,0,0,0,0,0,0,0
2052.5,1,0,1,0,1,10,0,0,0,0,0,0,0,0,0,0,0,0,0,0,0
2052.5,1,0,1,0,1,15,0,0,0,0,0,0,0,0,0,0,0,0,0,0,0
2052.5,1,0,1,0,1,20,0,0,0,0,0,0,0,0,0,0,0,0,0,0,0
2052.5,1,0,1,0,1,25,0,0,0,0,0,0,0,0,0,0,0,0,0,0,0
2052.5,1,0,1,0,1,30,0,0,0,0,0,0,0,0,0,0,0,0,0,0,0
2052.5,1,0,1,0,1,35,0,0,0,0,0,0,0,0,0,0,0,0,0,0,0
2052.5,1,0,1,0,1,40,0,0,0,0,0,0,0,0,0,0,0,0,0,0,0
2052.5,1,0,1,0,1,45,0,0,0,0,0,0,0,0,0,0,0,0,0,0,0
2052.5,1,0,1,0,1,50,0,0,0,0,0,0,0,0,0,0,0,0,0,0,0
2052.5,1,0,1,0,1,55,0,0,0,0,0,0,0,0,0,0,0,0,0,0,0
2052.5,1,0,1,0,1,60,0,0,0,0,0,0,0,0,0,0,0,0,0,0,0
2052.5,1,0,1,0,1,100,0,0,0,0,0,0,0,0,0,0,0,0,0,0,0
2052.5,1,0,1,1,0,0,0,0,0,0,0,0,0,0,0,0,0,0,0,0,0
2052.5,1,0,1,1,0,5,0,0,0,0,0,0,0,0,0,0,0,0,0,0,0
2052.5,1,0,1,1,0,10,1,1,0,0,0,0,0,0,0,0,0,0,0,0,0
2052.5,1,0,1,1,0,15,0,0,0,0,0,0,0,0,0,0,0,0,0,0,0
2052.5,1,0,1,1,0,20,7,7,1,0,0,0,0,1,1,0,0,2,0,0,0
2052.5,1,0,1,1,0,25,11,11,2,0,0,0,3,10,5,0,0,2,0,0,0
2052.5,1,0,1,1,0,30,11,11,0,0,0,0,3,8,7,3,0,1,0,0,0
2052.5,1,0,1,1,0,35,16,16,1,0,0,0,2,15,14,4,0,1,0,0,0
2052.5,1,0,1,1,0,40,22,22,2,0,1,1,4,21,16,5,0,3,0,0,0
2052.5,1,0,1,1,0,45,14,14,3,0,0,0,4,14,8,2,0,1,0,0,0
2052.5,1,0,1,1,0,50,10,10,0,0,0,0,1,10,9,0,0,1,0,0,0
2052.5,1,0,1,1,0,55,9,9,1,0,1,0,1,9,7,1,0,0,0,0,0
2052.5,1,0,1,1,0,60,20,20,4,0,4,0,5,17,10,1,0,0,0,0,0
2052.5,1,0,1,1,0,100,0,0,0,0,0,0,0,0,0,0,0,0,0,0,0
2052.5,1,0,1,1,1,0,0,0,0,0,0,0,0,0,0,0,0,0,0,0,0
2052.5,1,0,1,1,1,5,0,0,0,0,0,0,0,0,0,0,0,0,0,0,0
2052.5,1,0,1,1,1,10,0,0,0,0,0,0,0,0,0,0,0,0,0,0,0
2052.5,1,0,1,1,1,15,0,0,0,0,0,0,0,0,0,0,0,0,0,0,0
2052.5,1,0,1,1,1,20,2,2,0,2,0,0,2,2,2,0,0,0,0,0,0
2052.5,1,0,1,1,1,25,17,17,0,17,0,0,17,17,16,0,0,0,0,0,0
2052.5,1,0,1,1,1,30,34,34,0,34,0,0,34,34,34,0,0,3,0,0,0
2052.5,1,0,1,1,1,35,53,53,0,53,0,0,53,52,52,0,0,1,0,0,0
2052.5,1,0,1,1,1,40,64,64,0,64,1,1,64,63,62,0,0,1,0,0,0
2052.5,1,0,1,1,1,45,80,80,0,80,1,1,80,80,76,0,0,1,0,0,0
2052.5,1,0,1,1,1,50,79,79,0,79,0,0,79,79,67,0,0,0,0,0,0
2052.5,1,0,1,1,1,55,100,100,0,100,0,0,100,100,85,0,0,0,0,0,0
2052.5,1,0,1,1,1,60,266,266,0,266,7,0,266,248,192,0,0,3,0,0,0
2052.5,1,0,1,1,1,100,0,0,0,0,0,0,0,0,0,0,0,0,0,0,0
2052.5,1,1,0,0,0,0,5884,0,0,0,5,0,368,1900,0,0,183,0,0,0,0
2052.5,1,1,0,0,0,5,5883,0,0,0,2,0,0,2010,0,0,0,0,0,0,0
2052.5,1,1,0,0,0,10,6035,0,0,0,0,0,108,2140,0,0,128,0,0,0,0
2052.5,1,1,0,0,0,15,5811,0,0,0,2,0,1329,3353,0,0,1081,0,0,0,0
2052.5,1,1,0,0,0,20,5413,0,0,0,5,0,2457,4531,0,0,1948,0,0,0,0
2052.5,1,1,0,0,0,25,4897,0,0,0,2,0,2819,4684,0,0,2202,0,0,0,0
2052.5,1,1,0,0,0,30,4292,0,0,0,1,0,2690,4260,0,0,2043,0,0,0,0
2052.5,1,1,0,0,0,35,3876,0,0,0,4,0,2456,3867,0,0,1868,0,0,0,0
2052.5,1,1,0,0,0,40,3241,0,0,0,6,0,2047,3236,0,0,1596,0,0,0,0
2052.5,1,1,0,0,0,45,2662,0,0,0,4,0,1669,2661,0,0,1232,0,0,0,0
2052.5,1,1,0,0,0,50,2266,0,0,0,6,0,1448,2265,0,0,1081,0,0,0,0
2052.5,1,1,0,0,0,55,1812,0,0,0,7,0,1130,1812,0,0,841,0,0,0,0
2052.5,1,1,0,0,0,60,3678,0,0,0,52,0,2033,3389,0,0,1527,0,0,0,0
2052.5,1,1,0,0,0,100,12,0,0,0,0,0,0,0,0,0,0,0,0,0,0
2052.5,1,1,0,0,1,0,0,0,0,0,0,0,0,0,0,0,0,0,0,0,0
2052.5,1,1,0,0,1,5,0,0,0,0,0,0,0,0,0,0,0,0,0,0,0
2052.5,1,1,0,0,1,10,0,0,0,0,0,0,0,0,0,0,0,0,0,0,0
2052.5,1,1,0,0,1,15,0,0,0,0,0,0,0,0,0,0,0,0,0,0,0
2052.5,1,1,0,0,1,20,0,0,0,0,0,0,0,0,0,0,0,0,0,0,0
2052.5,1,1,0,0,1,25,0,0,0,0,0,0,0,0,0,0,0,0,0,0,0
2052.5,1,1,0,0,1,30,0,0,0,0,0,0,0,0,0,0,0,0,0,0,0
2052.5,1,1,0,0,1,35,0,0,0,0,0,0,0,0,0,0,0,0,0,0,0
2052.5,1,1,0,0,1,40,0,0,0,0,0,0,0,0,0,0,0,0,0,0,0
2052.5,1,1,0,0,1,45,0,0,0,0,0,0,0,0,0,0,0,0,0,0,0
2052.5,1,1,0,0,1,50,0,0,0,0,0,0,0,0,0,0,0,0,0,0,0
2052.5,1,1,0,0,1,55,0,0,0,0,0,0,0,0,0,0,0,0,0,0,0
2052.5,1,1,0,0,1,60,0,0,0,0,0,0,0,0,0,0,0,0,0,0,0
2052.5,1,1,0,0,1,100,0,0,0,0,0,0,0,0,0,0,0,0,0,0,0
2052.5,1,1,0,1,0,0,10,10,0,0,2,2,3,5,5,3,0,0,0,0,0
2052.5,1,1,0,1,0,5,7,7,0,0,0,0,0,2,2,0,0,0,0,0,0
2052.5,1,1,0,1,0,10,10,10,5,0,2,2,1,1,0,2,0,1,0,0,0
2052.5,1,1,0,1,0,15,95,95,33,0,2,2,12,48,14,8,0,30,0,0,0
2052.5,1,1,0,1,0,20,181,181,50,0,0,0,33,144,52,32,0,25,0,0,0
2052.5,1,1,0,1,0,25,182,182,39,0,2,2,47,174,80,31,0,9,0,0,0
2052.5,1,1,0,1,0,30,202,202,42,0,1,1,63,195,103,42,0,13,0,0,0
2052.5,1,1,0,1,0,35,203,203,41,0,1,1,41,198,102,19,0,3,0,0,0
2052.5,1,1,0,1,0,40,141,141,18,0,1,1,19,136,88,7,0,9,0,0,0
2052.5,1,1,0,1,0,45,182,182,10,0,1,0,11,174,121,18,0,7,0,0,0
2052.5,1,1,0,1,0,50,205,205,13,0,2,1,24,201,140,20,0,8,0,0,0
2052.5,1,1,0,1,0,55,188,188,6,0,8,6,9,179,127,14,0,4,0,0,0
2052.5,1,1,0,1,0,60,535,535,14,0,19,9,32,478,376,41,0,12,0,0,0
2052.5,1,1,0,1,0,100,0,0,0,0,0,0,0,0,0,0,0,0,0,0,0
2052.5,1,1,0,1,1,0,6,6,0,6,0,0,6,6,6,0,0,0,0,0,0
2052.5,1,1,0,1,1,5,9,9,0,9,0,0,9,9,9,0,0,0,0,0,0
2052.5,1,1,0,1,1,10,7,7,0,7,0,0,7,7,7,0,0,0,0,0,0
2052.5,1,1,0,1,1,15,68,68,0,68,0,0,68,52,42,0,0,1,0,0,0
2052.5,1,1,0,1,1,20,331,331,0,331,0,0,331,293,222,0,0,4,0,0,0
2052.5,1,1,0,1,1,25,699,699,0,699,1,1,699,630,495,0,0,10,0,0,0
2052.5,1,1,0,1,1,30,1068,1068,0,1068,1,0,1068,997,752,0,0,8,0,0,0
2052.5,1,1,0,1,1,35,1451,1451,0,1451,1,1,1451,1379,1000,0,0,11,0,0,0
2052.5,1,1,0,1,1,40,1655,1655,0,1655,6,2,1655,1603,1158,0,0,11,0,0,0
2052.5,1,1,0,1,1,45,1732,1732,0,1732,1,1,1732,1653,1199,0,0,13,0,0,0
2052.5,1,1,0,1,1,50,1758,1758,0,1758,10,8,1758,1683,1254,0,0,8,0,0,0
2052.5,1,1,0,1,1,55,1756,1756,0,1756,14,2,1756,1695,1303,0,0,5,0,0,0
2052.5,1,1,0,1,1,60,5163,5163,0,5163,86,18,5163,4693,3763,0,0,9,0,0,0
2052.5,1,1,0,1,1,100,4,4,0,4,0,0,4,3,3,0,0,0,0,0,0
2053,1,0,0,0,0,0,5709,0,0,0,22,0,353,1813,0,0,183,0,0,0,0
2053,1,0,0,0,0,5,5862,0,0,0,2,0,0,2032,0,0,0,0,0,0,0
2053,1,0,0,0,0,10,5974,0,0,0,2,0,1,2005,0,0,1,0,0,0,3
2053,1,0,0,0,0,15,5747,0,0,0,2,0,442,2283,0,0,373,0,0,0,19
2053,1,0,0,0,0,20,5254,0,0,0,7,0,2028,3712,0,0,1593,0,0,0,27
2053,1,0,0,0,0,25,4666,0,0,0,4,0,2574,4173,0,0,2000,0,0,0,16
2053,1,0,0,0,0,30,4397,0,0,0,6,0,2638,4210,0,0,2026,0,0,0,1
2053,1,0,0,0,0,35,3981,0,0,0,5,0,2452,3922,0,0,1863,0,0,0,0
2053,1,0,0,0,0,40,3430,0,0,0,9,0,2193,3409,0,0,1691,0,0,0,0
2053,1,0,0,0,0,45,2742,0,0,0,11,0,1691,2735,0,0,1315,0,0,0,0
2053,1,0,0,0,0,50,2209,0,0,0,13,0,1410,2207,0,0,1062,0,0,0,0
2053,1,0,0,0,0,55,1777,0,0,0,12,0,1115,1776,0,0,843,0,0,0,0
2053,1,0,0,0,0,60,2921,0,0,0,59,0,1780,2800,0,0,1368,0,0,0,0
2053,1,0,0,0,0,100,1,0,0,0,1,0,0,0,0,0,0,0,0,0,0
2053,1,0,0,0,1,0,0,0,0,0,0,0,0,0,0,0,0,0,0,0,0
2053,1,0,0,0,1,5,0,0,0,0,0,0,0,0,0,0,0,0,0,0,0
2053,1,0,0,0,1,10,0,0,0,0,0,0,0,0,0,0,0,0,0,0,0
2053,1,0,0,0,1,15,0,0,0,0,0,0,0,0,0,0,0,0,0,0,0
2053,1,0,0,0,1,20,0,0,0,0,0,0,0,0,0,0,0,0,0,0,0
2053,1,0,0,0,1,25,0,0,0,0,0,0,0,0,0,0,0,0,0,0,0
2053,1,0,0,0,1,30,0,0,0,0,0,0,0,0,0,0,0,0,0,0,0
2053,1,0,0,0,1,35,0,0,0,0,0,0,0,0,0,0,0,0,0,0,0
2053,1,0,0,0,1,40,0,0,0,0,0,0,0,0,0,0,0,0,0,0,0
2053,1,0,0,0,1,45,0,0,0,0,0,0,0,0,0,0,0,0,0,0,0
2053,1,0,0,0,1,50,0,0,0,0,0,0,0,0,0,0,0,0,0,0,0
2053,1,0,0,0,1,55,0,0,0,0,0,0,0,0,0,0,0,0,0,0,0
2053,1,0,0,0,1,60,0,0,0,0,0,0,0,0,0,0,0,0,0,0,0
2053,1,0,0,0,1,100,0,0,0,0,0,0,0,0,0,0,0,0,0,0,0
2053,1,0,0,1,0,0,17,17,7,0,1,1,1,2,2,1,0,0,0,0,0
2053,1,0,0,1,0,5,17,17,0,0,0,0,0,1,1,0,0,0,0,0,0
2053,1,0,0,1,0,10,10,10,0,0,0,0,0,2,2,0,0,0,0,0,0
2053,1,0,0,1,0,15,15,15,4,0,0,0,1,6,2,0,0,0,0,0,0
2053,1,0,0,1,0,20,69,69,5,0,2,2,6,36,15,5,0,5,0,0,0
2053,1,0,0,1,0,25,126,126,25,0,0,0,33,99,54,22,0,29,0,0,1
2053,1,0,0,1,0,30,178,178,22,0,0,0,36,161,107,28,0,34,0,0,0
2053,1,0,0,1,0,35,202,202,15,0,3,3,42,197,157,32,0,18,0,0,0
2053,1,0,0,1,0,40,200,200,24,0,2,1,42,197,148,38,0,17,0,0,0
2053,1,0,0,1,0,45,147,147,21,0,3,2,24,147,110,21,0,11,0,0,0
2053,1,0,0,1,0,50,111,111,13,0,2,2,22,111,74,16,0,5,0,0,0
2053,1,0,0,1,0,55,117,117,7,0,5,3,15,117,88,12,0,2,0,0,0
2053,1,0,0,1,0,60,258,258,21,0,10,4,35,234,161,27,0,9,0,0,0
2053,1,0,0,1,0,100,1,1,0,0,0,0,0,0,0,0,0,0,0,0,0
2053,1,0,0,1,1,0,5,5,0,5,0,0,5,5,5,0,0,0,0,0,0
2053,1,0,0,1,1,5,4,4,0,4,0,0,4,4,4,0,0,0,0,0,0
2053,1,0,0,1,1,10,10,10,0,10,0,0,10,10,10,0,0,0,0,0,0
2053,1,0,0,1,1,15,6,6,0,6,1,1,6,6,6,0,0,0,0,0,0
2053,1,0,0,1,1,20,48,48,0,48,2,1,48,48,47,0,0,3,0,0,0
2053,1,0,0,1,1,25,175,175,0,175,0,0,175,175,172,0,0,8,0,0,0
2053,1,0,0,1,1,30,348,348,0,348,1,1,348,347,344,0,0,14,0,0,0
2053,1,0,0,1,1,35,541,541,0,541,1,0,541,538,526,0,0,9,0,0,0
2053,1,0,0,1,1,40,686,686,0,686,2,2,686,679,653,0,0,23,0,0,0
2053,1,0,0,1,1,45,856,856,0,856,5,2,856,855,793,0,0,15,0,0,0
2053,1,0,0,1,1,50,919,919,0,919,8,1,919,915,781,0,0,9,0,0,0
2053,1,0,0,1,1,55,979,979,0,979,7,2,979,969,818,0,0,2,0,0,0
2053,1,0,0,1,1,60,2719,2719,0,2719,88,13,2719,2504,2043,0,0,22,0,0,0
2053,1,0,0,1,1,100,1,1,0,1,0,0,1,0,0,0,0,0,0,0,0
2053,1,0,1,0,0,0,0,0,0,0,0,0,0,0,0,0,0,0,0,0,0
2053,1,0,1,0,0,5,0,0,0,0,0,0,0,0,0,0,0,0,0,0,0
2053,1,0,1,0,0,10,26,0,0,0,0,0,0,9,0,0,0,0,0,0,0
2053,1,0,1,0,0,15,148,0,0,0,0,0,15,59,0,0,12,0,0,0,0
2053,1,0,1,0,0,20,369,0,0,0,0,0,151,271,0,0,123,0,0,0,0
2053,1,0,1,0,0,25,595,0,0,0,0,0,318,532,0,0,251,0,0,0,0
2053,1,0,1,0,0,30,682,0,0,0,3,0,409,654,0,0,323,0,0,0,0
2053,1,0,1,0,0,35,587,0,0,0,0,0,382,573,0,0,279,0,0,0,0
2053,1,0,1,0,0,40,510,0,0,0,1,0,295,505,0,0,241,0,0,0,0
2053,1,0,1,0,0,45,454,0,0,0,0,0,297,453,0,0,218,0,0,0,0
2053,1,0,1,0,0,50,352,0,0,0,4,0,223,350,0,0,172,0,0,0,0
2053,1,0,1,0,0,55,306,0,0,0,4,0,189,306,0,0,151,0,0,0,0
2053,1,0,1,0,0,60,551,0,0,0,8,0,336,530,0,0,265,0,0,0,0
2053,1,0,1,0,0,100,0,0,0,0,0,0,0,0,0,0,0,0,0,0,0
2053,1,0,1,0,1,0,0,0,0,0,0,0,0,0,0,0,0,0,0,0,0
2053,1,0,1,0,1,5,0,0,0,0,0,0,0,0,0,0,0,0,0,0,0
2053,1,0,1,0,1,10,0,0,0,0,0,0,0,0,0,0,0,0,0,0,0
2053,1,0,1,0,1,15,0,0,0,0,0,0,0,0,0,0,0,0,0,0,0
2053,1,0,1,0,1,20,0,0,0,0,0,0,0,0,0,0,0,0,0,0,0
2053,1,0,1,0,1,25,0,0,0,0,0,0,0,0,0,0,0,0,0,0,0
2053,1,0,1,0,1,30,0,0,0,0,0,0,0,0,0,0,0,0,0,0,0
2053,1,0,1,0,1,35,0,0,0,0,0,0,0,0,0,0,0,0,0,0,0
2053,1,0,1,0,1,40,0,0,0,0,0,0,0,0,0,0,0,0,0,0,0
2053,1,0,1,0,1,45,0,0,0,0,0,0,0,0,0,0,0,0,0,0,0
2053,1,0,1,0,1,50,0,0,0,0,0,0,0,0,0,0,0,0,0,0,0
2053,1,0,1,0,1,55,0,0,0,0,0,0,0,0,0,0,0,0,0,0,0
2053,1,0,1,0,1,60,0,0,0,0,0,0,0,0,0,0,0,0,0,0,0
2053,1,0,1,0,1,100,0,0,0,0,0,0,0,0,0,0,0,0,0,0,0
2053,1,0,1,1,0,0,0,0,0,0,0,0,0,0,0,0,0,0,0,0,0
2053,1,0,1,1,0,5,0,0,0,0,0,0,0,0,0,0,0,0,0,0,0
2053,1,0,1,1,0,10,0,0,0,0,0,0,0,0,0,0,0,0,0,0,0
2053,1,0,1,1,0,15,1,1,0,0,0,0,0,0,0,0,0,0,0,0,0
2053,1,0,1,1,0,20,7,7,1,0,0,0,2,3,2,1,0,0,0,0,0
2053,1,0,1,1,0,25,15,15,2,0,0,0,3,13,7,2,0,2,0,0,0
2053,1,0,1,1,0,30,12,12,1,0,0,0,2,9,9,4,0,4,0,0,0
2053,1,0,1,1,0,35,16,16,1,0,0,0,1,15,14,1,0,2,0,0,0
2053,1,0,1,1,0,40,18,18,1,0,0,0,2,17,13,3,0,0,0,0,0
2053,1,0,1,1,0,45,14,14,0,0,0,0,2,14,9,1,0,1,0,0,0
2053,1,0,1,1,0,50,8,8,0,0,0,0,1,8,7,1,0,0,0,0,0
2053,1,0,1,1,0,55,9,9,1,0,0,0,2,9,7,2,0,0,0,0,0
2053,1,0,1,1,0,60,16,16,1,0,1,1,3,15,11,2,0,0,0,0,0
2053,1,0,1,1,0,100,0,0,0,0,0,0,0,0,0,0,0,0,0,0,0
2053,1,0,1,1,1,0,0,0,0,0,0,0,0,0,0,0,0,0,0,0,0
2053,1,0,1,1,1,5,0,0,0,0,0,0,0,0,0,0,0,0,0,0,0
2053,1,0,1,1,1,10,0,0,0,0,0,0,0,0,0,0,0,0,0,0,0
2053,1,0,1,1,1,15,0,0,0,0,0,0,0,0,0,0,0,0,0,0,0
2053,1,0,1,1,1,20,2,2,0,2,0,0,2,2,2,0,0,0,0,0,0
2053,1,0,1,1,1,25,12,12,0,12,0,0,12,12,11,0,0,0,0,0,0
2053,1,0,1,1,1,30,34,34,0,34,1,1,34,34,34,0,0,2,0,0,0
2053,1,0,1,1,1,35,52,52,0,52,1,1,52,52,52,0,0,1,0,0,0
2053,1,0,1,1,1,40,60,60,0,60,0,0,60,58,57,0,0,2,0,0,0
2053,1,0,1,1,1,45,85,85,0,85,0,0,85,85,80,0,0,2,0,0,0
2053,1,0,1,1,1,50,79,79,0,79,0,0,79,79,70,0,0,2,0,0,0
2053,1,0,1,1,1,55,98,98,0,98,0,0,98,98,82,0,0,1,0,0,0
2053,1,0,1,1,1,60,275,275,0,275,8,0,275,258,200,0,0,3,0,0,0
2053,1,0,1,1,1,100,0,0,0,0,0,0,0,0,0,0,0,0,0,0,0
2053,1,1,0,0,0,0,5873,0,0,0,13,0,389,1906,0,0,206,0,0,0,0
2053,1,1,0,0,0,5,5876,0,0,0,1,0,0,2007,0,0,0,0,0,0,0
2053,1,1,0,0,0,10,6057,0,0,0,0,0,132,2175,0,0,133,0,0,0,0
2053,1,1,0,0,0,15,5796,0,0,0,3,0,1319,3331,0,0,1063,0,0,0,0
2053,1,1,0,0,0,20,5453,0,0,0,0,0,2477,4559,0,0,1997,0,0,0,0
2053,1,1,0,0,0,25,4839,0,0,0,2,0,2796,4645,0,0,2264,0,0,0,0
2053,1,1,0,0,0,30,4372,0,0,0,2,0,2706,4333,0,0,2139,0,0,0,0
2053,1,1,0,0,0,35,3864,0,0,0,1,0,2461,3854,0,0,1933,0,0,0,0
2053,1,1,0,0,0,40,3266,0,0,0,3,0,2059,3262,0,0,1523,0,0,0,0
2053,1,1,0,0,0,45,2714,0,0,0,7,0,1692,2713,0,0,1277,0,0,0,0
2053,1,1,0,0,0,50,2264,0,0,0,3,0,1440,2263,0,0,1062,0,0,0,0
2053,1,1,0,0,0,55,1850,0,0,0,7,0,1145,1850,0,0,874,0,0,0,0
2053,1,1,0,0,0,60,3768,0,0,0,68,0,2120,3500,0,0,1569,0,0,0,0
2053,1,1,0,0,0,100,12,0,0,0,0,0,0,0,0,0,0,0,0,0,0
2053,1,1,0,0,1,0,0,0,0,0,0,0,0,0,0,0,0,0,0,0,0
2053,1,1,0,0,1,5,0,0,0,0,0,0,0,0,0,0,0,0,0,0,0
2053,1,1,0,0,1,10,0,0,0,0,0,0,0,0,0,0,0,0,0,0,0
2053,1,1,0,0,1,15,0,0,0,0,0,0,0,0,0,0,0,0,0,0,0
2053,1,1,0,0,1,20,0,0,0,0,0,0,0,0,0,0,0,0,0,0,0
2053,1,1,0,0,1,25,0,0,0,0,0,0,0,0,0,0,0,0,0,0,0
2053,1,1,0,0,1,30,0,0,0,0,0,0,0,0,0,0,0,0,0,0,0
2053,1,1,0,0,1,35,0,0,0,0,0,0,0,0,0,0,0,0,0,0,0
2053,1,1,0,0,1,40,0,0,0,0,0,0,0,0,0,0,0,0,0,0,0
2053,1,1,0,0,1,45,0,0,0,0,0,0,0,0,0,0,0,0,0,0,0
2053,1,1,0,0,1,50,0,0,0,0,0,0,0,0,0,0,0,0,0,0,0
2053,1,1,0,0,1,55,0,0,0,0,0,0,0,0,0,0,0,0,0,0,0
2053,1,1,0,0,1,60,0,0,0,0,0,0,0,0,0,0,0,0,0,0,0
2053,1,1,0,0,1,100,0,0,0,0,0,0,0,0,0,0,0,0,0,0,0
2053,1,1,0,1,0,0,11,11,4,0,0,0,4,6,6,3,0,0,0,0,0
2053,1,1,0,1,0,5,7,7,0,0,0,0,0,1,1,0,0,0,0,0,0
2053,1,1,0,1,0,10,9,9,3,0,1,1,1,3,2,1,0,0,0,0,0
2053,1,1,0,1,0,15,100,100,28,0,3,3,22,54,23,18,0,21,0,0,0
2053,1,1,0,1,0,20,181,181,45,0,1,1,47,139,53,32,0,16,0,0,0
2053,1,1,0,1,0,25,190,190,37,0,2,2,48,174,83,35,0,22,0,0,0
2053,1,1,0,1,0,30,206,206,34,0,1,0,55,198,108,37,0,3,0,0,0
2053,1,1,0,1,0,35,164,164,32,0,2,2,38,158,69,18,0,11,0,0,0
2053,1,1,0,1,0,40,143,143,25,0,0,0,26,137,84,15,0,6,0,0,0
2053,1,1,0,1,0,45,206,206,17,0,2,2,25,194,132,15,0,11,0,0,0
2053,1,1,0,1,0,50,205,205,10,0,1,0,18,198,134,15,0,3,0,0,0
2053,1,1,0,1,0,55,192,192,9,0,3,2,17,184,133,20,0,3,0,0,0
2053,1,1,0,1,0,60,559,559,17,0,21,13,32,508,397,41,0,4,0,0,0
2053,1,1,0,1,0,100,0,0,0,0,0,0,0,0,0,0,0,0,0,0,0
2053,1,1,0,1,1,0,7,7,0,7,0,0,7,7,7,0,0,0,0,0,0
2053,1,1,0,1,1,5,9,9,0,9,0,0,9,9,9,0,0,0,0,0,0
2053,1,1,0,1,1,10,7,7,0,7,0,0,7,7,7,0,0,0,0,0,0
2053,1,1,0,1,1,15,61,61,0,61,0,0,61,44,35,0,0,1,0,0,0
2053,1,1,0,1,1,20,327,327,0,327,0,0,327,287,209,0,0,2,0,0,0
2053,1,1,0,1,1,25,714,714,0,714,0,0,714,652,511,0,0,9,0,0,0
2053,1,1,0,1,1,30,1033,1033,0,1033,0,0,1033,963,731,0,0,3,0,0,0
2053,1,1,0,1,1,35,1482,1482,0,1482,3,2,1482,1411,1023,0,0,8,0,0,0
2053,1,1,0,1,1,40,1690,1690,0,1690,1,1,1690,1644,1174,0,0,9,0,0,0
2053,1,1,0,1,1,45,1702,1702,0,1702,5,3,1702,1624,1181,0,0,6,0,0,0
2053,1,1,0,1,1,50,1784,1784,0,1784,5,1,1784,1708,1280,0,0,9,0,0,0
2053,1,1,0,1,1,55,1717,1717,0,1717,12,5,1717,1664,1267,0,0,5,0,0,0
2053,1,1,0,1,1,60,5244,5244,0,5244,80,11,5244,4773,3831,0,0,13,0,0,0
2053,1,1,0,1,1,100,4,4,0,4,0,0,4,3,3,0,0,0,0,0,0
2053.5,1,0,0,0,0,0,5670,0,0,0,24,0,387,1846,0,0,205,0,0,0,0
2053.5,1,0,0,0,0,5,5842,0,0,0,2,0,0,2003,0,0,0,0,0,0,1
2053.5,1,0,0,0,0,10,5979,0,0,0,1,0,0,2001,0,0,0,0,0,0,4
2053.5,1,0,0,0,0,15,5747,0,0,0,3,0,459,2298,0,0,449,0,0,0,13
2053.5,1,0,0,0,0,20,5280,0,0,0,6,0,2001,3738,0,0,1540,0,0,0,23
2053.5,1,0,0,0,0,25,4681,0,0,0,2,0,2547,4172,0,0,1880,0,0,0,10
2053.5,1,0,0,0,0,30,4332,0,0,0,3,0,2612,4141,0,0,2026,0,0,0,5
2053.5,1,0,0,0,0,35,4048,0,0,0,6,0,2506,3985,0,0,1875,0,0,0,0
2053.5,1,0,0,0,0,40,3458,0,0,0,6,0,2164,3437,0,0,1582,0,0,0,0
2053.5,1,0,0,0,0,45,2798,0,0,0,9,0,1791,2791,0,0,1352,0,0,0,0
2053.5,1,0,0,0,0,50,2238,0,0,0,13,0,1420,2236,0,0,1064,0,0,0,0
2053.5,1,0,0,0,0,55,1785,0,0,0,16,0,1145,1784,0,0,850,0,0,0,0
2053.5,1,0,0,0,0,60,2979,0,0,0,62,0,1834,2864,0,0,1357,0,0,0,0
2053.5,1,0,0,0,0,100,1,0,0,0,0,0,0,0,0,0,0,0,0,0,0
2053.5,1,0,0,0,1,0,0,0,0,0,0,0,0,0,0,0,0,0,0,0,0
2053.5,1,0,0,0,1,5,0,0,0,0,0,0,0,0,0,0,0,0,0,0,0
2053.5,1,0,0,0,1,10,0,0,0,0,0,0,0,0,0,0,0,0,0,0,0
2053.5,1,0,0,0,1,15,0,0,0,0,0,0,0,0,0,0,0,0,0,0,0
2053.5,1,0,0,0,1,20,0,0,0,0,0,0,0,0,0,0,0,0,0,0,0
2053.5,1,0,0,0,1,25,0,0,0,0,0,0,0,0,0,0,0,0,0,0,0
2053.5,1,0,0,0,1,30,0,0,0,0,0,0,0,0,0,0,0,0,0,0,0
2053.5,1,0,0,0,1,35,0,0,0,0,0,0,0,0,0,0,0,0,0,0,0
2053.5,1,0,0,0,1,40,0,0,0,0,0,0,0,0,0,0,0,0,0,0,0
2053.5,1,0,0,0,1,45,0,0,0,0,0,0,0,0,0,0,0,0,0,0,0
2053.5,1,0,0,0,1,50,0,0,0,0,0,0,0,0,0,0,0,0,0,0,0
2053.5,1,0,0,0,1,55,0,0,0,0,0,0,0,0,0,0,0,0,0,0,0
2053.5,1,0,0,0,1,60,0,0,0,0,0,0,0,0,0,0,0,0,0,0,0
2053.5,1,0,0,0,1,100,0,0,0,0,0,0,0,0,0,0,0,0,0,0,0
2053.5,1,0,0,1,0,0,20,20,4,0,1,1,1,2,2,3,0,0,0,0,0
2053.5,1,0,0,1,0,5,13,13,0,0,0,0,0,1,1,1,0,0,0,0,0
2053.5,1,0,0,1,0,10,10,10,0,0,1,1,1,1,1,1,0,0,0,0,0
2053.5,1,0,0,1,0,15,16,16,2,0,0,0,2,8,5,2,0,2,0,0,0
2053.5,1,0,0,1,0,20,71,71,12,0,0,0,11,41,16,8,0,10,0,0,2
2053.5,1,0,0,1,0,25,133,133,23,0,2,2,27,107,51,10,0,31,0,0,0
2053.5,1,0,0,1,0,30,185,185,21,0,3,3,29,165,111,21,0,34,0,0,0
2053.5,1,0,0,1,0,35,213,213,27,0,5,5,46,207,159,31,0,28,0,0,0
2053.5,1,0,0,1,0,40,198,198,23,0,1,0,36,196,146,26,0,22,0,0,0
2053.5,1,0,0,1,0,45,146,146,28,0,3,2,33,145,103,21,0,7,0,0,0
2053.5,1,0,0,1,0,50,119,119,11,0,2,1,14,119,81,15,0,13,0,0,0
2053.5,1,0,0,1,0,55,110,110,17,0,1,1,19,110,75,9,0,5,0,0,0
2053.5,1,0,0,1,0,60,274,274,19,0,11,3,35,250,180,22,0,11,0,0,0
2053.5,1,0,0,1,0,100,1,1,0,0,0,0,0,0,0,0,0,0,0,0,0
2053.5,1,0,0,1,1,0,6,6,0,6,0,0,6,6,6,0,0,0,0,0,0
2053.5,1,0,0,1,1,5,6,6,0,6,0,0,6,6,6,0,0,0,0,0,0
2053.5,1,0,0,1,1,10,9,9,0,9,0,0,9,9,9,0,0,0,0,0,0
2053.5,1,0,0,1,1,15,5,5,0,5,0,0,5,5,5,0,0,0,0,0,0
2053.5,1,0,0,1,1,20,44,44,0,44,0,0,44,44,44,0,0,2,0,0,0
2053.5,1,0,0,1,1,25,165,165,0,165,0,0,165,165,162,0,0,4,0,0,3
2053.5,1,0,0,1,1,30,329,329,0,329,1,1,329,328,325,0,0,11,0,0,0
2053.5,1,0,0,1,1,35,534,534,0,534,3,2,534,531,522,0,0,13,0,0,0
2053.5,1,0,0,1,1,40,687,687,0,687,6,3,687,682,660,0,0,21,0,0,0
2053.5,1,0,0,1,1,45,877,877,0,877,7,2,877,875,807,0,0,10,0,0,0
2053.5,1,0,0,1,1,50,919,919,0,919,10,1,919,914,786,0,0,9,0,0,0
2053.5,1,0,0,1,1,55,993,993,0,993,6,2,993,984,821,0,0,3,0,0,0
2053.5,1,0,0,1,1,60,2725,2725,0,2725,74,6,2725,2523,2055,0,0,15,0,0,0
2053.5,1,0,0,1,1,100,0,0,0,0,1,0,0,0,0,0,0,0,0,0,0
2053.5,1,0,1,0,0,0,0,0,0,0,0,0,0,0,0,0,0,0,0,0,0
2053.5,1,0,1,0,0,5,1,0,0,0,0,0,0,1,0,0,0,0,0,0,0
2053.5,1,0,1,0,0,10,21,0,0,0,0,0,0,7,0,0,0,0,0,0,0
2053.5,1,0,1,0,0,15,146,0,0,0,0,0,20,63,0,0,20,0,0,0,0
2053.5,1,0,1,0,0,20,355,0,0,0,0,0,137,250,0,0,119,0,0,0,0
2053.5,1,0,1,0,0,25,601,0,0,0,1,0,329,539,0,0,247,0,0,0,0
2053.5,1,0,1,0,0,30,670,0,0,0,2,0,401,640,0,0,287,0,0,0,0
2053.5,1,0,1,0,0,35,611,0,0,0,0,0,388,596,0,0,291,0,0,0,0
2053.5,1,0,1,0,0,40,505,0,0,0,4,0,316,501,0,0,243,0,0,0,0
2053.5,1,0,1,0,0,45,471,0,0,0,0,0,308,469,0,0,240,0,0,0,0
2053.5,1,0,1,0,0,50,343,0,0,0,3,0,221,342,0,0,192,0,0,0,0
2053.5,1,0,1,0,0,55,312,0,0,0,5,0,202,312,0,0,140,0,0,0,0
2053.5,1,0,1,0,0,60,551,0,0,0,16,0,349,532,0,0,262,0,0,0,0
2053.5,1,0,1,0,0,100,0,0,0,0,0,0,0,0,0,0,0,0,0,0,0
2053.5,1,0,1,0,1,0,0,0,0,0,0,0,0,0,0,0,0,0,0,0,0
2053.5,1,0,1,0,1,5,0,0,0,0,0,0,0,0,0,0,0,0,0,0,0
2053.5,1,0,1,0,1,10,0,0,0,0,0,0,0,0,0,0,0,0,0,0,0
2053.5,1,0,1,0,1,15,0,0,0,0,0,0,0,0,0,0,0,0,0,0,0
2053.5,1,0,1,0,1,20,0,0,0,0,0,0,0,0,0,0,0,0,0,0,0
2053.5,1,0,1,0,1,25,0,0,0,0,0,0,0,0,0,0,0,0,0,0,0
2053.5,1,0,1,0,1,30,0,0,0,0,0,0,0,0,0,0,0,0,0,0,0
2053.5,1,0,1,0,1,35,0,0,0,0,0,0,0,0,0,0,0,0,0,0,0
2053.5,1,0,1,0,1,40,0,0,0,0,0,0,0,0,0,0,0,0,0,0,0
2053.5,1,0,1,0,1,45,0,0,0,0,0,0,0,0,0,0,0,0,0,0,0
2053.5,1,0,1,0,1,50,0,0,0,0,0,0,0,0,0,0,0,0,0,0,0
2053.5,1,0,1,0,1,55,0,0,0,0,0,0,0,0,0,0,0,0,0,0,0
2053.5,1,0,1,0,1,60,0,0,0,0,0,0,0,0,0,0,0,0,0,0,0
2053.5,1,0,1,0,1,100,0,0,0,0,0,0,0,0,0,0,0,0,0,0,0
2053.5,1,0,1,1,0,0,0,0,0,0,0,0,0,0,0,0,0,0,0,0,0
2053.5,1,0,1,1,0,5,0,0,0,0,0,0,0,0,0,0,0,0,0,0,0
2053.5,1,0,1,1,0,10,0,0,0,0,0,0,0,0,0,0,0,0,0,0,0
2053.5,1,0,1,1,0,15,2,2,1,0,0,0,0,1,0,0,0,2,0,0,0
2053.5,1,0,1,1,0,20,9,9,1,0,0,0,1,4,1,0,0,1,0,0,0
2053.5,1,0,1,1,0,25,11,11,1,0,0,0,1,10,3,0,0,1,0,0,0
2053.5,1,0,1,1,0,30,12,12,2,0,1,1,3,10,8,3,0,2,0,0,0
2053.5,1,0,1,1,0,35,15,15,1,0,0,0,2,13,11,4,0,2,0,0,0
2053.5,1,0,1,1,0,40,20,20,3,0,1,1,3,19,14,3,0,2,0,0,0
2053.5,1,0,1,1,0,45,12,12,1,0,1,1,2,12,8,0,0,0,0,0,0
2053.5,1,0,1,1,0,50,7,7,4,0,0,0,1,7,3,1,0,0,0,0,0
2053.5,1,0,1,1,0,55,7,7,0,0,1,1,1,7,7,0,0,0,0,0,0
2053.5,1,0,1,1,0,60,26,26,7,0,1,0,6,25,15,4,0,1,0,0,0
2053.5,1,0,1,1,0,100,0,0,0,0,0,0,0,0,0,0,0,0,0,0,0
2053.5,1,0,1,1,1,0,0,0,0,0,0,0,0,0,0,0,0,0,0,0,0
2053.5,1,0,1,1,1,5,0,0,0,0,0,0,0,0,0,0,0,0,0,0,0
2053.5,1,0,1,1,1,10,0,0,0,0,0,0,0,0,0,0,0,0,0,0,0
2053.5,1,0,1,1,1,15,0,0,0,0,0,0,0,0,0,0,0,0,0,0,0
2053.5,1,0,1,1,1,20,2,2,0,2,0,0,2,2,2,0,0,0,0,0,0
2053.5,1,0,1,1,1,25,15,15,0,15,0,0,15,15,14,0,0,2,0,0,0
2053.5,1,0,1,1,1,30,37,37,0,37,0,0,37,37,37,0,0,1,0,0,0
2053.5,1,0,1,1,1,35,52,52,0,52,0,0,52,52,52,0,0,2,0,0,0
2053.5,1,0,1,1,1,40,56,56,0,56,0,0,56,55,55,0,0,2,0,0,0
2053.5,1,0,1,1,1,45,88,88,0,88,0,0,88,88,81,0,0,1,0,0,0
2053.5,1,0,1,1,1,50,83,83,0,83,1,0,83,83,75,0,0,0,0,0,0
2053.5,1,0,1,1,1,55,98,98,0,98,0,0,98,98,83,0,0,1,0,0,0
2053.5,1,0,1,1,1,60,270,270,0,270,11,1,270,255,196,0,0,3,0,0,0
2053.5,1,0,1,1,1,100,0,0,0,0,0,0,0,0,0,0,0,0,0,0,0
2053.5,1,1,0,0,0,0,5871,0,0,0,14,0,410,1931,0,0,204,0,0,0,0
2053.5,1,1,0,0,0,5,5866,0,0,0,2,0,0,1992,0,0,0,0,0,0,0
2053.5,1,1,0,0,0,10,6049,0,0,0,1,0,130,2165,0,0,132,0,0,0,0
2053.5,1,1,0,0,0,15,5803,0,0,0,0,0,1291,3332,0,0,1065,0,0,0,0
2053.5,1,1,0,0,0,20,5454,0,0,0,0,0,2555,4557,0,0,2034,0,0,0,0
2053.5,1,1,0,0,0,25,4844,0,0,0,3,0,2848,4649,0,0,2328,0,0,0,0
2053.5,1,1,0,0,0,30,4400,0,0,0,4,0,2720,4354,0,0,2128,0,0,0,0
2053.5,1,1,0,0,0,35,3865,0,0,0,2,0,2459,3855,0,0,1930,0,0,0,0
2053.5,1,1,0,0,0,40,3302,0,0,0,3,0,2094,3298,0,0,1592,0,0,0,0
2053.5,1,1,0,0,0,45,2731,0,0,0,5,0,1722,2729,0,0,1268,0,0,0,0
2053.5,1,1,0,0,0,50,2307,0,0,0,5,0,1432,2307,0,0,1081,0,0,0,0
2053.5,1,1,0,0,0,55,1885,0,0,0,9,0,1199,1885,0,0,945,0,0,0,0
2053.5,1,1,0,0,0,60,3827,0,0,0,59,0,2146,3577,0,0,1561,0,0,0,0
2053.5,1,1,0,0,0,100,11,0,0,0,2,0,0,0,0,0,0,0,0,0,0
2053.5,1,1,0,0,1,0,0,0,0,0,0,0,0,0,0,0,0,0,0,0,0
2053.5,1,1,0,0,1,5,0,0,0,0,0,0,0,0,0,0,0,0,0,0,0
2053.5,1,1,0,0,1,10,0,0,0,0,0,0,0,0,0,0,0,0,0,0,0
2053.5,1,1,0,0,1,15,0,0,0,0,0,0,0,0,0,0,0,0,0,0,0
2053.5,1,1,0,0,1,20,0,0,0,0,0,0,0,0,0,0,0,0,0,0,0
2053.5,1,1,0,0,1,25,0,0,0,0,0,0,0,0,0,0,0,0,0,0,0
2053.5,1,1,0,0,1,30,0,0,0,0,0,0,0,0,0,0,0,0,0,0,0
2053.5,1,1,0,0,1,35,0,0,0,0,0,0,0,0,0,0,0,0,0,0,0
2053.5,1,1,0,0,1,40,0,0,0,0,0,0,0,0,0,0,0,0,0,0,0
2053.5,1,1,0,0,1,45,0,0,0,0,0,0,0,0,0,0,0,0,0,0,0
2053.5,1,1,0,0,1,50,0,0,0,0,0,0,0,0,0,0,0,0,0,0,0
2053.5,1,1,0,0,1,55,0,0,0,0,0,0,0,0,0,0,0,0,0,0,0
2053.5,1,1,0,0,1,60,0,0,0,0,0,0,0,0,0,0,0,0,0,0,0
2053.5,1,1,0,0,1,100,0,0,0,0,0,0,0,0,0,0,0,0,0,0,0
2053.5,1,1,0,1,0,0,11,11,4,0,1,1,1,4,4,1,0,0,0,0,0
2053.5,1,1,0,1,0,5,6,6,0,0,0,0,1,2,2,1,0,0,0,0,0
2053.5,1,1,0,1,0,10,14,14,5,0,1,1,3,8,5,2,0,0,0,0,0
2053.5,1,1,0,1,0,15,82,82,23,0,2,2,16,49,20,13,0,16,0,0,0
2053.5,1,1,0,1,0,20,180,180,47,0,1,1,43,131,57,35,0,24,0,0,0
2053.5,1,1,0,1,0,25,199,199,48,0,1,1,61,180,85,37,0,23,0,0,0
2053.5,1,1,0,1,0,30,198,198,37,0,4,4,45,190,97,39,0,10,0,0,0
2053.5,1,1,0,1,0,35,171,171,36,0,0,0,40,165,82,21,0,10,0,0,0
2053.5,1,1,0,1,0,40,145,145,20,0,1,1,25,141,86,13,0,5,0,0,0
2053.5,1,1,0,1,0,45,203,203,15,0,5,4,21,193,135,22,0,10,0,0,0
2053.5,1,1,0,1,0,50,198,198,9,0,7,6,15,192,140,16,0,7,0,0,0
2053.5,1,1,0,1,0,55,181,181,15,0,5,4,22,175,127,19,0,3,0,0,0
2053.5,1,1,0,1,0,60,592,592,19,0,17,9,40,537,406,35,0,9,0,0,0
2053.5,1,1,0,1,0,100,0,0,0,0,0,0,0,0,0,0,0,0,0,0,0
2053.5,1,1,0,1,1,0,8,8,0,8,0,0,8,8,8,0,0,0,0,0,0
2053.5,1,1,0,1,1,5,10,10,0,10,0,0,10,10,10,0,0,0,0,0,0
2053.5,1,1,0,1,1,10,5,5,0,5,0,0,5,5,5,0,0,0,0,0,0
2053.5,1,1,0,1,1,15,68,68,0,68,0,0,68,44,32,0,0,1,0,0,0
2053.5,1,1,0,1,1,20,340,340,0,340,0,0,340,290,219,0,0,4,0,0,0
2053.5,1,1,0,1,1,25,690,690,0,690,0,0,690,637,493,0,0,4,0,0,0
2053.5,1,1,0,1,1,30,1057,1057,0,1057,1,1,1057,983,751,0,0,10,0,0,0
2053.5,1,1,0,1,1,35,1493,1493,0,1493,2,1,1493,1419,1012,0,0,10,0,0,0
2053.5,1,1,0,1,1,40,1696,1696,0,1696,2,0,1696,1647,1165,0,0,7,0,0,0
2053.5,1,1,0,1,1,45,1681,1681,0,1681,4,2,1681,1610,1178,0,0,17,0,0,0
2053.5,1,1,0,1,1,50,1792,1792,0,1792,3,0,1792,1718,1271,0,0,13,0,0,0
2053.5,1,1,0,1,1,55,1756,1756,0,1756,7,3,1756,1698,1297,0,0,6,0,0,0
2053.5,1,1,0,1,1,60,5290,5290,0,5290,103,13,5290,4842,3884,0,0,15,0,0,0
2053.5,1,1,0,1,1,100,4,4,0,4,0,0,4,3,3,0,0,0,0,0,0
2054,1,0,0,0,0,0,5679,0,0,0,26,0,390,1825,0,0,198,0,0,0,0
2054,1,0,0,0,0,5,5788,0,0,0,2,0,0,1976,0,0,0,0,0,0,0
2054,1,0,0,0,0,10,5996,0,0,0,2,0,2,2035,0,0,2,0,0,0,4
2054,1,0,0,0,0,15,5701,0,0,0,4,0,436,2265,0,0,414,0,0,0,27
2054,1,0,0,0,0,20,5273,0,0,0,5,0,1990,3732,0,0,1514,0,0,0,28
2054,1,0,0,0,0,25,4733,0,0,0,5,0,2491,4191,0,0,1913,0,0,0,19
2054,1,0,0,0,0,30,4325,0,0,0,4,0,2607,4134,0,0,1985,0,0,0,2
2054,1,0,0,0,0,35,4073,0,0,0,6,0,2443,4009,0,0,1808,0,0,0,1
2054,1,0,0,0,0,40,3471,0,0,0,9,0,2128,3447,0,0,1663,0,0,0,0
2054,1,0,0,0,0,45,2866,0,0,0,14,0,1776,2859,0,0,1309,0,0,0,0
2054,1,0,0,0,0,50,2243,0,0,0,11,0,1419,2240,0,0,1034,0,0,0,0
2054,1,0,0,0,0,55,1781,0,0,0,16,0,1155,1780,0,0,862,0,0,0,0
2054,1,0,0,0,0,60,3052,0,0,0,82,0,1854,2957,0,0,1450,0,0,0,0
2054,1,0,0,0,0,100,1,0,0,0,0,0,0,0,0,0,0,0,0,0,0
2054,1,0,0,0,1,0,0,0,0,0,0,0,0,0,0,0,0,0,0,0,0
2054,1,0,0,0,1,5,0,0,0,0,0,0,0,0,0,0,0,0,0,0,0
2054,1,0,0,0,1,10,0,0,0,0,0,0,0,0,0,0,0,0,0,0,0
2054,1,0,0,0,1,15,0,0,0,0,0,0,0,0,0,0,0,0,0,0,0
2054,1,0,0,0,1,20,0,0,0,0,0,0,0,0,0,0,0,0,0,0,0
2054,1,0,0,0,1,25,0,0,0,0,0,0,0,0,0,0,0,0,0,0,0
2054,1,0,0,0,1,30,0,0,0,0,0,0,0,0,0,0,0,0,0,0,0
2054,1,0,0,0,1,35,0,0,0,0,0,0,0,0,0,0,0,0,0,0,0
2054,1,0,0,0,1,40,0,0,0,0,0,0,0,0,0,0,0,0,0,0,0
2054,1,0,0,0,1,45,0,0,0,0,0,0,0,0,0,0,0,0,0,0,0
2054,1,0,0,0,1,50,0,0,0,0,0,0,0,0,0,0,0,0,0,0,0
2054,1,0,0,0,1,55,0,0,0,0,0,0,0,0,0,0,0,0,0,0,0
2054,1,0,0,0,1,60,0,0,0,0,0,0,0,0,0,0,0,0,0,0,0
2054,1,0,0,0,1,100,0,0,0,0,0,0,0,0,0,0,0,0,0,0,0
2054,1,0,0,1,0,0,16,16,4,0,5,5,0,1,1,0,0,0,0,0,0
2054,1,0,0,1,0,5,12,12,0,0,0,0,0,0,0,0,0,0,0,0,0
2054,1,0,0,1,0,10,10,10,0,0,0,0,0,1,1,0,0,0,0,0,0
2054,1,0,0,1,0,15,18,18,3,0,0,0,1,8,4,0,0,1,0,0,0
2054,1,0,0,1,0,20,74,74,20,0,0,0,15,46,21,11,0,13,0,0,1
2054,1,0,0,1,0,25,141,141,23,0,1,1,38,118,60,27,0,41,0,0,0
2054,1,0,0,1,0,30,215,215,31,0,3,2,40,192,123,31,0,48,0,0,0
2054,1,0,0,1,0,35,204,204,15,0,2,2,39,199,156,27,0,14,0,0,0
2054,1,0,0,1,0,40,206,206,21,0,1,1,35,204,157,34,0,19,0,0,0
2054,1,0,0,1,0,45,145,145,19,0,0,0,30,144,99,18,0,8,0,0,0
2054,1,0,0,1,0,50,118,118,12,0,3,1,14,118,85,10,0,6,0,0,0
2054,1,0,0,1,0,55,98,98,12,0,0,0,20,98,66,16,0,4,0,0,0
2054,1,0,0,1,0,60,297,297,27,0,7,1,44,275,202,29,0,12,0,0,0
2054,1,0,0,1,0,100,1,1,0,0,0,0,0,0,0,0,0,0,0,0,0
2054,1,0,0,1,1,0,5,5,0,5,0,0,5,5,5,0,0,0,0,0,0
2054,1,0,0,1,1,5,6,6,0,6,0,0,6,6,6,0,0,0,0,0,0
2054,1,0,0,1,1,10,9,9,0,9,0,0,9,9,9,0,0,0,0,0,0
2054,1,0,0,1,1,15,8,8,0,8,0,0,8,8,8,0,0,0,0,0,0
2054,1,0,0,1,1,20,39,39,0,39,0,0,39,38,38,0,0,3,0,0,0
2054,1,0,0,1,1,25,151,151,0,151,0,0,151,151,149,0,0,4,0,0,0
2054,1,0,0,1,1,30,314,314,0,314,1,0,314,314,311,0,0,9,0,0,0
2054,1,0,0,1,1,35,534,534,0,534,4,2,534,532,522,0,0,10,0,0,0
2054,1,0,0,1,1,40,679,679,0,679,3,2,679,673,650,0,0,13,0,0,0
2054,1,0,0,1,1,45,902,902,0,902,5,1,902,900,827,0,0,17,0,0,0
2054,1,0,0,1,1,50,893,893,0,893,14,7,893,889,761,0,0,11,0,0,0
2054,1,0,0,1,1,55,1000,1000,0,1000,15,6,1000,990,829,0,0,3,0,0,0
2054,1,0,0,1,1,60,2757,2757,0,2757,78,5,2757,2573,2093,0,0,16,0,0,0
2054,1,0,0,1,1,100,0,0,0,0,0,0,0,0,0,0,0,0,0,0,0
2054,1,0,1,0,0,0,0,0,0,0,0,0,0,0,0,0,0,0,0,0,0
2054,1,0,1,0,0,5,0,0,0,0,0,0,0,0,0,0,0,0,0,0,0
2054,1,0,1,0,0,10,18,0,0,0,0,0,0,7,0,0,0,0,0,0,0
2054,1,0,1,0,0,15,157,0,0,0,0,0,18,65,0,0,18,0,0,0,0
2054,1,0,1,0,0,20,362,0,0,0,0,0,140,265,0,0,111,0,0,0,0
2054,1,0,1,0,0,25,594,0,0,0,1,0,326,530,0,0,252,0,0,0,0
2054,1,0,1,0,0,30,675,0,0,0,1,0,394,646,0,0,311,0,0,0,0
2054,1,0,1,0,0,35,609,0,0,0,0,0,385,593,0,0,278,0,0,0,0
2054,1,0,1,0,0,40,515,0,0,0,2,0,320,512,0,0,231,0,0,0,0
2054,1,0,1,0,0,45,467,0,0,0,1,0,313,465,0,0,221,0,0,0,0
2054,1,0,1,0,0,50,358,0,0,0,4,0,229,357,0,0,150,0,0,0,0
2054,1,0,1,0,0,55,306,0,0,0,2,0,196,306,0,0,146,0,0,0,0
2054,1,0,1,0,0,60,561,0,0,0,20,0,341,545,0,0,271,0,0,0,0
2054,1,0,1,0,0,100,0,0,0,0,0,0,0,0,0,0,0,0,0,0,0
2054,1,0,1,0,1,0,0,0,0,0,0,0,0,0,0,0,0,0,0,0,0
2054,1,0,1,0,1,5,0,0,0,0,0,0,0,0,0,0,0,0,0,0,0
2054,1,0,1,0,1,10,0,0,0,0,0,0,0,0,0,0,0,0,0,0,0
2054,1,0,1,0,1,15,0,0,0,0,0,0,0,0,0,0,0,0,0,0,0
2054,1,0,1,0,1,20,0,0,0,0,0,0,0,0,0,0,0,0,0,0,0
2054,1,0,1,0,1,25,0,0,0,0,0,0,0,0,0,0,0,0,0,0,0
2054,1,0,1,0,1,30,0,0,0,0,0,0,0,0,0,0,0,0,0,0,0
2054,1,0,1,0,1,35,0,0,0,0,0,0,0,0,0,0,0,0,0,0,0
2054,1,0,1,0,1,40,0,0,0,0,0,0,0,0,0,0,0,0,0,0,0
2054,1,0,1,0,1,45,0,0,0,0,0,0,0,0,0,0,0,0,0,0,0
2054,1,0,1,0,1,50,0,0,0,0,0,0,0,0,0,0,0,0,0,0,0
2054,1,0,1,0,1,55,0,0,0,0,0,0,0,0,0,0,0,0,0,0,0
2054,1,0,1,0,1,60,0,0,0,0,0,0,0,0,0,0,0,0,0,0,0
2054,1,0,1,0,1,100,0,0,0,0,0,0,0,0,0,0,0,0,0,0,0
2054,1,0,1,1,0,0,0,0,0,0,0,0,0,0,0,0,0,0,0,0,0
2054,1,0,1,1,0,5,0,0,0,0,0,0,0,0,0,0,0,0,0,0,0
2054,1,0,1,1,0,10,0,0,0,0,0,0,0,0,0,0,0,0,0,0,0
2054,1,0,1,1,0,15,2,2,0,0,0,0,0,1,0,0,0,0,0,0,0
2054,1,0,1,1,0,20,8,8,1,0,0,0,2,6,4,3,0,1,0,0,0
2054,1,0,1,1,0,25,13,13,2,0,0,0,3,11,5,4,0,4,0,0,0
2054,1,0,1,1,0,30,12,12,2,0,0,0,1,10,6,0,0,4,0,0,0
2054,1,0,1,1,0,35,18,18,5,0,0,0,3,17,10,2,0,3,0,0,0
2054,1,0,1,1,0,40,23,23,2,0,0,0,5,22,18,4,0,3,0,0,0
2054,1,0,1,1,0,45,6,6,1,0,1,0,0,6,4,1,0,1,0,0,0
2054,1,0,1,1,0,50,11,11,1,0,0,0,1,11,8,1,0,0,0,0,0
2054,1,0,1,1,0,55,10,10,1,0,0,0,0,10,8,0,0,0,0,0,0
2054,1,0,1,1,0,60,21,21,0,0,2,2,2,21,16,1,0,0,0,0,0
2054,1,0,1,1,0,100,0,0,0,0,0,0,0,0,0,0,0,0,0,0,0
2054,1,0,1,1,1,0,0,0,0,0,0,0,0,0,0,0,0,0,0,0,0
2054,1,0,1,1,1,5,0,0,0,0,0,0,0,0,0,0,0,0,0,0,0
2054,1,0,1,1,1,10,0,0,0,0,0,0,0,0,0,0,0,0,0,0,0
2054,1,0,1,1,1,15,0,0,0,0,0,0,0,0,0,0,0,0,0,0,0
2054,1,0,1,1,1,20,3,3,0,3,0,0,3,2,2,0,0,0,0,0,0
2054,1,0,1,1,1,25,15,15,0,15,0,0,15,15,14,0,0,0,0,0,0
2054,1,0,1,1,1,30,36,36,0,36,0,0,36,36,36,0,0,5,0,0,0
2054,1,0,1,1,1,35,48,48,0,48,0,0,48,48,48,0,0,0,0,0,0
2054,1,0,1,1,1,40,62,62,0,62,0,0,62,61,61,0,0,2,0,0,0
2054,1,0,1,1,1,45,83,83,0,83,1,0,83,83,76,0,0,0,0,0,0
2054,1,0,1,1,1,50,82,82,0,82,1,0,82,82,73,0,0,0,0,0,0
2054,1,0,1,1,1,55,96,96,0,96,2,2,96,96,82,0,0,1,0,0,0
2054,1,0,1,1,1,60,274,274,0,274,7,1,274,258,198,0,0,2,0,0,0
2054,1,0,1,1,1,100,0,0,0,0,0,0,0,0,0,0,0,0,0,0,0
2054,1,1,0,0,0,0,5887,0,0,0,11,0,388,1923,0,0,186,0,0,0,0
2054,1,1,0,0,0,5,5796,0,0,0,2,0,0,1963,0,0,0,0,0,0,0
2054,1,1,0,0,0,10,6068,0,0,0,2,0,113,2147,0,0,125,0,0,0,0
2054,1,1,0,0,0,15,5816,0,0,0,0,0,1369,3409,0,0,1111,0,0,0,0
2054,1,1,0,0,0,20,5396,0,0,0,3,0,2486,4492,0,0,1967,0,0,0,0
2054,1,1,0,0,0,25,4895,0,0,0,3,0,2906,4678,0,0,2348,0,0,0,0
2054,1,1,0,0,0,30,4382,0,0,0,2,0,2763,4335,0,0,2142,0,0,0,0
2054,1,1,0,0,0,35,3926,0,0,0,0,0,2485,3921,0,0,1936,0,0,0,0
2054,1,1,0,0,0,40,3316,0,0,0,1,0,2055,3309,0,0,1571,0,0,0,0
2054,1,1,0,0,0,45,2773,0,0,0,7,0,1769,2771,0,0,1343,0,0,0,0
2054,1,1,0,0,0,50,2319,0,0,0,5,0,1414,2319,0,0,1094,0,0,0,0
2054,1,1,0,0,0,55,1918,0,0,0,8,0,1244,1918,0,0,894,0,0,0,0
2054,1,1,0,0,0,60,3917,0,0,0,70,0,2226,3685,0,0,1675,0,0,0,0
2054,1,1,0,0,0,100,7,0,0,0,4,0,0,0,0,0,0,0,0,0,0
2054,1,1,0,0,1,0,0,0,0,0,0,0,0,0,0,0,0,0,0,0,0
2054,1,1,0,0,1,5,0,0,0,0,0,0,0,0,0,0,0,0,0,0,0
2054,1,1,0,0,1,10,0,0,0,0,0,0,0,0,0,0,0,0,0,0,0
2054,1,1,0,0,1,15,0,0,0,0,0,0,0,0,0,0,0,0,0,0,0
2054,1,1,0,0,1,20,0,0,0,0,0,0,0,0,0,0,0,0,0,0,0
2054,1,1,0,0,1,25,0,0,0,0,0,0,0,0,0,0,0,0,0,0,0
2054,1,1,0,0,1,30,0,0,0,0,0,0,0,0,0,0,0,0,0,0,0
2054,1,1,0,0,1,35,0,0,0,0,0,0,0,0,0,0,0,0,0,0,0
2054,1,1,0,0,1,40,0,0,0,0,0,0,0,0,0,0,0,0,0,0,0
2054,1,1,0,0,1,45,0,0,0,0,0,0,0,0,0,0,0,0,0,0,0
2054,1,1,0,0,1,50,0,0,0,0,0,0,0,0,0,0,0,0,0,0,0
2054,1,1,0,0,1,55,0,0,0,0,0,0,0,0,0,0,0,0,0,0,0
2054,1,1,0,0,1,60,0,0,0,0,0,0,0,0,0,0,0,0,0,0,0
2054,1,1,0,0,1,100,0,0,0,0,0,0,0,0,0,0,0,0,0,0,0
2054,1,1,0,1,0,0,9,9,2,0,3,3,1,4,4,0,0,0,0,0,0
2054,1,1,0,1,0,5,6,6,0,0,0,0,0,0,0,0,0,0,0,0,0
2054,1,1,0,1,0,10,14,14,6,0,1,1,0,5,3,1,0,1,0,0,0
2054,1,1,0,1,0,15,89,89,32,0,0,0,14,55,14,8,0,19,0,0,0
2054,1,1,0,1,0,20,193,193,54,0,0,0,54,145,54,28,0,27,0,0,0
2054,1,1,0,1,0,25,196,196,46,0,2,2,61,174,76,36,0,12,0,0,0
2054,1,1,0,1,0,30,208,208,38,0,1,1,49,201,98,29,0,11,0,0,0
2054,1,1,0,1,0,35,183,183,31,0,1,1,29,175,92,18,0,3,0,0,0
2054,1,1,0,1,0,40,151,151,20,0,0,0,32,148,88,13,0,9,0,0,0
2054,1,1,0,1,0,45,198,198,15,0,1,1,22,190,126,23,0,11,0,0,0
2054,1,1,0,1,0,50,197,197,11,0,3,2,24,190,133,24,0,1,0,0,0
2054,1,1,0,1,0,55,199,199,5,0,1,1,22,194,143,18,0,8,0,0,0
2054,1,1,0,1,0,60,584,584,20,0,13,5,51,534,413,47,0,12,0,0,0
2054,1,1,0,1,0,100,0,0,0,0,0,0,0,0,0,0,0,0,0,0,0
2054,1,1,0,1,1,0,8,8,0,8,0,0,8,8,8,0,0,0,0,0,0
2054,1,1,0,1,1,5,11,11,0,11,0,0,11,11,11,0,0,0,0,0,0
2054,1,1,0,1,1,10,4,4,0,4,0,0,4,4,4,0,0,0,0,0,0
2054,1,1,0,1,1,15,73,73,0,73,2,2,73,46,37,0,0,1,0,0,0
2054,1,1,0,1,1,20,340,340,0,340,1,0,340,288,219,0,0,10,0,0,0
2054,1,1,0,1,1,25,696,696,0,696,1,1,696,644,501,0,0,5,0,0,0
2054,1,1,0,1,1,30,1052,1052,0,1052,2,2,1052,981,751,0,0,9,0,0,0
2054,1,1,0,1,1,35,1453,1453,0,1453,3,2,1453,1381,979,0,0,12,0,0,0
2054,1,1,0,1,1,40,1710,1710,0,1710,2,1,1710,1659,1170,0,0,8,0,0,0
2054,1,1,0,1,1,45,1666,1666,0,1666,5,3,1666,1598,1171,0,0,13,0,0,0
2054,1,1,0,1,1,50,1821,1821,0,1821,3,2,1821,1745,1299,0,0,6,0,0,0
2054,1,1,0,1,1,55,1739,1739,0,1739,7,3,1739,1676,1269,0,0,6,0,0,0
2054,1,1,0,1,1,60,5403,5403,0,5403,91,12,5403,4962,3981,0,0,14,0,0,0
2054,1,1,0,1,1,100,4,4,0,4,0,0,4,3,3,0,0,0,0,0,0
2054.5,1,0,0,0,0,0,5596,0,0,0,16,0,395,1809,0,0,204,0,0,0,0
2054.5,1,0,0,0,0,5,5839,0,0,0,2,0,0,1985,0,0,0,0,0,0,0
2054.5,1,0,0,0,0,10,6003,0,0,0,6,0,0,2035,0,0,0,0,0,0,2
2054.5,1,0,0,0,0,15,5647,0,0,0,5,0,473,2291,0,0,454,0,0,0,23
2054.5,1,0,0,0,0,20,5326,0,0,0,3,0,1963,3738,0,0,1542,0,0,0,33
2054.5,1,0,0,0,0,25,4735,0,0,0,3,0,2507,4164,0,0,1968,0,0,0,12
2054.5,1,0,0,0,0,30,4335,0,0,0,6,0,2608,4150,0,0,1986,0,0,0,0
2054.5,1,0,0,0,0,35,4076,0,0,0,8,0,2457,4000,0,0,1895,0,0,0,0
2054.5,1,0,0,0,0,40,3497,0,0,0,7,0,2156,3476,0,0,1684,0,0,0,0
2054.5,1,0,0,0,0,45,2901,0,0,0,8,0,1787,2891,0,0,1364,0,0,0,0
2054.5,1,0,0,0,0,50,2263,0,0,0,15,0,1406,2262,0,0,1076,0,0,0,0
2054.5,1,0,0,0,0,55,1785,0,0,0,13,0,1120,1784,0,0,878,0,0,0,0
2054.5,1,0,0,0,0,60,3102,0,0,0,92,0,1904,3017,0,0,1417,0,0,0,0
2054.5,1,0,0,0,0,100,1,0,0,0,0,0,0,0,0,0,0,0,0,0,0
2054.5,1,0,0,0,1,0,0,0,0,0,0,0,0,0,0,0,0,0,0,0,0
2054.5,1,0,0,0,1,5,0,0,0,0,0,0,0,0,0,0,0,0,0,0,0
2054.5,1,0,0,0,1,10,0,0,0,0,0,0,0,0,0,0,0,0,0,0,0
2054.5,1,0,0,0,1,15,0,0,0,0,0,0,0,0,0,0,0,0,0,0,0
2054.5,1,0,0,0,1,20,0,0,0,0,0,0,0,0,0,0,0,0,0,0,0
2054.5,1,0,0,0,1,25,0,0,0,0,0,0,0,0,0,0,0,0,0,0,0
2054.5,1,0,0,0,1,30,0,0,0,0,0,0,0,0,0,0,0,0,0,0,0
2054.5,1,0,0,0,1,35,0,0,0,0,0,0,0,0,0,0,0,0,0,0,0
2054.5,1,0,0,0,1,40,0,0,0,0,0,0,0,0,0,0,0,0,0,0,0
2054.5,1,0,0,0,1,45,0,0,0,0,0,0,0,0,0,0,0,0,0,0,0
2054.5,1,0,0,0,1,50,0,0,0,0,0,0,0,0,0,0,0,0,0,0,0
2054.5,1,0,0,0,1,55,0,0,0,0,0,0,0,0,0,0,0,0,0,0,0
2054.5,1,0,0,0,1,60,0,0,0,0,0,0,0,0,0,0,0,0,0,0,0
2054.5,1,0,0,0,1,100,0,0,0,0,0,0,0,0,0,0,0,0,0,0,0
2054.5,1,0,0,1,0,0,22,22,8,0,5,5,3,5,5,6,0,0,0,0,0
2054.5,1,0,0,1,0,5,11,11,0,0,1,1,0,0,0,0,0,0,0,0,0
2054.5,1,0,0,1,0,10,12,12,0,0,0,0,0,2,2,0,0,0,0,0,0
2054.5,1,0,0,1,0,15,18,18,2,0,0,0,1,8,4,1,0,2,0,0,0
2054.5,1,0,0,1,0,20,65,65,15,0,1,1,20,45,20,13,0,9,0,0,1
2054.5,1,0,0,1,0,25,133,133,18,0,3,3,28,107,59,25,0,17,0,0,3
2054.5,1,0,0,1,0,30,195,195,17,0,2,2,36,174,117,35,0,31,0,0,0
2054.5,1,0,0,1,0,35,198,198,26,0,2,2,34,194,144,37,0,28,0,0,0
2054.5,1,0,0,1,0,40,234,234,32,0,1,1,52,232,180,38,0,20,0,0,0
2054.5,1,0,0,1,0,45,135,135,21,0,4,3,33,134,98,20,0,15,0,0,0
2054.5,1,0,0,1,0,50,125,125,20,0,3,3,16,124,89,15,0,9,0,0,0
2054.5,1,0,0,1,0,55,100,100,11,0,4,3,17,100,62,9,0,4,0,0,0
2054.5,1,0,0,1,0,60,303,303,36,0,14,2,47,283,204,26,0,13,0,0,0
2054.5,1,0,0,1,0,100,0,0,0,0,0,0,0,0,0,1,0,0,0,0,0
2054.5,1,0,0,1,1,0,6,6,0,6,0,0,6,6,6,0,0,0,0,0,0
2054.5,1,0,0,1,1,5,6,6,0,6,0,0,6,6,6,0,0,0,0,0,0
2054.5,1,0,0,1,1,10,7,7,0,7,0,0,7,7,7,0,0,0,0,0,0
2054.5,1,0,0,1,1,15,10,10,0,10,0,0,10,10,10,0,0,0,0,0,0
2054.5,1,0,0,1,1,20,35,35,0,35,0,0,35,32,32,0,0,1,0,0,1
2054.5,1,0,0,1,1,25,162,162,0,162,0,0,162,160,157,0,0,7,0,0,0
2054.5,1,0,0,1,1,30,323,323,0,323,0,0,323,323,320,0,0,8,0,0,0
2054.5,1,0,0,1,1,35,540,540,0,540,2,2,540,537,526,0,0,17,0,0,0
2054.5,1,0,0,1,1,40,666,666,0,666,4,2,666,659,635,0,0,22,0,0,0
2054.5,1,0,0,1,1,45,899,899,0,899,9,5,899,897,818,0,0,15,0,0,0
2054.5,1,0,0,1,1,50,912,912,0,912,4,0,912,908,790,0,0,9,0,0,0
2054.5,1,0,0,1,1,55,987,987,0,987,11,5,987,977,818,0,0,3,0,0,0
2054.5,1,0,0,1,1,60,2802,2802,0,2802,81,6,2802,2627,2131,0,0,16,0,0,0
2054.5,1,0,0,1,1,100,1,1,0,1,1,1,1,1,1,0,0,0,0,0,0
2054.5,1,0,1,0,0,0,0,0,0,0,0,0,0,0,0,0,0,0,0,0,0
2054.5,1,0,1,0,0,5,0,0,0,0,0,0,0,0,0,0,0,0,0,0,0
2054.5,1,0,1,0,0,10,20,0,0,0,0,0,0,7,0,0,0,0,0,0,0
2054.5,1,0,1,0,0,15,161,0,0,0,0,0,17,65,0,0,14,0,0,0,0
2054.5,1,0,1,0,0,20,367,0,0,0,0,0,148,277,0,0,119,0,0,0,0
2054.5,1,0,1,0,0,25,595,0,0,0,2,0,322,529,0,0,243,0,0,0,0
2054.5,1,0,1,0,0,30,662,0,0,0,0,0,396,633,0,0,297,0,0,0,0
2054.5,1,0,1,0,0,35,621,0,0,0,1,0,376,606,0,0,282,0,0,0,0
2054.5,1,0,1,0,0,40,508,0,0,0,4,0,316,503,0,0,233,0,0,0,0
2054.5,1,0,1,0,0,45,468,0,0,0,3,0,303,466,0,0,247,0,0,0,0
2054.5,1,0,1,0,0,50,365,0,0,0,1,0,224,364,0,0,166,0,0,0,0
2054.5,1,0,1,0,0,55,314,0,0,0,1,0,198,314,0,0,154,0,0,0,0
2054.5,1,0,1,0,0,60,569,0,0,0,15,0,349,555,0,0,259,0,0,0,0
2054.5,1,0,1,0,0,100,0,0,0,0,0,0,0,0,0,0,0,0,0,0,0
2054.5,1,0,1,0,1,0,0,0,0,0,0,0,0,0,0,0,0,0,0,0,0
2054.5,1,0,1,0,1,5,0,0,0,0,0,0,0,0,0,0,0,0,0,0,0
2054.5,1,0,1,0,1,10,0,0,0,0,0,0,0,0,0,0,0,0,0,0,0
2054.5,1,0,1,0,1,15,0,0,0,0,0,0,0,0,0,0,0,0,0,0,0
2054.5,1,0,1,0,1,20,0,0,0,0,0,0,0,0,0,0,0,0,0,0,0
2054.5,1,0,1,0,1,25,0,0,0,0,0,0,0,0,0,0,0,0,0,0,0
2054.5,1,0,1,0,1,30,0,0,0,0,0,0,0,0,0,0,0,0,0,0,0
2054.5,1,0,1,0,1,35,0,0,0,0,0,0,0,0,0,0,0,0,0,0,0
2054.5,1,0,1,0,1,40,0,0,0,0,0,0,0,0,0,0,0,0,0,0,0
2054.5,1,0,1,0,1,45,0,0,0,0,0,0,0,0,0,0,0,0,0,0,0
2054.5,1,0,1,0,1,50,0,0,0,0,0,0,0,0,0,0,0,0,0,0,0
2054.5,1,0,1,0,1,55,0,0,0,0,0,0,0,0,0,0,0,0,0,0,0
2054.5,1,0,1,0,1,60,0,0,0,0,0,0,0,0,0,0,0,0,0,0,0
2054.5,1,0,1,0,1,100,0,0,0,0,0,0,0,0,0,0,0,0,0,0,0
2054.5,1,0,1,1,0,0,0,0,0,0,0,0,0,0,0,0,0,0,0,0,0
2054.5,1,0,1,1,0,5,0,0,0,0,0,0,0,0,0,0,0,0,0,0,0
2054.5,1,0,1,1,0,10,0,0,0,0,0,0,0,0,0,0,0,0,0,0,0
2054.5,1,0,1,1,0,15,2,2,0,0,0,0,0,1,0,0,0,0,0,0,0
2054.5,1,0,1,1,0,20,5,5,0,0,0,0,1,3,2,1,0,1,0,0,0
2054.5,1,0,1,1,0,25,18,18,2,0,0,0,5,13,9,2,0,3,0,0,0
2054.5,1,0,1,1,0,30,13,13,3,0,0,0,3,11,7,3,0,1,0,0,0
2054.5,1,0,1,1,0,35,18,18,3,0,0,0,4,16,9,3,0,2,0,0,0
2054.5,1,0,1,1,0,40,21,21,3,0,0,0,3,20,15,2,0,1,0,0,0
2054.5,1,0,1,1,0,45,10,10,1,0,0,0,2,10,7,2,0,0,0,0,0
2054.5,1,0,1,1,0,50,8,8,1,0,1,1,2,8,6,1,0,0,0,0,0
2054.5,1,0,1,1,0,55,12,12,2,0,0,0,2,12,9,2,0,0,0,0,0
2054.5,1,0,1,1,0,60,25,25,0,0,0,0,0,25,20,0,0,1,0,0,0
2054.5,1,0,1,1,0,100,0,0,0,0,0,0,0,0,0,0,0,0,0,0,0
2054.5,1,0,1,1,1,0,0,0,0,0,0,0,0,0,0,0,0,0,0,0,0
2054.5,1,0,1,1,1,5,0,0,0,0,0,0,0,0,0,0,0,0,0,0,0
2054.5,1,0,1,1,1,10,0,0,0,0,0,0,0,0,0,0,0,0,0,0,0
2054.5,1,0,1,1,1,15,0,0,0,0,0,0,0,0,0,0,0,0,0,0,0
2054.5,1,0,1,1,1,20,7,7,0,7,0,0,7,6,6,0,0,0,0,0,0
2054.5,1,0,1,1,1,25,16,16,0,16,0,0,16,16,14,0,0,1,0,0,0
2054.5,1,0,1,1,1,30,31,31,0,31,0,0,31,31,31,0,0,2,0,0,0
2054.5,1,0,1,1,1,35,48,48,0,48,1,1,48,48,48,0,0,1,0,0,0
2054.5,1,0,1,1,1,40,65,65,0,65,1,1,65,64,64,0,0,2,0,0,0
2054.5,1,0,1,1,1,45,82,82,0,82,0,0,82,82,74,0,0,1,0,0,0
2054.5,1,0,1,1,1,50,86,86,0,86,1,0,86,86,79,0,0,1,0,0,0
2054.5,1,0,1,1,1,55,93,93,0,93,2,0,93,93,80,0,0,0,0,0,0
2054.5,1,0,1,1,1,60,268,268,0,268,12,1,268,254,195,0,0,4,0,0,0
2054.5,1,0,1,1,1,100,0,0,0,0,0,0,0,0,0,0,0,0,0,0,0
2054.5,1,1,0,0,0,0,5849,0,0,0,15,0,382,1932,0,0,198,0,0,0,0
2054.5,1,1,0,0,0,5,5773,0,0,0,0,0,0,1941,0,0,0,0,0,0,0
2054.5,1,1,0,0,0,10,6071,0,0,0,0,0,122,2163,0,0,133,0,0,0,0
2054.5,1,1,0,0,0,15,5822,0,0,0,0,0,1396,3398,0,0,1147,0,0,0,0
2054.5,1,1,0,0,0,20,5408,0,0,0,3,0,2451,4505,0,0,1945,0,0,0,0
2054.5,1,1,0,0,0,25,4864,0,0,0,4,0,2919,4653,0,0,2363,0,0,0,0
2054.5,1,1,0,0,0,30,4449,0,0,0,1,0,2775,4399,0,0,2162,0,0,0,0
2054.5,1,1,0,0,0,35,3887,0,0,0,3,0,2467,3883,0,0,1968,0,0,0,0
2054.5,1,1,0,0,0,40,3374,0,0,0,5,0,2145,3367,0,0,1665,0,0,0,0
2054.5,1,1,0,0,0,45,2797,0,0,0,7,0,1749,2795,0,0,1336,0,0,0,0
2054.5,1,1,0,0,0,50,2337,0,0,0,4,0,1453,2337,0,0,1098,0,0,0,0
2054.5,1,1,0,0,0,55,1944,0,0,0,10,0,1226,1944,0,0,925,0,0,0,0
2054.5,1,1,0,0,0,60,4002,0,0,0,61,0,2278,3789,0,0,1719,0,0,0,0
2054.5,1,1,0,0,0,100,7,0,0,0,0,0,0,0,0,0,0,0,0,0,0
2054.5,1,1,0,0,1,0,0,0,0,0,0,0,0,0,0,0,0,0,0,0,0
2054.5,1,1,0,0,1,5,0,0,0,0,0,0,0,0,0,0,0,0,0,0,0
2054.5,1,1,0,0,1,10,0,0,0,0,0,0,0,0,0,0,0,0,0,0,0
2054.5,1,1,0,0,1,15,0,0,0,0,0,0,0,0,0,0,0,0,0,0,0
2054.5,1,1,0,0,1,20,0,0,0,0,0,0,0,0,0,0,0,0,0,0,0
2054.5,1,1,0,0,1,25,0,0,0,0,0,0,0,0,0,0,0,0,0,0,0
2054.5,1,1,0,0,1,30,0,0,0,0,0,0,0,0,0,0,0,0,0,0,0
2054.5,1,1,0,0,1,35,0,0,0,0,0,0,0,0,0,0,0,0,0,0,0
2054.5,1,1,0,0,1,40,0,0,0,0,0,0,0,0,0,0,0,0,0,0,0
2054.5,1,1,0,0,1,45,0,0,0,0,0,0,0,0,0,0,0,0,0,0,0
2054.5,1,1,0,0,1,50,0,0,0,0,0,0,0,0,0,0,0,0,0,0,0
2054.5,1,1,0,0,1,55,0,0,0,0,0,0,0,0,0,0,0,0,0,0,0
2054.5,1,1,0,0,1,60,0,0,0,0,0,0,0,0,0,0,0,0,0,0,0
2054.5,1,1,0,0,1,100,0,0,0,0,0,0,0,0,0,0,0,0,0,0,0
2054.5,1,1,0,1,0,0,10,10,4,0,2,2,2,5,5,3,0,0,0,0,0
2054.5,1,1,0,1,0,5,6,6,0,0,0,0,0,1,1,0,0,0,0,0,0
2054.5,1,1,0,1,0,10,18,18,7,0,2,2,1,5,4,2,0,0,0,0,0
2054.5,1,1,0,1,0,15,82,82,24,0,3,3,15,49,12,15,0,14,0,0,0
2054.5,1,1,0,1,0,20,189,189,43,0,2,2,52,146,57,36,0,21,0,0,0
2054.5,1,1,0,1,0,25,196,196,42,0,4,3,60,172,82,47,0,16,0,0,0
2054.5,1,1,0,1,0,30,211,211,37,0,1,1,58,201,102,32,0,16,0,0,0
2054.5,1,1,0,1,0,35,182,182,38,0,2,1,43,173,88,27,0,14,0,0,0
2054.5,1,1,0,1,0,40,142,142,18,0,1,1,24,139,87,9,0,8,0,0,0
2054.5,1,1,0,1,0,45,189,189,24,0,2,1,27,184,114,21,0,7,0,0,0
2054.5,1,1,0,1,0,50,201,201,11,0,4,3,21,194,140,20,0,8,0,0,0
2054.5,1,1,0,1,0,55,180,180,9,0,3,2,16,174,122,16,0,2,0,0,0
2054.5,1,1,0,1,0,60,573,573,14,0,32,21,42,526,404,35,0,19,0,0,0
2054.5,1,1,0,1,0,100,0,0,0,0,0,0,0,0,0,0,0,0,0,0,0
2054.5,1,1,0,1,1,0,7,7,0,7,0,0,7,7,7,0,0,0,0,0,0
2054.5,1,1,0,1,1,5,12,12,0,12,0,0,12,12,12,0,0,0,0,0,0
2054.5,1,1,0,1,1,10,4,4,0,4,0,0,4,4,4,0,0,0,0,0,0
2054.5,1,1,0,1,1,15,70,70,0,70,0,0,70,42,36,0,0,2,0,0,0
2054.5,1,1,0,1,1,20,339,339,0,339,1,1,339,288,218,0,0,5,0,0,0
2054.5,1,1,0,1,1,25,713,713,0,713,1,1,713,656,504,0,0,4,0,0,0
2054.5,1,1,0,1,1,30,1036,1036,0,1036,2,1,1036,975,750,0,0,14,0,0,0
2054.5,1,1,0,1,1,35,1455,1455,0,1455,3,2,1455,1377,974,0,0,11,0,0,0
2054.5,1,1,0,1,1,40,1693,1693,0,1693,5,3,1693,1644,1148,0,0,12,0,0,0
2054.5,1,1,0,1,1,45,1709,1709,0,1709,6,3,1709,1647,1205,0,0,11,0,0,0
2054.5,1,1,0,1,1,50,1822,1822,0,1822,8,4,1822,1743,1297,0,0,14,0,0,0
2054.5,1,1,0,1,1,55,1759,1759,0,1759,5,3,1759,1696,1279,0,0,2,0,0,0
2054.5,1,1,0,1,1,60,5495,5495,0,5495,94,6,5495,5075,4077,0,0,13,0,0,0
2054.5,1,1,0,1,1,100,4,4,0,4,0,0,4,3,3,0,0,0,0,0,0
2055,1,0,0,0,0,0,5571,0,0,0,11,0,404,1817,0,0,204,0,0,0,0
2055,1,0,0,0,0,5,5796,0,0,0,0,0,0,1953,0,0,0,0,0,0,1
2055,1,0,0,0,0,10,6080,0,0,0,1,0,1,2088,0,0,1,0,0,0,6
2055,1,0,0,0,0,15,5612,0,0,0,1,0,461,2242,0,0,422,0,0,0,20
2055,1,0,0,0,0,20,5315,0,0,0,5,0,2023,3738,0,0,1658,0,0,0,29
2055,1,0,0,0,0,25,4771,0,0,0,3,0,2552,4187,0,0,1931,0,0,0,20
2055,1,0,0,0,0,30,4322,0,0,0,1,0,2571,4143,0,0,1968,0,0,0,2
2055,1,0,0,0,0,35,4072,0,0,0,8,0,2557,4001,0,0,1951,0,0,0,0
2055,1,0,0,0,0,40,3540,0,0,0,9,0,2202,3517,0,0,1708,0,0,0,0
2055,1,0,0,0,0,45,2898,0,0,0,13,0,1837,2887,0,0,1390,0,0,0,0
2055,1,0,0,0,0,50,2301,0,0,0,17,0,1427,2300,0,0,1129,0,0,0,0
2055,1,0,0,0,0,55,1820,0,0,0,13,0,1126,1820,0,0,837,0,0,0,0
2055,1,0,0,0,0,60,3178,0,0,0,68,0,1948,3096,0,0,1477,0,0,0,0
2055,1,0,0,0,0,100,0,0,0,0,1,0,0,0,0,0,0,0,0,0,0
2055,1,0,0,0,1,0,0,0,0,0,0,0,0,0,0,0,0,0,0,0,0
2055,1,0,0,0,1,5,0,0,0,0,0,0,0,0,0,0,0,0,0,0,0
2055,1,0,0,0,1,10,0,0,0,0,0,0,0,0,0,0,0,0,0,0,0
2055,1,0,0,0,1,15,0,0,0,0,0,0,0,0,0,0,0,0,0,0,0
2055,1,0,0,0,1,20,0,0,0,0,0,0,0,0,0,0,0,0,0,0,0
2055,1,0,0,0,1,25,0,0,0,0,0,0,0,0,0,0,0,0,0,0,0
2055,1,0,0,0,1,30,0,0,0,0,0,0,0,0,0,0,0,0,0,0,0
2055,1,0,0,0,1,35,0,0,0,0,0,0,0,0,0,0,0,0,0,0,0
2055,1,0,0,0,1,40,0,0,0,0,0,0,0,0,0,0,0,0,0,0,0
2055,1,0,0,0,1,45,0,0,0,0,0,0,0,0,0,0,0,0,0,0,0
2055,1,0,0,0,1,50,0,0,0,0,0,0,0,0,0,0,0,0,0,0,0
2055,1,0,0,0,1,55,0,0,0,0,0,0,0,0,0,0,0,0,0,0,0
2055,1,0,0,0,1,60,0,0,0,0,0,0,0,0,0,0,0,0,0,0,0
2055,1,0,0,0,1,100,0,0,0,0,0,0,0,0,0,0,0,0,0,0,0
2055,1,0,0,1,0,0,18,18,4,0,1,1,1,3,3,1,0,0,0,0,0
2055,1,0,0,1,0,5,12,12,0,0,0,0,0,0,0,0,0,0,0,0,0
2055,1,0,0,1,0,10,13,13,0,0,0,0,0,2,2,0,0,0,0,0,0
2055,1,0,0,1,0,15,14,14,2,0,0,0,2,8,5,2,0,0,0,0,0
2055,1,0,0,1,0,20,63,63,16,0,0,0,17,43,19,11,0,16,0,0,0
2055,1,0,0,1,0,25,130,130,24,0,3,3,32,104,55,27,0,28,0,0,0
2055,1,0,0,1,0,30,175,175,23,0,2,2,39,159,109,40,0,32,0,0,0
2055,1,0,0,1,0,35,197,197,21,0,1,1,33,196,144,33,0,24,0,0,0
2055,1,0,0,1,0,40,217,217,32,0,5,4,45,215,161,32,0,19,0,0,0
2055,1,0,0,1,0,45,142,142,23,0,1,1,30,142,97,13,0,15,0,0,0
2055,1,0,0,1,0,50,128,128,12,0,0,0,21,127,88,11,0,3,0,0,0
2055,1,0,0,1,0,55,96,96,6,0,3,3,18,96,66,20,0,3,0,0,0
2055,1,0,0,1,0,60,283,283,18,0,11,3,38,269,198,36,0,9,0,0,0
2055,1,0,0,1,0,100,0,0,0,0,0,0,0,0,0,0,0,0,0,0,0
2055,1,0,0,1,1,0,7,7,0,7,0,0,7,7,7,0,0,0,0,0,0
2055,1,0,0,1,1,5,6,6,0,6,0,0,6,6,6,0,0,0,0,0,0
2055,1,0,0,1,1,10,7,7,0,7,0,0,7,7,7,0,0,0,0,0,0
2055,1,0,0,1,1,15,7,7,0,7,0,0,7,7,7,0,0,0,0,0,0
2055,1,0,0,1,1,20,41,41,0,41,0,0,41,38,36,0,0,1,0,0,0
2055,1,0,0,1,1,25,164,164,0,164,0,0,164,160,156,0,0,3,0,0,0
2055,1,0,0,1,1,30,338,338,0,338,0,0,338,338,331,0,0,7,0,0,0
2055,1,0,0,1,1,35,538,538,0,538,4,3,538,534,523,0,0,14,0,0,0
2055,1,0,0,1,1,40,690,690,0,690,5,5,690,684,656,0,0,10,0,0,0
2055,1,0,0,1,1,45,906,906,0,906,10,7,906,901,822,0,0,15,0,0,0
2055,1,0,0,1,1,50,906,906,0,906,13,4,906,902,794,0,0,9,0,0,0
2055,1,0,0,1,1,55,963,963,0,963,9,0,963,953,801,0,0,6,0,0,0
2055,1,0,0,1,1,60,2876,2876,0,2876,81,4,2876,2715,2206,0,0,15,0,0,0
2055,1,0,0,1,1,100,0,0,0,0,0,0,0,0,0,0,0,0,0,0,0
2055,1,0,1,0,0,0,0,0,0,0,0,0,0,0,0,0,0,0,0,0,0
2055,1,0,1,0,0,5,1,0,0,0,0,0,0,1,0,0,0,0,0,0,0
2055,1,0,1,0,0,10,20,0,0,0,0,0,0,8,0,0,0,0,0,0,0
2055,1,0,1,0,0,15,159,0,0,0,0,0,22,71,0,0,19,0,0,0,0
2055,1,0,1,0,0,20,373,0,0,0,0,0,155,276,0,0,116,0,0,0,0
2055,1,0,1,0,0,25,582,0,0,0,0,0,318,516,0,0,243,0,0,0,0
2055,1,0,1,0,0,30,681,0,0,0,1,0,413,652,0,0,329,0,0,0,0
2055,1,0,1,0,0,35,608,0,0,0,1,0,379,593,0,0,284,0,0,0,0
2055,1,0,1,0,0,40,525,0,0,0,2,0,322,518,0,0,233,0,0,0,0
2055,1,0,1,0,0,45,467,0,0,0,1,0,301,465,0,0,247,0,0,0,0
2055,1,0,1,0,0,50,385,0,0,0,2,0,233,384,0,0,174,0,0,0,0
2055,1,0,1,0,0,55,308,0,0,0,2,0,206,308,0,0,159,0,0,0,0
2055,1,0,1,0,0,60,579,0,0,0,14,0,349,565,0,0,284,0,0,0,0
2055,1,0,1,0,0,100,0,0,0,0,0,0,0,0,0,0,0,0,0,0,0
2055,1,0,1,0,1,0,0,0,0,0,0,0,0,0,0,0,0,0,0,0,0
2055,1,0,1,0,1,5,0,0,0,0,0,0,0,0,0,0,0,0,0,0,0
2055,1,0,1,0,1,10,0,0,0,0,0,0,0,0,0,0,0,0,0,0,0
2055,1,0,1,0,1,15,0,0,0,0,0,0,0,0,0,0,0,0,0,0,0
2055,1,0,1,0,1,20,0,0,0,0,0,0,0,0,0,0,0,0,0,0,0
2055,1,0,1,0,1,25,0,0,0,0,0,0,0,0,0,0,0,0,0,0,0
2055,1,0,1,0,1,30,0,0,0,0,0,0,0,0,0,0,0,0,0,0,0
2055,1,0,1,0,1,35,0,0,0,0,0,0,0,0,0,0,0,0,0,0,0
2055,1,0,1,0,1,40,0,0,0,0,0,0,0,0,0,0,0,0,0,0,0
2055,1,0,1,0,1,45,0,0,0,0,0,0,0,0,0,0,0,0,0,0,0
2055,1,0,1,0,1,50,0,0,0,0,0,0,0,0,0,0,0,0,0,0,0
2055,1,0,1,0,1,55,0,0,0,0,0,0,0,0,0,0,0,0,0,0,0
2055,1,0,1,0,1,60,0,0,0,0,0,0,0,0,0,0,0,0,0,0,0
2055,1,0,1,0,1,100,0,0,0,0,0,0,0,0,0,0,0,0,0,0,0
2055,1,0,1,1,0,0,0,0,0,0,0,0,0,0,0,0,0,0,0,0,0
2055,1,0,1,1,0,5,0,0,0,0,0,0,0,0,0,0,0,0,0,0,0
2055,1,0,1,1,0,10,0,0,0,0,0,0,0,0,0,0,0,0,0,0,0
2055,1,0,1,1,0,15,2,2,0,0,0,0,0,1,0,0,0,0,0,0,0
2055,1,0,1,1,0,20,4,4,0,0,0,0,0,2,1,1,0,3,0,0,0
2055,1,0,1,1,0,25,17,17,3,0,0,0,1,11,6,0,0,6,0,0,0
2055,1,0,1,1,0,30,13,13,0,0,0,0,4,12,10,4,0,2,0,0,0
2055,1,0,1,1,0,35,19,19,6,0,0,0,5,18,8,2,0,5,0,0,0
2055,1,0,1,1,0,40,18,18,1,0,0,0,2,17,12,2,0,5,0,0,0
2055,1,0,1,1,0,45,13,13,3,0,1,1,3,13,7,0,0,1,0,0,0
2055,1,0,1,1,0,50,9,9,0,0,0,0,0,9,7,0,0,0,0,0,0
2055,1,0,1,1,0,55,8,8,0,0,0,0,2,8,6,1,0,0,0,0,0
2055,1,0,1,1,0,60,31,31,3,0,1,1,2,31,23,2,0,1,0,0,0
2055,1,0,1,1,0,100,0,0,0,0,0,0,0,0,0,0,0,0,0,0,0
2055,1,0,1,1,1,0,0,0,0,0,0,0,0,0,0,0,0,0,0,0,0
2055,1,0,1,1,1,5,0,0,0,0,0,0,0,0,0,0,0,0,0,0,0
2055,1,0,1,1,1,10,0,0,0,0,0,0,0,0,0,0,0,0,0,0,0
2055,1,0,1,1,1,15,0,0,0,0,0,0,0,0,0,0,0,0,0,0,0
2055,1,0,1,1,1,20,5,5,0,5,1,1,5,4,4,0,0,0,0,0,0
2055,1,0,1,1,1,25,18,18,0,18,0,0,18,18,16,0,0,0,0,0,0
2055,1,0,1,1,1,30,29,29,0,29,1,1,29,29,29,0,0,2,0,0,0
2055,1,0,1,1,1,35,48,48,0,48,0,0,48,48,47,0,0,0,0,0,0
2055,1,0,1,1,1,40,67,67,0,67,0,0,67,66,65,0,0,0,0,0,0
2055,1,0,1,1,1,45,86,86,0,86,0,0,86,86,80,0,0,1,0,0,0
2055,1,0,1,1,1,50,81,81,0,81,1,0,81,81,72,0,0,0,0,0,0
2055,1,0,1,1,1,55,94,94,0,94,0,0,94,94,81,0,0,0,0,0,0
2055,1,0,1,1,1,60,269,269,0,269,6,0,269,256,198,0,0,4,0,0,0
2055,1,0,1,1,1,100,0,0,0,0,0,0,0,0,0,0,0,0,0,0,0
2055,1,1,0,0,0,0,5859,0,0,0,5,0,404,1932,0,0,207,0,0,0,0
2055,1,1,0,0,0,5,5754,0,0,0,0,0,0,1935,0,0,0,0,0,0,0
2055,1,1,0,0,0,10,6056,0,0,0,2,0,121,2158,0,0,141,0,0,0,0
2055,1,1,0,0,0,15,5845,0,0,0,0,0,1358,3402,0,0,1056,0,0,0,0
2055,1,1,0,0,0,20,5432,0,0,0,2,0,2482,4541,0,0,1988,0,0,0,0
2055,1,1,0,0,0,25,4814,0,0,0,6,0,2881,4618,0,0,2359,0,0,0,0
2055,1,1,0,0,0,30,4514,0,0,0,0,0,2826,4467,0,0,2216,0,0,0,0
2055,1,1,0,0,0,35,3838,0,0,0,2,0,2416,3833,0,0,1830,0,0,0,0
2055,1,1,0,0,0,40,3441,0,0,0,7,0,2199,3434,0,0,1673,0,0,0,0
2055,1,1,0,0,0,45,2832,0,0,0,4,0,1777,2830,0,0,1282,0,0,0,0
2055,1,1,0,0,0,50,2357,0,0,0,7,0,1441,2357,0,0,1037,0,0,0,0
2055,1,1,0,0,0,55,1945,0,0,0,9,0,1234,1945,0,0,902,0,0,0,0
2055,1,1,0,0,0,60,4124,0,0,0,66,0,2394,3934,0,0,1778,0,0,0,0
2055,1,1,0,0,0,100,5,0,0,0,2,0,0,0,0,0,0,0,0,0,0
2055,1,1,0,0,1,0,0,0,0,0,0,0,0,0,0,0,0,0,0,0,0
2055,1,1,0,0,1,5,0,0,0,0,0,0,0,0,0,0,0,0,0,0,0
2055,1,1,0,0,1,10,0,0,0,0,0,0,0,0,0,0,0,0,0,0,0
2055,1,1,0,0,1,15,0,0,0,0,0,0,0,0,0,0,0,0,0,0,0
2055,1,1,0,0,1,20,0,0,0,0,0,0,0,0,0,0,0,0,0,0,0
2055,1,1,0,0,1,25,0,0,0,0,0,0,0,0,0,0,0,0,0,0,0
2055,1,1,0,0,1,30,0,0,0,0,0,0,0,0,0,0,0,0,0,0,0
2055,1,1,0,0,1,35,0,0,0,0,0,0,0,0,0,0,0,0,0,0,0
2055,1,1,0,0,1,40,0,0,0,0,0,0,0,0,0,0,0,0,0,0,0
2055,1,1,0,0,1,45,0,0,0,0,0,0,0,0,0,0,0,0,0,0,0
2055,1,1,0,0,1,50,0,0,0,0,0,0,0,0,0,0,0,0,0,0,0
2055,1,1,0,0,1,55,0,0,0,0,0,0,0,0,0,0,0,0,0,0,0
2055,1,1,0,0,1,60,0,0,0,0,0,0,0,0,0,0,0,0,0,0,0
2055,1,1,0,0,1,100,0,0,0,0,0,0,0,0,0,0,0,0,0,0,0
2055,1,1,0,1,0,0,6,6,2,0,2,2,1,4,4,2,0,0,0,0,0
2055,1,1,0,1,0,5,6,6,0,0,0,0,0,1,1,1,0,0,0,0,0
2055,1,1,0,1,0,10,15,15,5,0,1,1,2,5,4,3,0,1,0,0,0
2055,1,1,0,1,0,15,87,87,29,0,2,2,21,53,14,13,0,17,0,0,0
2055,1,1,0,1,0,20,192,192,53,0,1,1,45,145,63,41,0,23,0,0,0
2055,1,1,0,1,0,25,200,200,35,0,2,1,63,181,99,43,0,22,0,0,0
2055,1,1,0,1,0,30,206,206,35,0,0,0,47,196,103,39,0,8,0,0,0
2055,1,1,0,1,0,35,184,184,34,0,3,3,42,176,86,21,0,6,0,0,0
2055,1,1,0,1,0,40,145,145,18,0,1,1,24,142,85,12,0,6,0,0,0
2055,1,1,0,1,0,45,186,186,18,0,1,1,26,184,105,14,0,8,0,0,0
2055,1,1,0,1,0,50,202,202,11,0,3,2,13,196,143,22,0,10,0,0,0
2055,1,1,0,1,0,55,171,171,2,0,3,3,13,161,118,16,0,1,0,0,0
2055,1,1,0,1,0,60,616,616,19,0,30,16,56,567,433,52,0,13,0,0,0
2055,1,1,0,1,0,100,2,2,0,0,0,0,0,0,0,0,0,0,0,0,0
2055,1,1,0,1,1,0,8,8,0,8,0,0,8,8,8,0,0,0,0,0,0
2055,1,1,0,1,1,5,13,13,0,13,0,0,13,13,13,0,0,0,0,0,0
2055,1,1,0,1,1,10,4,4,0,4,0,0,4,4,4,0,0,0,0,0,0
2055,1,1,0,1,1,15,68,68,0,68,0,0,68,45,36,0,0,0,0,0,0
2055,1,1,0,1,1,20,340,340,0,340,0,0,340,289,216,0,0,5,0,0,0
2055,1,1,0,1,1,25,702,702,0,702,0,0,702,640,495,0,0,7,0,0,0
2055,1,1,0,1,1,30,1051,1051,0,1051,1,1,1051,986,758,0,0,10,0,0,0
2055,1,1,0,1,1,35,1431,1431,0,1431,4,2,1431,1356,950,0,0,14,0,0,0
2055,1,1,0,1,1,40,1725,1725,0,1725,3,1,1725,1674,1176,0,0,8,0,0,0
2055,1,1,0,1,1,45,1724,1724,0,1724,5,0,1724,1666,1207,0,0,17,0,0,0
2055,1,1,0,1,1,50,1760,1760,0,1760,12,6,1760,1678,1253,0,0,5,0,0,0
2055,1,1,0,1,1,55,1771,1771,0,1771,6,1,1771,1711,1289,0,0,8,0,0,0
2055,1,1,0,1,1,60,5566,5566,0,5566,93,9,5566,5153,4137,0,0,4,0,0,0
2055,1,1,0,1,1,100,3,3,0,3,0,0,3,3,3,0,0,0,0,0,0
2055.5,1,0,0,0,0,0,5557,0,0,0,17,0,402,1813,0,0,203,0,0,0,0
2055.5,1,0,0,0,0,5,5771,0,0,0,3,0,0,1942,0,0,0,0,0,0,2
2055.5,1,0,0,0,0,10,6092,0,0,0,3,0,1,2117,0,0,0,0,0,0,5
2055.5,1,0,0,0,0,15,5629,0,0,0,3,0,431,2222,0,0,407,0,0,0,17
2055.5,1,0,0,0,0,20,5305,0,0,0,3,0,2117,3739,0,0,1659,0,0,0,27
2055.5,1,0,0,0,0,25,4725,0,0,0,1,0,2567,4144,0,0,1971,0,0,0,17
2055.5,1,0,0,0,0,30,4363,0,0,0,5,0,2621,4178,0,0,1998,0,0,0,0
2055.5,1,0,0,0,0,35,4082,0,0,0,7,0,2598,4012,0,0,1974,0,0,0,0
2055.5,1,0,0,0,0,40,3554,0,0,0,4,0,2211,3532,0,0,1631,0,0,0,0
2055.5,1,0,0,0,0,45,2919,0,0,0,13,0,1837,2909,0,0,1438,0,0,0,0
2055.5,1,0,0,0,0,50,2358,0,0,0,10,0,1478,2357,0,0,1133,0,0,0,0
2055.5,1,0,0,0,0,55,1841,0,0,0,21,0,1122,1841,0,0,844,0,0,0,0
2055.5,1,0,0,0,0,60,3244,0,0,0,75,0,2027,3167,0,0,1555,0,0,0,0
2055.5,1,0,0,0,0,100,0,0,0,0,0,0,0,0,0,0,0,0,0,0,0
2055.5,1,0,0,0,1,0,0,0,0,0,0,0,0,0,0,0,0,0,0,0,0
2055.5,1,0,0,0,1,5,0,0,0,0,0,0,0,0,0,0,0,0,0,0,0
2055.5,1,0,0,0,1,10,0,0,0,0,0,0,0,0,0,0,0,0,0,0,0
2055.5,1,0,0,0,1,15,0,0,0,0,0,0,0,0,0,0,0,0,0,0,0
2055.5,1,0,0,0,1,20,0,0,0,0,0,0,0,0,0,0,0,0,0,0,0
2055.5,1,0,0,0,1,25,0,0,0,0,0,0,0,0,0,0,0,0,0,0,0
2055.5,1,0,0,0,1,30,0,0,0,0,0,0,0,0,0,0,0,0,0,0,0
2055.5,1,0,0,0,1,35,0,0,0,0,0,0,0,0,0,0,0,0,0,0,0
2055.5,1,0,0,0,1,40,0,0,0,0,0,0,0,0,0,0,0,0,0,0,0
2055.5,1,0,0,0,1,45,0,0,0,0,0,0,0,0,0,0,0,0,0,0,0
2055.5,1,0,0,0,1,50,0,0,0,0,0,0,0,0,0,0,0,0,0,0,0
2055.5,1,0,0,0,1,55,0,0,0,0,0,0,0,0,0,0,0,0,0,0,0
2055.5,1,0,0,0,1,60,0,0,0,0,0,0,0,0,0,0,0,0,0,0,0
2055.5,1,0,0,0,1,100,0,0,0,0,0,0,0,0,0,0,0,0,0,0,0
2055.5,1,0,0,1,0,0,22,22,4,0,1,1,0,1,1,0,0,0,0,0,0
2055.5,1,0,0,1,0,5,13,13,0,0,0,0,0,1,1,0,0,0,0,0,0
2055.5,1,0,0,1,0,10,13,13,0,0,0,0,0,2,2,0,0,0,0,0,0
2055.5,1,0,0,1,0,15,14,14,4,0,0,0,2,7,4,1,0,2,0,0,0
2055.5,1,0,0,1,0,20,61,61,17,0,0,0,9,41,10,8,0,10,0,0,0
2055.5,1,0,0,1,0,25,138,138,28,0,2,2,34,111,58,21,0,40,0,0,0
2055.5,1,0,0,1,0,30,164,164,24,0,2,2,30,149,95,29,0,34,0,0,0
2055.5,1,0,0,1,0,35,201,201,21,0,2,1,36,200,149,39,0,21,0,0,0
2055.5,1,0,0,1,0,40,223,223,31,0,4,4,58,223,163,41,0,16,0,0,0
2055.5,1,0,0,1,0,45,155,155,25,0,2,1,27,154,105,19,0,12,0,0,0
2055.5,1,0,0,1,0,50,131,131,14,0,4,2,29,131,98,21,0,6,0,0,0
2055.5,1,0,0,1,0,55,92,92,10,0,2,1,12,92,62,8,0,3,0,0,0
2055.5,1,0,0,1,0,60,291,291,23,0,13,7,38,279,205,26,0,14,0,0,0
2055.5,1,0,0,1,0,100,0,0,0,0,0,0,0,0,0,0,0,0,0,0,0
2055.5,1,0,0,1,1,0,7,7,0,7,0,0,7,7,7,0,0,0,0,0,0
2055.5,1,0,0,1,1,5,6,6,0,6,0,0,6,6,6,0,0,0,0,0,0
2055.5,1,0,0,1,1,10,6,6,0,6,1,1,6,6,6,0,0,0,0,0,0
2055.5,1,0,0,1,1,15,9,9,0,9,0,0,9,9,9,0,0,0,0,0,0
2055.5,1,0,0,1,1,20,45,45,0,45,1,1,45,42,41,0,0,1,0,0,1
2055.5,1,0,0,1,1,25,162,162,0,162,1,0,162,159,156,0,0,2,0,0,1
2055.5,1,0,0,1,1,30,336,336,0,336,0,0,336,335,329,0,0,14,0,0,1
2055.5,1,0,0,1,1,35,535,535,0,535,2,1,535,532,523,0,0,10,0,0,0
2055.5,1,0,0,1,1,40,695,695,0,695,3,3,695,688,662,0,0,27,0,0,0
2055.5,1,0,0,1,1,45,876,876,0,876,8,4,876,871,795,0,0,12,0,0,0
2055.5,1,0,0,1,1,50,920,920,0,920,9,5,920,915,806,0,0,10,0,0,0
2055.5,1,0,0,1,1,55,962,962,0,962,14,5,962,954,802,0,0,4,0,0,0
2055.5,1,0,0,1,1,60,2910,2910,0,2910,87,8,2910,2753,2248,0,0,19,0,0,0
2055.5,1,0,0,1,1,100,0,0,0,0,0,0,0,0,0,0,0,0,0,0,0
2055.5,1,0,1,0,0,0,0,0,0,0,0,0,0,0,0,0,0,0,0,0,0
2055.5,1,0,1,0,0,5,3,0,0,0,0,0,0,2,0,0,0,0,0,0,0
2055.5,1,0,1,0,0,10,19,0,0,0,0,0,0,7,0,0,0,0,0,0,0
2055.5,1,0,1,0,0,15,149,0,0,0,0,0,20,65,0,0,17,0,0,0,0
2055.5,1,0,1,0,0,20,377,0,0,0,0,0,150,276,0,0,122,0,0,0,0
2055.5,1,0,1,0,0,25,590,0,0,0,1,0,330,527,0,0,247,0,0,0,0
2055.5,1,0,1,0,0,30,668,0,0,0,3,0,418,640,0,0,313,0,0,0,0
2055.5,1,0,1,0,0,35,614,0,0,0,0,0,368,601,0,0,302,0,0,0,0
2055.5,1,0,1,0,0,40,541,0,0,0,1,0,313,534,0,0,236,0,0,0,0
2055.5,1,0,1,0,0,45,464,0,0,0,0,0,286,463,0,0,226,0,0,0,0
2055.5,1,0,1,0,0,50,385,0,0,0,1,0,239,384,0,0,181,0,0,0,0
2055.5,1,0,1,0,0,55,303,0,0,0,3,0,198,303,0,0,157,0,0,0,0
2055.5,1,0,1,0,0,60,597,0,0,0,19,0,368,584,0,0,283,0,0,0,0
2055.5,1,0,1,0,0,100,0,0,0,0,0,0,0,0,0,0,0,0,0,0,0
2055.5,1,0,1,0,1,0,0,0,0,0,0,0,0,0,0,0,0,0,0,0,0
2055.5,1,0,1,0,1,5,0,0,0,0,0,0,0,0,0,0,0,0,0,0,0
2055.5,1,0,1,0,1,10,0,0,0,0,0,0,0,0,0,0,0,0,0,0,0
2055.5,1,0,1,0,1,15,0,0,0,0,0,0,0,0,0,0,0,0,0,0,0
2055.5,1,0,1,0,1,20,0,0,0,0,0,0,0,0,0,0,0,0,0,0,0
2055.5,1,0,1,0,1,25,0,0,0,0,0,0,0,0,0,0,0,0,0,0,0
2055.5,1,0,1,0,1,30,0,0,0,0,0,0,0,0,0,0,0,0,0,0,0
2055.5,1,0,1,0,1,35,0,0,0,0,0,0,0,0,0,0,0,0,0,0,0
2055.5,1,0,1,0,1,40,0,0,0,0,0,0,0,0,0,0,0,0,0,0,0
2055.5,1,0,1,0,1,45,0,0,0,0,0,0,0,0,0,0,0,0,0,0,0
2055.5,1,0,1,0,1,50,0,0,0,0,0,0,0,0,0,0,0,0,0,0,0
2055.5,1,0,1,0,1,55,0,0,0,0,0,0,0,0,0,0,0,0,0,0,0
2055.5,1,0,1,0,1,60,0,0,0,0,0,0,0,0,0,0,0,0,0,0,0
2055.5,1,0,1,0,1,100,0,0,0,0,0,0,0,0,0,0,0,0,0,0,0
2055.5,1,0,1,1,0,0,0,0,0,0,0,0,0,0,0,0,0,0,0,0,0
2055.5,1,0,1,1,0,5,0,0,0,0,0,0,0,0,0,0,0,0,0,0,0
2055.5,1,0,1,1,0,10,0,0,0,0,0,0,0,0,0,0,0,0,0,0,0
2055.5,1,0,1,1,0,15,1,1,0,0,0,0,0,0,0,1,0,2,0,0,0
2055.5,1,0,1,1,0,20,1,1,1,0,0,0,0,1,1,1,0,0,0,0,0
2055.5,1,0,1,1,0,25,17,17,1,0,0,0,2,11,6,3,0,3,0,0,0
2055.5,1,0,1,1,0,30,14,14,1,0,0,0,2,12,10,1,0,2,0,0,0
2055.5,1,0,1,1,0,35,16,16,1,0,1,1,4,16,10,4,0,0,0,0,0
2055.5,1,0,1,1,0,40,19,19,1,0,0,0,3,17,14,3,0,0,0,0,0
2055.5,1,0,1,1,0,45,15,15,2,0,0,0,4,15,11,4,0,2,0,0,0
2055.5,1,0,1,1,0,50,11,11,2,0,1,1,1,11,8,1,0,2,0,0,0
2055.5,1,0,1,1,0,55,9,9,2,0,0,0,2,9,5,0,0,0,0,0,0
2055.5,1,0,1,1,0,60,33,33,4,0,1,1,4,32,22,5,0,1,0,0,0
2055.5,1,0,1,1,0,100,0,0,0,0,0,0,0,0,0,0,0,0,0,0,0
2055.5,1,0,1,1,1,0,0,0,0,0,0,0,0,0,0,0,0,0,0,0,0
2055.5,1,0,1,1,1,5,0,0,0,0,0,0,0,0,0,0,0,0,0,0,0
2055.5,1,0,1,1,1,10,0,0,0,0,0,0,0,0,0,0,0,0,0,0,0
2055.5,1,0,1,1,1,15,1,1,0,1,0,0,1,1,1,0,0,0,0,0,0
2055.5,1,0,1,1,1,20,4,4,0,4,0,0,4,3,3,0,0,0,0,0,0
2055.5,1,0,1,1,1,25,20,20,0,20,0,0,20,20,18,0,0,1,0,0,0
2055.5,1,0,1,1,1,30,32,32,0,32,0,0,32,32,32,0,0,2,0,0,0
2055.5,1,0,1,1,1,35,47,47,0,47,1,1,47,47,45,0,0,2,0,0,0
2055.5,1,0,1,1,1,40,65,65,0,65,0,0,65,64,63,0,0,0,0,0,0
2055.5,1,0,1,1,1,45,85,85,0,85,1,0,85,85,81,0,0,0,0,0,0
2055.5,1,0,1,1,1,50,82,82,0,82,0,0,82,82,73,0,0,0,0,0,0
2055.5,1,0,1,1,1,55,93,93,0,93,1,0,93,93,78,0,0,0,0,0,0
2055.5,1,0,1,1,1,60,274,274,0,274,5,0,274,262,204,0,0,3,0,0,0
2055.5,1,0,1,1,1,100,0,0,0,0,0,0,0,0,0,0,0,0,0,0,0
2055.5,1,1,0,0,0,0,5826,0,0,0,20,0,406,1935,0,0,203,0,0,0,0
2055.5,1,1,0,0,0,5,5725,0,0,0,2,0,0,1919,0,0,0,0,0,0,0
2055.5,1,1,0,0,0,10,6117,0,0,0,0,0,103,2138,0,0,116,0,0,0,0
2055.5,1,1,0,0,0,15,5807,0,0,0,0,0,1382,3442,0,0,1134,0,0,0,0
2055.5,1,1,0,0,0,20,5436,0,0,0,1,0,2465,4530,0,0,1972,0,0,0,0
2055.5,1,1,0,0,0,25,4798,0,0,0,0,0,2879,4606,0,0,2268,0,0,0,0
2055.5,1,1,0,0,0,30,4502,0,0,0,1,0,2818,4455,0,0,2197,0,0,0,0
2055.5,1,1,0,0,0,35,3907,0,0,0,1,0,2424,3902,0,0,1890,0,0,0,0
2055.5,1,1,0,0,0,40,3478,0,0,0,6,0,2157,3471,0,0,1619,0,0,0,0
2055.5,1,1,0,0,0,45,2835,0,0,0,4,0,1756,2835,0,0,1322,0,0,0,0
2055.5,1,1,0,0,0,50,2390,0,0,0,5,0,1505,2390,0,0,1177,0,0,0,0
2055.5,1,1,0,0,0,55,1989,0,0,0,6,0,1273,1989,0,0,974,0,0,0,0
2055.5,1,1,0,0,0,60,4194,0,0,0,75,0,2423,4021,0,0,1796,0,0,0,0
2055.5,1,1,0,0,0,100,6,0,0,0,0,0,0,0,0,0,0,0,0,0,0
2055.5,1,1,0,0,1,0,0,0,0,0,0,0,0,0,0,0,0,0,0,0,0
2055.5,1,1,0,0,1,5,0,0,0,0,0,0,0,0,0,0,0,0,0,0,0
2055.5,1,1,0,0,1,10,0,0,0,0,0,0,0,0,0,0,0,0,0,0,0
2055.5,1,1,0,0,1,15,0,0,0,0,0,0,0,0,0,0,0,0,0,0,0
2055.5,1,1,0,0,1,20,0,0,0,0,0,0,0,0,0,0,0,0,0,0,0
2055.5,1,1,0,0,1,25,0,0,0,0,0,0,0,0,0,0,0,0,0,0,0
2055.5,1,1,0,0,1,30,0,0,0,0,0,0,0,0,0,0,0,0,0,0,0
2055.5,1,1,0,0,1,35,0,0,0,0,0,0,0,0,0,0,0,0,0,0,0
2055.5,1,1,0,0,1,40,0,0,0,0,0,0,0,0,0,0,0,0,0,0,0
2055.5,1,1,0,0,1,45,0,0,0,0,0,0,0,0,0,0,0,0,0,0,0
2055.5,1,1,0,0,1,50,0,0,0,0,0,0,0,0,0,0,0,0,0,0,0
2055.5,1,1,0,0,1,55,0,0,0,0,0,0,0,0,0,0,0,0,0,0,0
2055.5,1,1,0,0,1,60,0,0,0,0,0,0,0,0,0,0,0,0,0,0,0
2055.5,1,1,0,0,1,100,0,0,0,0,0,0,0,0,0,0,0,0,0,0,0
2055.5,1,1,0,1,0,0,9,9,5,0,1,1,2,5,5,4,0,0,0,0,0
2055.5,1,1,0,1,0,5,7,7,0,0,0,0,0,2,2,0,0,0,0,0,0
2055.5,1,1,0,1,0,10,11,11,2,0,2,2,0,3,2,0,0,0,0,0,0
2055.5,1,1,0,1,0,15,94,94,39,0,0,0,19,55,9,9,0,25,0,0,0
2055.5,1,1,0,1,0,20,183,183,45,0,0,0,53,143,67,49,0,23,0,0,0
2055.5,1,1,0,1,0,25,186,186,34,0,1,1,50,169,84,30,0,21,0,0,0
2055.5,1,1,0,1,0,30,223,223,42,0,1,1,58,208,113,41,0,15,0,0,0
2055.5,1,1,0,1,0,35,195,195,37,0,0,0,35,189,91,19,0,10,0,0,0
2055.5,1,1,0,1,0,40,147,147,19,0,1,1,25,147,90,11,0,3,0,0,0
2055.5,1,1,0,1,0,45,176,176,12,0,2,1,30,173,120,35,0,6,0,0,0
2055.5,1,1,0,1,0,50,212,212,12,0,3,2,16,204,142,16,0,13,0,0,0
2055.5,1,1,0,1,0,55,181,181,12,0,4,4,14,168,119,16,0,4,0,0,0
2055.5,1,1,0,1,0,60,621,621,23,0,24,11,66,571,430,58,0,10,0,0,0
2055.5,1,1,0,1,0,100,1,1,0,0,1,0,0,0,0,0,0,0,0,0,0
2055.5,1,1,0,1,1,0,10,10,0,10,0,0,10,10,10,0,0,0,0,0,0
2055.5,1,1,0,1,1,5,11,11,0,11,0,0,11,11,11,0,0,0,0,0,0
2055.5,1,1,0,1,1,10,6,6,0,6,0,0,6,6,6,0,0,0,0,0,0
2055.5,1,1,0,1,1,15,72,72,0,72,1,1,72,49,40,0,0,0,0,0,0
2055.5,1,1,0,1,1,20,369,369,0,369,0,0,369,307,235,0,0,5,0,0,0
2055.5,1,1,0,1,1,25,687,687,0,687,1,1,687,629,483,0,0,6,0,0,0
2055.5,1,1,0,1,1,30,1026,1026,0,1026,2,1,1026,961,737,0,0,8,0,0,0
2055.5,1,1,0,1,1,35,1412,1412,0,1412,2,1,1412,1340,944,0,0,8,0,0,0
2055.5,1,1,0,1,1,40,1740,1740,0,1740,0,0,1740,1676,1169,0,0,12,0,0,0
2055.5,1,1,0,1,1,45,1757,1757,0,1757,5,3,1757,1702,1217,0,0,19,0,0,0
2055.5,1,1,0,1,1,50,1724,1724,0,1724,7,4,1724,1647,1247,0,0,7,0,0,0
2055.5,1,1,0,1,1,55,1761,1761,0,1761,8,4,1761,1707,1286,0,0,5,0,0,0
2055.5,1,1,0,1,1,60,5680,5680,0,5680,100,6,5680,5278,4229,0,0,12,0,0,0
2055.5,1,1,0,1,1,100,3,3,0,3,0,0,3,2,2,0,0,0,0,0,0
2056,1,0,0,0,0,0,5550,0,0,0,15,0,400,1836,0,0,200,0,0,0,0
2056,1,0,0,0,0,5,5742,0,0,0,1,0,0,1911,0,0,0,0,0,0,2
2056,1,0,0,0,0,10,6055,0,0,0,0,0,0,2087,0,0,0,0,0,0,1
2056,1,0,0,0,0,15,5660,0,0,0,4,0,461,2278,0,0,452,0,0,0,10
2056,1,0,0,0,0,20,5342,0,0,0,2,0,2102,3785,0,0,1684,0,0,0,31
2056,1,0,0,0,0,25,4730,0,0,0,4,0,2552,4149,0,0,1951,0,0,0,16
2056,1,0,0,0,0,30,4376,0,0,0,5,0,2640,4200,0,0,1980,0,0,0,0
2056,1,0,0,0,0,35,4085,0,0,0,3,0,2549,4008,0,0,1928,0,0,0,0
2056,1,0,0,0,0,40,3554,0,0,0,5,0,2182,3533,0,0,1641,0,0,0,0
2056,1,0,0,0,0,45,2977,0,0,0,4,0,1880,2968,0,0,1409,0,0,0,0
2056,1,0,0,0,0,50,2351,0,0,0,6,0,1505,2350,0,0,1122,0,0,0,0
2056,1,0,0,0,0,55,1874,0,0,0,14,0,1171,1874,0,0,896,0,0,0,0
2056,1,0,0,0,0,60,3319,0,0,0,80,0,2093,3254,0,0,1544,0,0,0,0
2056,1,0,0,0,0,100,0,0,0,0,0,0,0,0,0,0,0,0,0,0,0
2056,1,0,0,0,1,0,0,0,0,0,0,0,0,0,0,0,0,0,0,0,0
2056,1,0,0,0,1,5,0,0,0,0,0,0,0,0,0,0,0,0,0,0,0
2056,1,0,0,0,1,10,0,0,0,0,0,0,0,0,0,0,0,0,0,0,0
2056,1,0,0,0,1,15,0,0,0,0,0,0,0,0,0,0,0,0,0,0,0
2056,1,0,0,0,1,20,0,0,0,0,0,0,0,0,0,0,0,0,0,0,0
2056,1,0,0,0,1,25,0,0,0,0,0,0,0,0,0,0,0,0,0,0,0
2056,1,0,0,0,1,30,0,0,0,0,0,0,0,0,0,0,0,0,0,0,0
2056,1,0,0,0,1,35,0,0,0,0,0,0,0,0,0,0,0,0,0,0,0
2056,1,0,0,0,1,40,0,0,0,0,0,0,0,0,0,0,0,0,0,0,0
2056,1,0,0,0,1,45,0,0,0,0,0,0,0,0,0,0,0,0,0,0,0
2056,1,0,0,0,1,50,0,0,0,0,0,0,0,0,0,0,0,0,0,0,0
2056,1,0,0,0,1,55,0,0,0,0,0,0,0,0,0,0,0,0,0,0,0
2056,1,0,0,0,1,60,0,0,0,0,0,0,0,0,0,0,0,0,0,0,0
2056,1,0,0,0,1,100,0,0,0,0,0,0,0,0,0,0,0,0,0,0,0
2056,1,0,0,1,0,0,21,21,7,0,2,2,1,2,2,3,0,0,0,0,0
2056,1,0,0,1,0,5,13,13,0,0,0,0,0,1,1,0,0,0,0,0,0
2056,1,0,0,1,0,10,14,14,0,0,0,0,0,2,2,0,0,0,0,0,0
2056,1,0,0,1,0,15,14,14,4,0,0,0,1,7,3,1,0,4,0,0,0
2056,1,0,0,1,0,20,59,59,13,0,1,1,9,42,16,11,0,10,0,0,1
2056,1,0,0,1,0,25,151,151,26,0,2,1,30,119,61,22,0,34,0,0,0
2056,1,0,0,1,0,30,161,161,22,0,0,0,35,147,94,31,0,23,0,0,0
2056,1,0,0,1,0,35,211,211,26,0,2,2,43,208,153,32,0,17,0,0,0
2056,1,0,0,1,0,40,232,232,24,0,5,5,53,232,173,38,0,28,0,0,0
2056,1,0,0,1,0,45,137,137,21,0,6,4,27,136,98,22,0,13,0,0,0
2056,1,0,0,1,0,50,116,116,15,0,1,1,20,116,86,13,0,9,0,0,0
2056,1,0,0,1,0,55,93,93,11,0,2,1,19,92,63,10,0,4,0,0,0
2056,1,0,0,1,0,60,276,276,22,0,18,2,43,266,202,36,0,10,0,0,0
2056,1,0,0,1,0,100,0,0,0,0,0,0,0,0,0,0,0,0,0,0,0
2056,1,0,0,1,1,0,6,6,0,6,0,0,6,6,6,0,0,0,0,0,0
2056,1,0,0,1,1,5,7,7,0,7,0,0,7,7,7,0,0,0,0,0,0
2056,1,0,0,1,1,10,2,2,0,2,0,0,2,2,2,0,0,0,0,0,0
2056,1,0,0,1,1,15,10,10,0,10,0,0,10,10,10,0,0,0,0,0,0
2056,1,0,0,1,1,20,41,41,0,41,0,0,41,39,38,0,0,3,0,0,0
2056,1,0,0,1,1,25,158,158,0,158,0,0,158,154,151,0,0,0,0,0,1
2056,1,0,0,1,1,30,336,336,0,336,1,1,336,335,330,0,0,9,0,0,1
2056,1,0,0,1,1,35,519,519,0,519,3,3,519,516,503,0,0,10,0,0,0
2056,1,0,0,1,1,40,693,693,0,693,3,3,693,687,661,0,0,16,0,0,0
2056,1,0,0,1,1,45,891,891,0,891,8,2,891,885,807,0,0,18,0,0,0
2056,1,0,0,1,1,50,949,949,0,949,7,2,949,945,829,0,0,13,0,0,0
2056,1,0,0,1,1,55,952,952,0,952,8,2,952,945,795,0,0,7,0,0,0
2056,1,0,0,1,1,60,2936,2936,0,2936,95,9,2936,2795,2279,0,0,15,0,0,0
2056,1,0,0,1,1,100,0,0,0,0,0,0,0,0,0,0,0,0,0,0,0
2056,1,0,1,0,0,0,0,0,0,0,0,0,0,0,0,0,0,0,0,0,0
2056,1,0,1,0,0,5,4,0,0,0,0,0,0,1,0,0,0,0,0,0,0
2056,1,0,1,0,0,10,19,0,0,0,0,0,0,6,0,0,0,0,0,0,0
2056,1,0,1,0,0,15,132,0,0,0,1,0,14,56,0,0,11,0,0,0,0
2056,1,0,1,0,0,20,389,0,0,0,1,0,149,279,0,0,137,0,0,0,0
2056,1,0,1,0,0,25,582,0,0,0,1,0,336,525,0,0,232,0,0,0,0
2056,1,0,1,0,0,30,678,0,0,0,1,0,416,647,0,0,318,0,0,0,0
2056,1,0,1,0,0,35,604,0,0,0,1,0,378,592,0,0,272,0,0,0,0
2056,1,0,1,0,0,40,546,0,0,0,2,0,330,539,0,0,230,0,0,0,0
2056,1,0,1,0,0,45,478,0,0,0,2,0,312,477,0,0,237,0,0,0,0
2056,1,0,1,0,0,50,377,0,0,0,2,0,246,377,0,0,182,0,0,0,0
2056,1,0,1,0,0,55,301,0,0,0,4,0,187,300,0,0,134,0,0,0,0
2056,1,0,1,0,0,60,604,0,0,0,22,0,389,595,0,0,282,0,0,0,0
2056,1,0,1,0,0,100,1,0,0,0,0,0,0,0,0,0,0,0,0,0,0
2056,1,0,1,0,1,0,0,0,0,0,0,0,0,0,0,0,0,0,0,0,0
2056,1,0,1,0,1,5,0,0,0,0,0,0,0,0,0,0,0,0,0,0,0
2056,1,0,1,0,1,10,0,0,0,0,0,0,0,0,0,0,0,0,0,0,0
2056,1,0,1,0,1,15,0,0,0,0,0,0,0,0,0,0,0,0,0,0,0
2056,1,0,1,0,1,20,0,0,0,0,0,0,0,0,0,0,0,0,0,0,0
2056,1,0,1,0,1,25,0,0,0,0,0,0,0,0,0,0,0,0,0,0,0
2056,1,0,1,0,1,30,0,0,0,0,0,0,0,0,0,0,0,0,0,0,0
2056,1,0,1,0,1,35,0,0,0,0,0,0,0,0,0,0,0,0,0,0,0
2056,1,0,1,0,1,40,0,0,0,0,0,0,0,0,0,0,0,0,0,0,0
2056,1,0,1,0,1,45,0,0,0,0,0,0,0,0,0,0,0,0,0,0,0
2056,1,0,1,0,1,50,0,0,0,0,0,0,0,0,0,0,0,0,0,0,0
2056,1,0,1,0,1,55,0,0,0,0,0,0,0,0,0,0,0,0,0,0,0
2056,1,0,1,0,1,60,0,0,0,0,0,0,0,0,0,0,0,0,0,0,0
2056,1,0,1,0,1,100,0,0,0,0,0,0,0,0,0,0,0,0,0,0,0
2056,1,0,1,1,0,0,0,0,0,0,0,0,0,0,0,0,0,0,0,0,0
2056,1,0,1,1,0,5,0,0,0,0,0,0,0,0,0,0,0,0,0,0,0
2056,1,0,1,1,0,10,0,0,0,0,0,0,0,0,0,0,0,0,0,0,0
2056,1,0,1,1,0,15,1,1,0,0,0,0,0,0,0,0,0,0,0,0,0
2056,1,0,1,1,0,20,2,2,0,0,0,0,0,1,1,0,0,1,0,0,0
2056,1,0,1,1,0,25,12,12,3,0,0,0,2,8,6,5,0,2,0,0,0
2056,1,0,1,1,0,30,19,19,2,0,0,0,4,17,11,2,0,3,0,0,0
2056,1,0,1,1,0,35,14,14,3,0,1,1,2,14,10,3,0,4,0,0,0
2056,1,0,1,1,0,40,21,21,2,0,1,1,1,19,13,1,0,2,0,0,0
2056,1,0,1,1,0,45,10,10,1,0,0,0,4,10,9,3,0,0,0,0,0
2056,1,0,1,1,0,50,6,6,1,0,0,0,1,6,5,3,0,0,0,0,0
2056,1,0,1,1,0,55,12,12,1,0,0,0,1,12,9,2,0,0,0,0,0
2056,1,0,1,1,0,60,32,32,6,0,2,0,7,30,20,4,0,2,0,0,0
2056,1,0,1,1,0,100,0,0,0,0,0,0,0,0,0,0,0,0,0,0,0
2056,1,0,1,1,1,0,0,0,0,0,0,0,0,0,0,0,0,0,0,0,0
2056,1,0,1,1,1,5,0,0,0,0,0,0,0,0,0,0,0,0,0,0,0
2056,1,0,1,1,1,10,0,0,0,0,0,0,0,0,0,0,0,0,0,0,0
2056,1,0,1,1,1,15,0,0,0,0,0,0,0,0,0,0,0,0,0,0,0
2056,1,0,1,1,1,20,5,5,0,5,0,0,5,4,4,0,0,1,0,0,0
2056,1,0,1,1,1,25,24,24,0,24,0,0,24,24,23,0,0,0,0,0,0
2056,1,0,1,1,1,30,30,30,0,30,0,0,30,30,29,0,0,0,0,0,0
2056,1,0,1,1,1,35,48,48,0,48,0,0,48,48,46,0,0,1,0,0,0
2056,1,0,1,1,1,40,61,61,0,61,0,0,61,61,60,0,0,1,0,0,0
2056,1,0,1,1,1,45,89,89,0,89,0,0,89,88,83,0,0,1,0,0,0
2056,1,0,1,1,1,50,88,88,0,88,1,0,88,88,77,0,0,0,0,0,0
2056,1,0,1,1,1,55,95,95,0,95,1,0,95,95,79,0,0,0,0,0,0
2056,1,0,1,1,1,60,282,282,0,282,6,0,282,271,210,0,0,4,0,0,0
2056,1,0,1,1,1,100,0,0,0,0,0,0,0,0,0,0,0,0,0,0,0
2056,1,1,0,0,0,0,5790,0,0,0,8,0,380,1876,0,0,181,0,0,0,0
2056,1,1,0,0,0,5,5784,0,0,0,0,0,0,1961,0,0,0,0,0,0,0
2056,1,1,0,0,0,10,6114,0,0,0,0,0,98,2134,0,0,118,0,0,0,0
2056,1,1,0,0,0,15,5746,0,0,0,0,0,1351,3379,0,0,1100,0,0,0,0
2056,1,1,0,0,0,20,5465,0,0,0,1,0,2498,4553,0,0,1971,0,0,0,0
2056,1,1,0,0,0,25,4809,0,0,0,1,0,2919,4619,0,0,2411,0,0,0,0
2056,1,1,0,0,0,30,4513,0,0,0,4,0,2804,4469,0,0,2235,0,0,0,0
2056,1,1,0,0,0,35,3952,0,0,0,0,0,2513,3947,0,0,2007,0,0,0,0
2056,1,1,0,0,0,40,3494,0,0,0,0,0,2184,3487,0,0,1674,0,0,0,0
2056,1,1,0,0,0,45,2885,0,0,0,5,0,1823,2885,0,0,1354,0,0,0,0
2056,1,1,0,0,0,50,2413,0,0,0,3,0,1547,2413,0,0,1151,0,0,0,0
2056,1,1,0,0,0,55,1990,0,0,0,11,0,1257,1990,0,0,928,0,0,0,0
2056,1,1,0,0,0,60,4294,0,0,0,63,0,2505,4130,0,0,1924,0,0,0,0
2056,1,1,0,0,0,100,7,0,0,0,0,0,0,0,0,0,0,0,0,0,0
2056,1,1,0,0,1,0,0,0,0,0,0,0,0,0,0,0,0,0,0,0,0
2056,1,1,0,0,1,5,0,0,0,0,0,0,0,0,0,0,0,0,0,0,0
2056,1,1,0,0,1,10,0,0,0,0,0,0,0,0,0,0,0,0,0,0,0
2056,1,1,0,0,1,15,0,0,0,0,0,0,0,0,0,0,0,0,0,0,0
2056,1,1,0,0,1,20,0,0,0,0,0,0,0,0,0,0,0,0,0,0,0
2056,1,1,0,0,1,25,0,0,0,0,0,0,0,0,0,0,0,0,0,0,0
2056,1,1,0,0,1,30,0,0,0,0,0,0,0,0,0,0,0,0,0,0,0
2056,1,1,0,0,1,35,0,0,0,0,0,0,0,0,0,0,0,0,0,0,0
2056,1,1,0,0,1,40,0,0,0,0,0,0,0,0,0,0,0,0,0,0,0
2056,1,1,0,0,1,45,0,0,0,0,0,0,0,0,0,0,0,0,0,0,0
2056,1,1,0,0,1,50,0,0,0,0,0,0,0,0,0,0,0,0,0,0,0
2056,1,1,0,0,1,55,0,0,0,0,0,0,0,0,0,0,0,0,0,0,0
2056,1,1,0,0,1,60,0,0,0,0,0,0,0,0,0,0,0,0,0,0,0
2056,1,1,0,0,1,100,0,0,0,0,0,0,0,0,0,0,0,0,0,0,0
2056,1,1,0,1,0,0,11,11,6,0,1,1,2,5,5,3,0,0,0,0,0
2056,1,1,0,1,0,5,7,7,0,0,0,0,0,2,2,0,0,0,0,0,0
2056,1,1,0,1,0,10,14,14,7,0,1,1,2,5,4,2,0,3,0,0,0
2056,1,1,0,1,0,15,93,93,29,0,2,2,24,61,20,18,0,24,0,0,0
2056,1,1,0,1,0,20,192,192,44,0,1,1,36,145,59,30,0,24,0,0,0
2056,1,1,0,1,0,25,183,183,29,0,2,2,55,170,89,35,0,14,0,0,0
2056,1,1,0,1,0,30,220,220,40,0,1,1,56,208,107,32,0,5,0,0,0
2056,1,1,0,1,0,35,177,177,28,0,1,1,30,174,82,14,0,7,0,0,0
2056,1,1,0,1,0,40,156,156,25,0,0,0,24,155,87,10,0,10,0,0,0
2056,1,1,0,1,0,45,168,168,19,0,1,1,28,164,101,14,0,6,0,0,0
2056,1,1,0,1,0,50,207,207,9,0,1,1,20,202,146,13,0,5,0,0,0
2056,1,1,0,1,0,55,205,205,15,0,3,2,23,194,135,14,0,2,0,0,0
2056,1,1,0,1,0,60,632,632,20,0,24,17,49,597,463,53,0,8,0,0,0
2056,1,1,0,1,0,100,1,1,0,0,0,0,0,0,0,0,0,0,0,0,0
2056,1,1,0,1,1,0,12,12,0,12,0,0,12,12,12,0,0,0,0,0,0
2056,1,1,0,1,1,5,9,9,0,9,0,0,9,9,9,0,0,0,0,0,0
2056,1,1,0,1,1,10,7,7,0,7,0,0,7,7,7,0,0,0,0,0,0
2056,1,1,0,1,1,15,68,68,0,68,0,0,68,49,38,0,0,2,0,0,0
2056,1,1,0,1,1,20,370,370,0,370,1,0,370,306,235,0,0,6,0,0,0
2056,1,1,0,1,1,25,687,687,0,687,2,2,687,623,480,0,0,8,0,0,0
2056,1,1,0,1,1,30,1020,1020,0,1020,0,0,1020,954,732,0,0,7,0,0,0
2056,1,1,0,1,1,35,1446,1446,0,1446,2,0,1446,1370,967,0,0,10,0,0,0
2056,1,1,0,1,1,40,1727,1727,0,1727,1,0,1727,1664,1157,0,0,13,0,0,0
2056,1,1,0,1,1,45,1760,1760,0,1760,3,0,1760,1708,1211,0,0,16,0,0,0
2056,1,1,0,1,1,50,1745,1745,0,1745,4,1,1745,1665,1259,0,0,8,0,0,0
2056,1,1,0,1,1,55,1774,1774,0,1774,10,4,1774,1716,1283,0,0,11,0,0,0
2056,1,1,0,1,1,60,5717,5717,0,5717,100,16,5717,5316,4254,0,0,14,0,0,0
2056,1,1,0,1,1,100,3,3,0,3,0,0,3,2,2,0,0,0,0,0,0
2056.5,1,0,0,0,0,0,5540,0,0,0,21,0,379,1835,0,0,184,0,0,0,0
2056.5,1,0,0,0,0,5,5725,0,0,0,0,0,0,1887,0,0,0,0,0,0,2
2056.5,1,0,0,0,0,10,6051,0,0,0,4,0,1,2097,0,0,1,0,0,0,9
2056.5,1,0,0,0,0,15,5680,0,0,0,2,0,458,2283,0,0,426,0,0,0,15
2056.5,1,0,0,0,0,20,5342,0,0,0,4,0,2111,3809,0,0,1678,0,0,0,26
2056.5,1,0,0,0,0,25,4698,0,0,0,6,0,2560,4155,0,0,1958,0,0,0,12
2056.5,1,0,0,0,0,30,4409,0,0,0,6,0,2590,4217,0,0,1966,0,0,0,3
2056.5,1,0,0,0,0,35,4081,0,0,0,2,0,2487,4008,0,0,1848,0,0,0,0
2056.5,1,0,0,0,0,40,3580,0,0,0,16,0,2226,3559,0,0,1750,0,0,0,0
2056.5,1,0,0,0,0,45,2990,0,0,0,17,0,1853,2984,0,0,1407,0,0,0,0
2056.5,1,0,0,0,0,50,2393,0,0,0,17,0,1475,2390,0,0,1057,0,0,0,0
2056.5,1,0,0,0,0,55,1880,0,0,0,13,0,1195,1879,0,0,893,0,0,0,0
2056.5,1,0,0,0,0,60,3378,0,0,0,91,0,2087,3318,0,0,1565,0,0,0,0
2056.5,1,0,0,0,0,100,0,0,0,0,0,0,0,0,0,0,0,0,0,0,0
2056.5,1,0,0,0,1,0,0,0,0,0,0,0,0,0,0,0,0,0,0,0,0
2056.5,1,0,0,0,1,5,0,0,0,0,0,0,0,0,0,0,0,0,0,0,0
2056.5,1,0,0,0,1,10,0,0,0,0,0,0,0,0,0,0,0,0,0,0,0
2056.5,1,0,0,0,1,15,0,0,0,0,0,0,0,0,0,0,0,0,0,0,0
2056.5,1,0,0,0,1,20,0,0,0,0,0,0,0,0,0,0,0,0,0,0,0
2056.5,1,0,0,0,1,25,0,0,0,0,0,0,0,0,0,0,0,0,0,0,0
2056.5,1,0,0,0,1,30,0,0,0,0,0,0,0,0,0,0,0,0,0,0,0
2056.5,1,0,0,0,1,35,0,0,0,0,0,0,0,0,0,0,0,0,0,0,0
2056.5,1,0,0,0,1,40,0,0,0,0,0,0,0,0,0,0,0,0,0,0,0
2056.5,1,0,0,0,1,45,0,0,0,0,0,0,0,0,0,0,0,0,0,0,0
2056.5,1,0,0,0,1,50,0,0,0,0,0,0,0,0,0,0,0,0,0,0,0
2056.5,1,0,0,0,1,55,0,0,0,0,0,0,0,0,0,0,0,0,0,0,0
2056.5,1,0,0,0,1,60,0,0,0,0,0,0,0,0,0,0,0,0,0,0,0
2056.5,1,0,0,0,1,100,0,0,0,0,0,0,0,0,0,0,0,0,0,0,0
2056.5,1,0,0,1,0,0,22,22,3,0,5,5,1,3,3,2,0,0,0,0,0
2056.5,1,0,0,1,0,5,13,13,0,0,1,1,0,1,1,0,0,0,0,0,0
2056.5,1,0,0,1,0,10,12,12,0,0,2,2,0,1,1,0,0,0,0,0,0
2056.5,1,0,0,1,0,15,18,18,5,0,0,0,2,9,4,0,0,1,0,0,0
2056.5,1,0,0,1,0,20,63,63,16,0,1,0,12,40,16,13,0,11,0,0,0
2056.5,1,0,0,1,0,25,152,152,25,0,1,1,46,121,68,36,0,18,0,0,0
2056.5,1,0,0,1,0,30,171,171,27,0,2,2,31,158,93,22,0,31,0,0,1
2056.5,1,0,0,1,0,35,171,171,24,0,0,0,32,166,118,33,0,27,0,0,0
2056.5,1,0,0,1,0,40,219,219,15,0,6,6,45,219,172,37,0,23,0,0,0
2056.5,1,0,0,1,0,45,133,133,23,0,1,1,27,132,88,20,0,13,0,0,0
2056.5,1,0,0,1,0,50,113,113,15,0,4,1,16,113,84,11,0,4,0,0,0
2056.5,1,0,0,1,0,55,105,105,13,0,2,1,14,104,71,13,0,3,0,0,0
2056.5,1,0,0,1,0,60,285,285,16,0,15,7,30,274,205,21,0,2,0,0,0
2056.5,1,0,0,1,0,100,0,0,0,0,0,0,0,0,0,0,0,0,0,0,0
2056.5,1,0,0,1,1,0,6,6,0,6,0,0,6,6,6,0,0,0,0,0,0
2056.5,1,0,0,1,1,5,5,5,0,5,0,0,5,5,5,0,0,0,0,0,0
2056.5,1,0,0,1,1,10,4,4,0,4,0,0,4,4,4,0,0,0,0,0,0
2056.5,1,0,0,1,1,15,9,9,0,9,0,0,9,9,9,0,0,0,0,0,0
2056.5,1,0,0,1,1,20,38,38,0,38,0,0,38,37,36,0,0,1,0,0,0
2056.5,1,0,0,1,1,25,161,161,0,161,1,1,161,157,154,0,0,4,0,0,1
2056.5,1,0,0,1,1,30,337,337,0,337,0,0,337,335,330,0,0,8,0,0,0
2056.5,1,0,0,1,1,35,521,521,0,521,0,0,521,519,507,0,0,8,0,0,0
2056.5,1,0,0,1,1,40,716,716,0,716,8,6,716,709,679,0,0,24,0,0,0
2056.5,1,0,0,1,1,45,904,904,0,904,4,3,904,898,820,0,0,19,0,0,0
2056.5,1,0,0,1,1,50,944,944,0,944,10,7,944,941,833,0,0,5,0,0,0
2056.5,1,0,0,1,1,55,936,936,0,936,6,1,936,931,773,0,0,3,0,0,0
2056.5,1,0,0,1,1,60,2960,2960,0,2960,95,7,2960,2829,2322,0,0,13,0,0,0
2056.5,1,0,0,1,1,100,0,0,0,0,0,0,0,0,0,0,0,0,0,0,0
2056.5,1,0,1,0,0,0,0,0,0,0,0,0,0,0,0,0,0,0,0,0,0
2056.5,1,0,1,0,0,5,6,0,0,0,0,0,0,1,0,0,0,0,0,0,0
2056.5,1,0,1,0,0,10,24,0,0,0,0,0,0,9,0,0,0,0,0,0,0
2056.5,1,0,1,0,0,15,119,0,0,0,0,0,8,43,0,0,7,0,0,0,0
2056.5,1,0,1,0,0,20,396,0,0,0,1,0,161,284,0,0,127,0,0,0,0
2056.5,1,0,1,0,0,25,576,0,0,0,1,0,315,516,0,0,254,0,0,0,0
2056.5,1,0,1,0,0,30,683,0,0,0,1,0,417,655,0,0,318,0,0,0,0
2056.5,1,0,1,0,0,35,608,0,0,0,0,0,382,596,0,0,287,0,0,0,0
2056.5,1,0,1,0,0,40,543,0,0,0,1,0,323,538,0,0,251,0,0,0,0
2056.5,1,0,1,0,0,45,487,0,0,0,0,0,315,485,0,0,221,0,0,0,0
2056.5,1,0,1,0,0,50,390,0,0,0,1,0,243,390,0,0,183,0,0,0,0
2056.5,1,0,1,0,0,55,297,0,0,0,4,0,195,296,0,0,168,0,0,0,0
2056.5,1,0,1,0,0,60,615,0,0,0,16,0,398,607,0,0,297,0,0,0,0
2056.5,1,0,1,0,0,100,1,0,0,0,0,0,0,0,0,0,0,0,0,0,0
2056.5,1,0,1,0,1,0,0,0,0,0,0,0,0,0,0,0,0,0,0,0,0
2056.5,1,0,1,0,1,5,0,0,0,0,0,0,0,0,0,0,0,0,0,0,0
2056.5,1,0,1,0,1,10,0,0,0,0,0,0,0,0,0,0,0,0,0,0,0
2056.5,1,0,1,0,1,15,0,0,0,0,0,0,0,0,0,0,0,0,0,0,0
2056.5,1,0,1,0,1,20,0,0,0,0,0,0,0,0,0,0,0,0,0,0,0
2056.5,1,0,1,0,1,25,0,0,0,0,0,0,0,0,0,0,0,0,0,0,0
2056.5,1,0,1,0,1,30,0,0,0,0,0,0,0,0,0,0,0,0,0,0,0
2056.5,1,0,1,0,1,35,0,0,0,0,0,0,0,0,0,0,0,0,0,0,0
2056.5,1,0,1,0,1,40,0,0,0,0,0,0,0,0,0,0,0,0,0,0,0
2056.5,1,0,1,0,1,45,0,0,0,0,0,0,0,0,0,0,0,0,0,0,0
2056.5,1,0,1,0,1,50,0,0,0,0,0,0,0,0,0,0,0,0,0,0,0
2056.5,1,0,1,0,1,55,0,0,0,0,0,0,0,0,0,0,0,0,0,0,0
2056.5,1,0,1,0,1,60,0,0,0,0,0,0,0,0,0,0,0,0,0,0,0
2056.5,1,0,1,0,1,100,0,0,0,0,0,0,0,0,0,0,0,0,0,0,0
2056.5,1,0,1,1,0,0,0,0,0,0,0,0,0,0,0,0,0,0,0,0,0
2056.5,1,0,1,1,0,5,0,0,0,0,0,0,0,0,0,0,0,0,0,0,0
2056.5,1,0,1,1,0,10,0,0,0,0,0,0,0,0,0,0,0,0,0,0,0
2056.5,1,0,1,1,0,15,1,1,0,0,0,0,0,0,0,0,0,0,0,0,0
2056.5,1,0,1,1,0,20,4,4,1,0,0,0,0,2,2,0,0,0,0,0,0
2056.5,1,0,1,1,0,25,13,13,4,0,0,0,4,10,6,3,0,3,0,0,0
2056.5,1,0,1,1,0,30,19,19,1,0,0,0,3,18,14,4,0,4,0,0,0
2056.5,1,0,1,1,0,35,14,14,1,0,0,0,4,14,12,4,0,1,0,0,0
2056.5,1,0,1,1,0,40,23,23,1,0,0,0,2,21,17,4,0,2,0,0,0
2056.5,1,0,1,1,0,45,9,9,0,0,1,1,1,9,8,0,0,1,0,0,0
2056.5,1,0,1,1,0,50,11,11,2,0,0,0,1,11,8,0,0,1,0,0,0
2056.5,1,0,1,1,0,55,15,15,1,0,0,0,3,15,13,2,0,1,0,0,0
2056.5,1,0,1,1,0,60,26,26,3,0,2,1,5,25,18,6,0,1,0,0,0
2056.5,1,0,1,1,0,100,0,0,0,0,0,0,0,0,0,0,0,0,0,0,0
2056.5,1,0,1,1,1,0,0,0,0,0,0,0,0,0,0,0,0,0,0,0,0
2056.5,1,0,1,1,1,5,0,0,0,0,0,0,0,0,0,0,0,0,0,0,0
2056.5,1,0,1,1,1,10,0,0,0,0,0,0,0,0,0,0,0,0,0,0,0
2056.5,1,0,1,1,1,15,0,0,0,0,0,0,0,0,0,0,0,0,0,0,0
2056.5,1,0,1,1,1,20,3,3,0,3,1,1,3,2,2,0,0,0,0,0,0
2056.5,1,0,1,1,1,25,24,24,0,24,0,0,24,24,23,0,0,0,0,0,0
2056.5,1,0,1,1,1,30,30,30,0,30,0,0,30,30,29,0,0,1,0,0,0
2056.5,1,0,1,1,1,35,50,50,0,50,0,0,50,50,48,0,0,1,0,0,0
2056.5,1,0,1,1,1,40,60,60,0,60,0,0,60,60,60,0,0,0,0,0,0
2056.5,1,0,1,1,1,45,87,87,0,87,0,0,87,86,80,0,0,2,0,0,0
2056.5,1,0,1,1,1,50,82,82,0,82,0,0,82,82,71,0,0,1,0,0,0
2056.5,1,0,1,1,1,55,93,93,0,93,0,0,93,93,79,0,0,0,0,0,0
2056.5,1,0,1,1,1,60,285,285,0,285,13,0,285,276,215,0,0,1,0,0,0
2056.5,1,0,1,1,1,100,0,0,0,0,0,0,0,0,0,0,0,0,0,0,0
2056.5,1,1,0,0,0,0,5815,0,0,0,14,0,389,1889,0,0,210,0,0,0,0
2056.5,1,1,0,0,0,5,5790,0,0,0,0,0,0,1969,0,0,0,0,0,0,0
2056.5,1,1,0,0,0,10,6061,0,0,0,2,0,116,2116,0,0,127,0,0,0,0
2056.5,1,1,0,0,0,15,5776,0,0,0,1,0,1297,3339,0,0,1035,0,0,0,0
2056.5,1,1,0,0,0,20,5411,0,0,0,1,0,2498,4501,0,0,2021,0,0,0,0
2056.5,1,1,0,0,0,25,4872,0,0,0,0,0,2883,4682,0,0,2233,0,0,0,0
2056.5,1,1,0,0,0,30,4520,0,0,0,3,0,2810,4475,0,0,2170,0,0,0,0
2056.5,1,1,0,0,0,35,3977,0,0,0,3,0,2484,3971,0,0,1860,0,0,0,0
2056.5,1,1,0,0,0,40,3512,0,0,0,2,0,2209,3507,0,0,1699,0,0,0,0
2056.5,1,1,0,0,0,45,2932,0,0,0,6,0,1868,2932,0,0,1443,0,0,0,0
2056.5,1,1,0,0,0,50,2414,0,0,0,7,0,1507,2414,0,0,1158,0,0,0,0
2056.5,1,1,0,0,0,55,2026,0,0,0,7,0,1268,2026,0,0,935,0,0,0,0
2056.5,1,1,0,0,0,60,4396,0,0,0,54,0,2631,4244,0,0,2013,0,0,0,0
2056.5,1,1,0,0,0,100,6,0,0,0,1,0,0,0,0,0,0,0,0,0,0
2056.5,1,1,0,0,1,0,0,0,0,0,0,0,0,0,0,0,0,0,0,0,0
2056.5,1,1,0,0,1,5,0,0,0,0,0,0,0,0,0,0,0,0,0,0,0
2056.5,1,1,0,0,1,10,0,0,0,0,0,0,0,0,0,0,0,0,0,0,0
2056.5,1,1,0,0,1,15,0,0,0,0,0,0,0,0,0,0,0,0,0,0,0
2056.5,1,1,0,0,1,20,0,0,0,0,0,0,0,0,0,0,0,0,0,0,0
2056.5,1,1,0,0,1,25,0,0,0,0,0,0,0,0,0,0,0,0,0,0,0
2056.5,1,1,0,0,1,30,0,0,0,0,0,0,0,0,0,0,0,0,0,0,0
2056.5,1,1,0,0,1,35,0,0,0,0,0,0,0,0,0,0,0,0,0,0,0
2056.5,1,1,0,0,1,40,0,0,0,0,0,0,0,0,0,0,0,0,0,0,0
2056.5,1,1,0,0,1,45,0,0,0,0,0,0,0,0,0,0,0,0,0,0,0
2056.5,1,1,0,0,1,50,0,0,0,0,0,0,0,0,0,0,0,0,0,0,0
2056.5,1,1,0,0,1,55,0,0,0,0,0,0,0,0,0,0,0,0,0,0,0
2056.5,1,1,0,0,1,60,0,0,0,0,0,0,0,0,0,0,0,0,0,0,0
2056.5,1,1,0,0,1,100,0,0,0,0,0,0,0,0,0,0,0,0,0,0,0
2056.5,1,1,0,1,0,0,11,11,1,0,1,1,2,5,5,1,0,0,0,0,0
2056.5,1,1,0,1,0,5,7,7,0,0,0,0,0,2,2,0,0,0,0,0,0
2056.5,1,1,0,1,0,10,12,12,6,0,2,2,3,6,3,2,0,1,0,0,0
2056.5,1,1,0,1,0,15,82,82,22,0,0,0,18,46,15,17,0,18,0,0,0
2056.5,1,1,0,1,0,20,207,207,46,0,1,1,37,160,68,33,0,25,0,0,0
2056.5,1,1,0,1,0,25,173,173,30,0,1,1,46,160,71,32,0,17,0,0,0
2056.5,1,1,0,1,0,30,202,202,32,0,0,0,51,190,114,49,0,12,0,0,0
2056.5,1,1,0,1,0,35,175,175,38,0,1,1,36,169,95,29,0,17,0,0,0
2056.5,1,1,0,1,0,40,148,148,21,0,3,3,22,145,77,14,0,5,0,0,0
2056.5,1,1,0,1,0,45,176,176,15,0,2,2,21,174,105,15,0,11,0,0,0
2056.5,1,1,0,1,0,50,218,218,17,0,4,3,27,214,149,17,0,2,0,0,0
2056.5,1,1,0,1,0,55,202,202,3,0,3,3,20,196,144,25,0,2,0,0,0
2056.5,1,1,0,1,0,60,633,633,8,0,25,16,44,600,474,49,0,4,0,0,0
2056.5,1,1,0,1,0,100,1,1,0,0,0,0,0,0,0,0,0,0,0,0,0
2056.5,1,1,0,1,1,0,12,12,0,12,0,0,12,12,12,0,0,0,0,0,0
2056.5,1,1,0,1,1,5,10,10,0,10,0,0,10,10,10,0,0,0,0,0,0
2056.5,1,1,0,1,1,10,7,7,0,7,0,0,7,7,7,0,0,0,0,0,0
2056.5,1,1,0,1,1,15,66,66,0,66,0,0,66,55,46,0,0,1,0,0,0
2056.5,1,1,0,1,1,20,364,364,0,364,0,0,364,294,220,0,0,5,0,0,0
2056.5,1,1,0,1,1,25,681,681,0,681,1,1,681,616,480,0,0,7,0,0,0
2056.5,1,1,0,1,1,30,1051,1051,0,1051,1,1,1051,984,750,0,0,7,0,0,0
2056.5,1,1,0,1,1,35,1425,1425,0,1425,4,2,1425,1351,952,0,0,7,0,0,0
2056.5,1,1,0,1,1,40,1753,1753,0,1753,2,1,1753,1691,1170,0,0,10,0,0,0
2056.5,1,1,0,1,1,45,1766,1766,0,1766,4,2,1766,1708,1208,0,0,11,0,0,0
2056.5,1,1,0,1,1,50,1758,1758,0,1758,4,1,1758,1682,1260,0,0,12,0,0,0
2056.5,1,1,0,1,1,55,1753,1753,0,1753,9,4,1753,1691,1268,0,0,9,0,0,0
2056.5,1,1,0,1,1,60,5765,5765,0,5765,142,10,5765,5382,4302,0,0,10,0,0,0
2056.5,1,1,0,1,1,100,4,4,0,4,0,0,4,2,2,0,0,0,0,0,0
2057,1,0,0,0,0,0,5540,0,0,0,16,0,348,1825,0,0,171,0,0,0,0
2057,1,0,0,0,0,5,5638,0,0,0,4,0,0,1838,0,0,0,0,0,0,0
2057,1,0,0,0,0,10,6060,0,0,0,4,0,0,2118,0,0,0,0,0,0,10
2057,1,0,0,0,0,15,5663,0,0,0,5,0,446,2273,0,0,455,0,0,0,17
2057,1,0,0,0,0,20,5390,0,0,0,4,0,2124,3851,0,0,1673,0,0,0,38
2057,1,0,0,0,0,25,4680,0,0,0,4,0,2503,4137,0,0,1916,0,0,0,14
2057,1,0,0,0,0,30,4404,0,0,0,3,0,2597,4204,0,0,1975,0,0,0,3
2057,1,0,0,0,0,35,4108,0,0,0,11,0,2511,4036,0,0,1946,0,0,0,0
2057,1,0,0,0,0,40,3588,0,0,0,8,0,2280,3565,0,0,1760,0,0,0,0
2057,1,0,0,0,0,45,3046,0,0,0,7,0,1914,3040,0,0,1423,0,0,0,0
2057,1,0,0,0,0,50,2388,0,0,0,17,0,1512,2385,0,0,1169,0,0,0,0
2057,1,0,0,0,0,55,1901,0,0,0,12,0,1164,1900,0,0,880,0,0,0,0
2057,1,0,0,0,0,60,3416,0,0,0,96,0,2099,3364,0,0,1561,0,0,0,0
2057,1,0,0,0,0,100,1,0,0,0,0,0,0,0,0,0,0,0,0,0,0
2057,1,0,0,0,1,0,0,0,0,0,0,0,0,0,0,0,0,0,0,0,0
2057,1,0,0,0,1,5,0,0,0,0,0,0,0,0,0,0,0,0,0,0,0
2057,1,0,0,0,1,10,0,0,0,0,0,0,0,0,0,0,0,0,0,0,0
2057,1,0,0,0,1,15,0,0,0,0,0,0,0,0,0,0,0,0,0,0,0
2057,1,0,0,0,1,20,0,0,0,0,0,0,0,0,0,0,0,0,0,0,0
2057,1,0,0,0,1,25,0,0,0,0,0,0,0,0,0,0,0,0,0,0,0
2057,1,0,0,0,1,30,0,0,0,0,0,0,0,0,0,0,0,0,0,0,0
2057,1,0,0,0,1,35,0,0,0,0,0,0,0,0,0,0,0,0,0,0,0
2057,1,0,0,0,1,40,0,0,0,0,0,0,0,0,0,0,0,0,0,0,0
2057,1,0,0,0,1,45,0,0,0,0,0,0,0,0,0,0,0,0,0,0,0
2057,1,0,0,0,1,50,0,0,0,0,0,0,0,0,0,0,0,0,0,0,0
2057,1,0,0,0,1,55,0,0,0,0,0,0,0,0,0,0,0,0,0,0,0
2057,1,0,0,0,1,60,0,0,0,0,0,0,0,0,0,0,0,0,0,0,0
2057,1,0,0,0,1,100,0,0,0,0,0,0,0,0,0,0,0,0,0,0,0
2057,1,0,0,1,0,0,24,24,5,0,1,1,0,1,1,1,0,0,0,0,0
2057,1,0,0,1,0,5,10,10,0,0,1,1,0,3,3,0,0,0,0,0,0
2057,1,0,0,1,0,10,14,14,0,0,0,0,1,2,2,1,0,0,0,0,0
2057,1,0,0,1,0,15,17,17,4,0,0,0,2,8,5,2,0,4,0,0,0
2057,1,0,0,1,0,20,62,62,15,0,2,2,13,41,18,11,0,12,0,0,1
2057,1,0,0,1,0,25,159,159,25,0,0,0,44,127,72,28,0,40,0,0,1
2057,1,0,0,1,0,30,180,180,29,0,0,0,42,165,101,38,0,31,0,0,0
2057,1,0,0,1,0,35,176,176,24,0,1,1,42,172,129,38,0,24,0,0,0
2057,1,0,0,1,0,40,232,232,26,0,3,3,54,231,182,43,0,25,0,0,0
2057,1,0,0,1,0,45,144,144,24,0,2,2,29,142,100,23,0,12,0,0,0
2057,1,0,0,1,0,50,117,117,17,0,3,2,20,117,83,14,0,6,0,0,0
2057,1,0,0,1,0,55,103,103,8,0,4,3,18,103,70,14,0,5,0,0,0
2057,1,0,0,1,0,60,271,271,19,0,12,5,27,259,189,26,0,8,0,0,0
2057,1,0,0,1,0,100,0,0,0,0,0,0,0,0,0,0,0,0,0,0,0
2057,1,0,0,1,1,0,6,6,0,6,0,0,6,6,6,0,0,0,0,0,0
2057,1,0,0,1,1,5,3,3,0,3,0,0,3,3,3,0,0,0,0,0,0
2057,1,0,0,1,1,10,5,5,0,5,0,0,5,5,5,0,0,0,0,0,0
2057,1,0,0,1,1,15,10,10,0,10,0,0,10,10,10,0,0,0,0,0,0
2057,1,0,0,1,1,20,31,31,0,31,0,0,31,30,29,0,0,2,0,0,2
2057,1,0,0,1,1,25,170,170,0,170,0,0,170,166,163,0,0,7,0,0,0
2057,1,0,0,1,1,30,332,332,0,332,1,0,332,330,326,0,0,11,0,0,0
2057,1,0,0,1,1,35,514,514,0,514,3,2,514,512,500,0,0,13,0,0,0
2057,1,0,0,1,1,40,716,716,0,716,7,4,716,710,683,0,0,9,0,0,0
2057,1,0,0,1,1,45,894,894,0,894,5,1,894,889,812,0,0,15,0,0,0
2057,1,0,0,1,1,50,936,936,0,936,8,2,936,934,822,0,0,5,0,0,0
2057,1,0,0,1,1,55,957,957,0,957,8,1,957,951,787,0,0,4,0,0,0
2057,1,0,0,1,1,60,2964,2964,0,2964,103,10,2964,2841,2340,0,0,22,0,0,0
2057,1,0,0,1,1,100,0,0,0,0,0,0,0,0,0,0,0,0,0,0,0
2057,1,0,1,0,0,0,0,0,0,0,0,0,0,0,0,0,0,0,0,0,0
2057,1,0,1,0,0,5,4,0,0,0,0,0,0,0,0,0,0,0,0,0,0
2057,1,0,1,0,0,10,35,0,0,0,0,0,0,15,0,0,0,0,0,0,0
2057,1,0,1,0,0,15,113,0,0,0,0,0,9,43,0,0,9,0,0,0,0
2057,1,0,1,0,0,20,406,0,0,0,1,0,159,290,0,0,121,0,0,0,0
2057,1,0,1,0,0,25,569,0,0,0,1,0,307,508,0,0,232,0,0,0,0
2057,1,0,1,0,0,30,677,0,0,0,1,0,405,646,0,0,301,0,0,0,0
2057,1,0,1,0,0,35,620,0,0,0,1,0,383,610,0,0,284,0,0,0,0
2057,1,0,1,0,0,40,554,0,0,0,1,0,351,547,0,0,262,0,0,0,0
2057,1,0,1,0,0,45,486,0,0,0,5,0,311,484,0,0,242,0,0,0,0
2057,1,0,1,0,0,50,396,0,0,0,0,0,243,396,0,0,195,0,0,0,0
2057,1,0,1,0,0,55,299,0,0,0,4,0,213,298,0,0,152,0,0,0,0
2057,1,0,1,0,0,60,625,0,0,0,12,0,407,617,0,0,303,0,0,0,0
2057,1,0,1,0,0,100,0,0,0,0,1,0,0,0,0,0,0,0,0,0,0
2057,1,0,1,0,1,0,0,0,0,0,0,0,0,0,0,0,0,0,0,0,0
2057,1,0,1,0,1,5,0,0,0,0,0,0,0,0,0,0,0,0,0,0,0
2057,1,0,1,0,1,10,0,0,0,0,0,0,0,0,0,0,0,0,0,0,0
2057,1,0,1,0,1,15,0,0,0,0,0,0,0,0,0,0,0,0,0,0,0
2057,1,0,1,0,1,20,0,0,0,0,0,0,0,0,0,0,0,0,0,0,0
2057,1,0,1,0,1,25,0,0,0,0,0,0,0,0,0,0,0,0,0,0,0
2057,1,0,1,0,1,30,0,0,0,0,0,0,0,0,0,0,0,0,0,0,0
2057,1,0,1,0,1,35,0,0,0,0,0,0,0,0,0,0,0,0,0,0,0
2057,1,0,1,0,1,40,0,0,0,0,0,0,0,0,0,0,0,0,0,0,0
2057,1,0,1,0,1,45,0,0,0,0,0,0,0,0,0,0,0,0,0,0,0
2057,1,0,1,0,1,50,0,0,0,0,0,0,0,0,0,0,0,0,0,0,0
2057,1,0,1,0,1,55,0,0,0,0,0,0,0,0,0,0,0,0,0,0,0
2057,1,0,1,0,1,60,0,0,0,0,0,0,0,0,0,0,0,0,0,0,0
2057,1,0,1,0,1,100,0,0,0,0,0,0,0,0,0,0,0,0,0,0,0
2057,1,0,1,1,0,0,0,0,0,0,0,0,0,0,0,0,0,0,0,0,0
2057,1,0,1,1,0,5,0,0,0,0,0,0,0,0,0,0,0,0,0,0,0
2057,1,0,1,1,0,10,0,0,0,0,0,0,0,0,0,0,0,0,0,0,0
2057,1,0,1,1,0,15,1,1,0,0,0,0,0,0,0,0,0,0,0,0,0
2057,1,0,1,1,0,20,3,3,0,0,0,0,1,3,3,1,0,1,0,0,0
2057,1,0,1,1,0,25,15,15,1,0,0,0,1,9,6,0,0,2,0,0,0
2057,1,0,1,1,0,30,20,20,2,0,1,1,4,19,15,5,0,4,0,0,0
2057,1,0,1,1,0,35,10,10,1,0,0,0,2,10,9,3,0,0,0,0,0
2057,1,0,1,1,0,40,21,21,2,0,0,0,4,19,17,4,0,2,0,0,0
2057,1,0,1,1,0,45,9,9,1,0,0,0,2,9,9,2,0,1,0,0,0
2057,1,0,1,1,0,50,10,10,3,0,0,0,1,10,6,1,0,2,0,0,0
2057,1,0,1,1,0,55,13,13,2,0,0,0,1,13,8,1,0,0,0,0,0
2057,1,0,1,1,0,60,23,23,3,0,2,1,8,22,18,6,0,1,0,0,0
2057,1,0,1,1,0,100,0,0,0,0,0,0,0,0,0,0,0,0,0,0,0
2057,1,0,1,1,1,0,0,0,0,0,0,0,0,0,0,0,0,0,0,0,0
2057,1,0,1,1,1,5,0,0,0,0,0,0,0,0,0,0,0,0,0,0,0
2057,1,0,1,1,1,10,0,0,0,0,0,0,0,0,0,0,0,0,0,0,0
2057,1,0,1,1,1,15,0,0,0,0,0,0,0,0,0,0,0,0,0,0,0
2057,1,0,1,1,1,20,5,5,0,5,0,0,5,4,4,0,0,1,0,0,0
2057,1,0,1,1,1,25,21,21,0,21,0,0,21,21,21,0,0,0,0,0,0
2057,1,0,1,1,1,30,29,29,0,29,0,0,29,29,27,0,0,1,0,0,0
2057,1,0,1,1,1,35,50,50,0,50,0,0,50,50,50,0,0,1,0,0,0
2057,1,0,1,1,1,40,64,64,0,64,0,0,64,64,62,0,0,4,0,0,0
2057,1,0,1,1,1,45,87,87,0,87,1,1,87,86,82,0,0,1,0,0,0
2057,1,0,1,1,1,50,88,88,0,88,2,0,88,88,76,0,0,1,0,0,0
2057,1,0,1,1,1,55,87,87,0,87,1,0,87,87,74,0,0,1,0,0,0
2057,1,0,1,1,1,60,293,293,0,293,12,2,293,284,224,0,0,1,0,0,0
2057,1,0,1,1,1,100,0,0,0,0,0,0,0,0,0,0,0,0,0,0,0
2057,1,1,0,0,0,0,5830,0,0,0,11,0,414,1909,0,0,207,0,0,0,0
2057,1,1,0,0,0,5,5757,0,0,0,0,0,0,1949,0,0,0,0,0,0,0
2057,1,1,0,0,0,10,6061,0,0,0,0,0,110,2117,0,0,107,0,0,0,0
2057,1,1,0,0,0,15,5766,0,0,0,3,0,1288,3320,0,0,1125,0,0,0,0
2057,1,1,0,0,0,20,5396,0,0,0,0,0,2446,4450,0,0,1896,0,0,0,0
2057,1,1,0,0,0,25,4881,0,0,0,2,0,2855,4697,0,0,2223,0,0,0,0
2057,1,1,0,0,0,30,4537,0,0,0,2,0,2842,4492,0,0,2263,0,0,0,0
2057,1,1,0,0,0,35,3958,0,0,0,3,0,2494,3952,0,0,1991,0,0,0,0
2057,1,1,0,0,0,40,3549,0,0,0,3,0,2219,3546,0,0,1642,0,0,0,0
2057,1,1,0,0,0,45,2966,0,0,0,4,0,1904,2965,0,0,1401,0,0,0,0
2057,1,1,0,0,0,50,2471,0,0,0,6,0,1549,2471,0,0,1166,0,0,0,0
2057,1,1,0,0,0,55,2052,0,0,0,11,0,1277,2052,0,0,1009,0,0,0,0
2057,1,1,0,0,0,60,4477,0,0,0,71,0,2715,4331,0,0,2020,0,0,0,0
2057,1,1,0,0,0,100,6,0,0,0,0,0,0,0,0,0,0,0,0,0,0
2057,1,1,0,0,1,0,0,0,0,0,0,0,0,0,0,0,0,0,0,0,0
2057,1,1,0,0,1,5,0,0,0,0,0,0,0,0,0,0,0,0,0,0,0
2057,1,1,0,0,1,10,0,0,0,0,0,0,0,0,0,0,0,0,0,0,0
2057,1,1,0,0,1,15,0,0,0,0,0,0,0,0,0,0,0,0,0,0,0
2057,1,1,0,0,1,20,0,0,0,0,0,0,0,0,0,0,0,0,0,0,0
2057,1,1,0,0,1,25,0,0,0,0,0,0,0,0,0,0,0,0,0,0,0
2057,1,1,0,0,1,30,0,0,0,0,0,0,0,0,0,0,0,0,0,0,0
2057,1,1,0,0,1,35,0,0,0,0,0,0,0,0,0,0,0,0,0,0,0
2057,1,1,0,0,1,40,0,0,0,0,0,0,0,0,0,0,0,0,0,0,0
2057,1,1,0,0,1,45,0,0,0,0,0,0,0,0,0,0,0,0,0,0,0
2057,1,1,0,0,1,50,0,0,0,0,0,0,0,0,0,0,0,0,0,0,0
2057,1,1,0,0,1,55,0,0,0,0,0,0,0,0,0,0,0,0,0,0,0
2057,1,1,0,0,1,60,0,0,0,0,0,0,0,0,0,0,0,0,0,0,0
2057,1,1,0,0,1,100,0,0,0,0,0,0,0,0,0,0,0,0,0,0,0
2057,1,1,0,1,0,0,13,13,4,0,0,0,4,7,7,4,0,0,0,0,0
2057,1,1,0,1,0,5,8,8,0,0,0,0,0,3,3,0,0,0,0,0,0
2057,1,1,0,1,0,10,11,11,6,0,0,0,3,6,2,1,0,3,0,0,0
2057,1,1,0,1,0,15,92,92,36,0,2,2,19,54,15,12,0,23,0,0,0
2057,1,1,0,1,0,20,213,213,46,0,0,0,60,169,76,49,0,28,0,0,0
2057,1,1,0,1,0,25,200,200,44,0,3,3,51,183,83,37,0,19,0,0,0
2057,1,1,0,1,0,30,200,200,44,0,2,2,46,189,94,28,0,11,0,0,0
2057,1,1,0,1,0,35,164,164,32,0,0,0,27,155,85,22,0,5,0,0,0
2057,1,1,0,1,0,40,136,136,20,0,0,0,22,132,68,16,0,6,0,0,0
2057,1,1,0,1,0,45,184,184,12,0,6,5,23,180,116,19,0,12,0,0,0
2057,1,1,0,1,0,50,206,206,11,0,5,4,17,199,138,15,0,6,0,0,0
2057,1,1,0,1,0,55,208,208,7,0,5,2,20,202,148,18,0,4,0,0,0
2057,1,1,0,1,0,60,622,622,21,0,23,10,57,594,475,58,0,10,0,0,0
2057,1,1,0,1,0,100,1,1,0,0,0,0,0,0,0,0,0,0,0,0,0
2057,1,1,0,1,1,0,11,11,0,11,0,0,11,11,11,0,0,0,0,0,0
2057,1,1,0,1,1,5,10,10,0,10,0,0,10,10,10,0,0,0,0,0,0
2057,1,1,0,1,1,10,7,7,0,7,0,0,7,7,7,0,0,0,0,0,0
2057,1,1,0,1,1,15,71,71,0,71,0,0,71,58,52,0,0,2,0,0,0
2057,1,1,0,1,1,20,345,345,0,345,0,0,345,277,212,0,0,2,0,0,0
2057,1,1,0,1,1,25,697,697,0,697,1,1,697,634,490,0,0,4,0,0,0
2057,1,1,0,1,1,30,1052,1052,0,1052,1,1,1052,985,755,0,0,10,0,0,0
2057,1,1,0,1,1,35,1430,1430,0,1430,0,0,1430,1361,975,0,0,8,0,0,0
2057,1,1,0,1,1,40,1751,1751,0,1751,3,3,1751,1683,1151,0,0,17,0,0,0
2057,1,1,0,1,1,45,1752,1752,0,1752,7,3,1752,1703,1197,0,0,12,0,0,0
2057,1,1,0,1,1,50,1776,1776,0,1776,7,1,1776,1699,1263,0,0,7,0,0,0
2057,1,1,0,1,1,55,1758,1758,0,1758,10,3,1758,1696,1288,0,0,7,0,0,0
2057,1,1,0,1,1,60,5835,5835,0,5835,97,13,5835,5468,4354,0,0,10,0,0,0
2057,1,1,0,1,1,100,4,4,0,4,0,0,4,2,2,0,0,0,0,0,0
